    -112.44100     -118.74400     -170.34000       37.30440        8.49585        2.38149        161055.00      0.03333      0.22896
    -186.40800     -132.61000      -64.95760       59.88240       32.14040       10.55990        240506.00      0.03839      0.14677
     -85.17680       35.42520     -167.86600       29.44740      -52.53490       81.36550        965962.00      0.09842      0.95625
     -59.96120      191.60600      -38.20090       26.04650      -16.60250       -1.78391        585049.00      0.06327      0.69933
       7.35880      -44.24640     -184.28900       18.61050      -19.31620      -54.61360        229007.00      0.05722      0.23794
      -2.86200     -194.88800       18.71280       -2.92904     -183.48200       25.03440        133171.00      0.14630      0.42672
     125.07300      141.80200       -8.49824      -10.40030       13.24760        3.54046        362962.00      0.04928      0.31462
     -21.36480      -17.27240     -174.70600       31.62320       17.53540        6.61748        970847.00      0.11941      1.54759
      18.87680      -36.42840     -168.15400        0.03872       30.59420       35.08320        732837.00      0.04276      0.45942
     -53.64680     -163.17700       78.88270      -25.56070      -85.14470       36.86240        227074.00      0.03558      0.24118
      71.73920      123.22700      -80.61640      -38.15000      -37.50220       11.68840        389997.00      0.05013      0.19655
      84.18640       73.66360      206.06400       12.68930       -5.78132       71.86790        256456.00      0.03602      0.29995
    -108.94900      103.31600      -70.33950       19.56390        5.54756       24.36160        461314.00      0.05745      0.68279
      56.79840      -13.57000     -147.38000      -15.57460      -26.59190       43.85450        598731.00      0.08507      0.92636
     115.02900      -54.18880      -69.09370      137.97700      -40.82900      -67.90750        840468.00      0.17934      0.86893
      83.27320      142.57000        2.86346       55.97820      102.12300      -14.50160        220548.00      0.03170      0.39598
     -60.23240      116.42000      154.09700      -19.02080       48.40550       95.05500        336332.00      0.05255      0.24691
      71.92000      136.49900       57.89860       66.88380       96.83730       26.42810        818625.00      0.07413      0.57247
       4.44880     -147.60900       52.13900      -24.16980      -20.70350      -23.26080        722253.00      0.05588      0.77205
      40.59520     -123.45500       95.48990        4.35925       78.10410      -41.58010        398104.00      0.07519      0.80670
      38.48720      -28.36600     -139.53300       20.02560      -31.14520     -105.54000        330546.00      0.07531      0.31133
     -64.93200        6.33520     -131.38500       26.93890        4.77189       -2.21036        183694.00      0.05692      0.29044
    -129.86600      -28.00560      -41.91900     -174.58200      -31.55440       -6.44031        632005.00      0.10353      0.69877
      -7.26000      133.49100      134.01600        9.09743       85.55450       82.86940        374638.00      0.05778      0.68004
      89.19280       69.79920      -77.03020       62.79590       26.23840        6.68122        339930.00      0.03405      0.33623
     -74.27440      -70.18920      -98.20170      -11.55040       15.97370       30.51720        873655.00      0.04261      0.59704
     128.80500       28.99880      -12.59830       58.50890       62.16450       -9.48851        119187.00      0.04105      0.27496
      -5.79160       61.36160     -127.99300       -7.45176       15.33790      -55.24830        267020.00      0.09478      0.78152
     -78.68360     -112.42500      -19.09310      -14.95270        3.95340      -21.95210        343801.00      0.09737      0.30941
    -105.86500       58.24880      -51.20720       15.54480       -1.15643        1.83051        163410.00      0.05307      0.17992
      86.88840       45.42840      -74.96410       18.44860       39.60990      -77.66300        243059.00      0.06038      0.50813
     116.58400      -40.41480       19.51270      127.68500      -20.81470       32.84860        601663.00      0.10382      0.53682
     -92.49440      -10.99000      -84.14580       79.42280        7.98037       37.30710        501151.00      0.05376      0.70805
     -59.43440     -116.16200       23.33580      -41.05670      -19.32240       32.52190        186753.00      0.05423      0.29342
     -70.10760       27.76480      -98.88000        2.60788       -1.38622      -29.66010        130743.00      0.04212      0.28629
     -21.42800     -110.71300      -55.44830       -9.71047       38.76320       -5.83324        117176.00      0.07010      0.35341
     -31.05800     -122.39800       19.19940       -2.23552       10.52440      -10.18410        213877.00      0.04668      0.23799
       1.93080     -123.03700       -7.73657      -13.48870      101.29600       51.68640        951718.00      0.06039      0.77709
      75.90320       16.18200      -85.27280      -84.11490       37.03360       81.50710        249083.00      0.05666      0.24270
     -39.92160      116.29500       65.16770      -32.08030       56.94120       50.03850        156482.00      0.03927      0.18353
      89.61520      -25.19120       85.90770       21.31190       -1.29848       41.88780        412268.00      0.07541      0.51773
     -76.76520      -91.52080        3.11114      -22.59340      -33.85600       54.61480        703294.00      0.11279      0.71514
      84.57840      -58.96320      -43.63640      -30.07150       28.67680      -33.90930        999177.00      0.08014      0.98890
      92.80600       68.80800       -7.24224       54.50570       38.46440      -33.72290        807090.00      0.05686      0.98563
      33.27680      118.31000       20.10010       16.14040       34.38720       24.98560        170304.00      0.03317      0.30254
      40.70680      -85.52880       82.27010        4.54894      -85.54030      116.59900        845997.00      0.10301      0.57615
     -31.65200      -10.85920      147.67500       -0.65015       -5.65059       41.17120        524806.00      0.03629      0.69798
      74.58600        8.93720      -79.08080      136.63500        8.67548      -61.05180        559805.00      0.06406      0.93974
    -106.33000       -8.92640       41.23680       98.63250      -33.53840      -14.15200        260359.00      0.02838      0.38937
       6.97080      -57.98680      121.52800       10.86500       41.04330      -14.94620        335198.00      0.05152      0.41205
      11.06560       12.60120     -115.25600       10.88620       21.87060      -77.33840        142686.00      0.03157      0.30678
     -72.07800      -78.83520      -24.35520      -26.91520      -29.77930      -41.43820        161239.00      0.04846      0.18164
     -31.36280      -29.41920      132.08000       -0.41246       -3.63937       73.38630        122056.00      0.03255      0.17453
      25.19680       41.44080      132.69500        5.90835       -9.11463      -24.63260        820383.00      0.10662      1.18268
     -54.87520      -91.79680       30.33140      -36.34610     -116.39800       29.83130        194956.00      0.03080      0.31870
    -223.54500      252.86700      560.87300       -7.19040       16.01240       11.77810        503221.00      0.05253      1.43634
     -27.20680      -45.90720      -98.93660      -14.82180       -1.37227       66.54590        171144.00      0.03209      0.18534
     -49.02200      -95.43520        6.74757      -81.95470     -156.04800       -8.90514        437195.00      0.03640      0.41526
     -27.67440      -71.53320      -78.93550       11.29310       65.51320       23.03790        396213.00      0.05264      0.32014
      45.77320       46.12880      111.55200       22.89350       22.22590      119.24900        204266.00      0.03611      0.14587
      84.39480       56.09000       -6.05024     -145.39300     -122.54500       22.57560        646390.00      0.12369      0.89916
     -27.91880       28.69240      -98.61790      -45.08270       65.46240     -150.32900        121968.00      0.03963      0.27863
      80.05800      -48.40760       -7.41778        7.84315        1.74255       37.50680        495326.00      0.03899      0.34424
     -40.24800      -48.09360      103.63300       29.72380       15.54120       -4.39196        136233.00      0.03675      0.37512
     -28.00360      -98.87360       -2.57768      -35.26710     -158.31800       17.07940        378994.00      0.07057      0.31920
      42.07480       89.76600      -20.15250       34.28750       89.18330      -52.42670        298221.00      0.08460      0.39666
     -82.76760      -12.95320       68.77910       22.75550       21.56900       38.59290        894245.00      0.06549      0.61054
      74.85880      -37.48400       53.98470      -83.93600       26.63980      -67.73830        161601.00      0.03393      0.49135
      -1.60000      105.70700       24.23240       19.91840      -46.52930      -23.87770        427824.00      0.03049      0.33562
     -45.60040      -65.19640       75.58500      -29.77590       -7.59087       86.09480        369947.00      0.04290      0.55731
     -24.55320       97.86920       -1.56192        9.79969      -63.83910      -15.13040        566813.00      0.05523      0.73999
     -52.22120      -38.31760      -74.05170      -45.28970      -13.18170      -87.10800        112840.00      0.06675      0.28157
      69.21320       41.59920       62.01350      -91.83290      -89.71800     -113.17300        553175.00      0.07212      0.70490
     -10.33360       80.37560      -47.40860       12.78120      111.31100      -15.54010        294427.00      0.04197      0.64070
      38.88920       53.92000       91.48420        9.82004      -28.19170       49.53450        170752.00      0.04095      0.14431
      23.45480       80.16480      -40.50010       35.04900      211.00000     -108.97000        566201.00      0.07474      0.43188
      22.95600      -10.47960      110.86500       17.20040        8.04888       62.10440        185950.00      0.03794      0.24597
     -41.50960      -65.99800      -51.07540       38.82390      -36.80120      -34.78700        201423.00      0.03407      0.38920
     -17.86080       85.44360      -29.63800       27.46280      -66.60620        4.92472        239730.00      0.03384      0.25204
     -33.06880      -41.84520      -80.17770      -65.18150      -47.25830     -209.17300        138807.00      0.03489      0.28578
     -40.83960       -3.55600      104.60200      -23.48360       47.71910       48.57980        328601.00      0.04452      0.31995
      52.09200      -67.93600        3.55824        0.17673      -55.53710       47.46460        442059.00      0.07677      0.53004
      55.12000       46.38320       73.05300      104.63000       91.72960      136.55400        959740.00      0.07100      0.79715
      43.77720      -53.28880       66.49160      -14.00470      -12.46580       38.93740        112907.00      0.04799      0.17952
      56.53160       57.51000      -32.41070     -105.77100      -80.43580       55.72380        264929.00      0.07148      0.23858
     -24.15200      -74.23800      -49.92470      -43.79610      -22.33480      -43.80440        118858.00      0.04646      0.14374
     -72.15880      -47.93440       10.00540     -137.16800      -32.76690        3.39377        134947.00      0.03459      0.22449
     -80.78520       21.29040       10.46190     -113.42400       -1.88584       28.60240        213874.00      0.04288      0.23786
     -17.17280       24.13680      110.55600        1.57267      -38.07410     -132.58700        388221.00      0.12011      0.39997
     -23.84240       -2.89680      -90.30820      -71.51850       13.61820     -163.95400        102988.00      0.03758      0.22508
      -4.39160      -87.94400      -13.28800       -6.11579       43.84700        1.90015        398929.00      0.06286      0.52599
      34.95520      -11.76960       95.34360       57.50620       43.73000       96.56160        150626.00      0.03514      0.14302
      13.24680       81.00840       54.33610       31.48140       68.51510       29.39500        101607.00      0.03323      0.11036
     -52.64360      -65.59720       16.95380       44.92900       48.93260       40.58480        733228.00      0.04334      0.76220
     -62.13000      -51.18440      -16.12160      -22.92090      -49.81520      -30.86590        245563.00      0.04097      0.31383
     -16.36440       86.09120        9.07514       -7.29904       71.41460      -39.42650        251618.00      0.03585      0.30996
     -23.85640      -82.50760        6.14259       40.24680       57.13160       29.23730        156300.00      0.03167      0.18764
     -24.10600      -80.39000       -3.47501      -15.54760      -34.38270      -65.37120        296023.00      0.03356      0.31705
       4.55600       84.10960       34.64850       -4.77601       52.24370      -10.16280        290231.00      0.04308      0.25032
      -0.77440       83.56320       36.74490       -3.63571       28.16170      -14.11610        294419.00      0.03936      0.15004
      33.64800      -66.76200       33.70120      -48.63060      209.04800     -161.79000        961145.00      0.05550      0.59370
      64.08080       37.21800      -19.36930       50.46160       25.91080      -89.91520        255149.00      0.03269      0.31979
     -52.94200      -55.34000      -18.89300       57.51990       56.11080       60.16900        134405.00      0.03337      0.18577
     -55.80000      -53.44560      -12.11590       69.76710       19.50070       39.06020        910951.00      0.04765      0.36113
     -44.67360       65.55240        5.82451       38.22450      -71.26780       36.57650        536870.00      0.05521      0.54727
      17.98360       62.51920       69.40750       10.98440       38.57570        5.63136        134449.00      0.03263      0.28344
      17.13480       34.73600       92.84020      -13.06260      -42.63870     -112.53100        174023.00      0.03313      0.30128
       5.18000       34.40400      -73.43220       29.07470      -41.48210      -12.10850        128564.00      0.03307      0.18088
      16.52520       73.92720      -23.43370       45.56320       20.96630       43.88470        123641.00      0.04005      0.14103
       2.84560       39.01640       90.32890       33.92180       -2.36859       65.47610        108815.00      0.05939      0.18007
      43.85320      -48.22480       40.07810      -62.81990       76.42480     -153.83000        261371.00      0.05733      0.24247
     -64.59720      -26.11480       30.07070      -26.87040       31.46100      -24.36600        139234.00      0.02697      0.14166
     -13.14520       68.60600      -32.28100       29.63740     -164.35200       23.20100        356816.00      0.04838      0.25127
      24.77160      -38.11120       72.41750      -46.24070       29.63570     -110.55300        275676.00      0.04868      0.31328
     -26.01120      -33.28160       76.35200       75.09480       33.99650      -69.34950        338166.00      0.03678      0.55583
     -19.59960       21.63080      -71.57380      -20.27420      -46.04180     -100.39600        110096.00      0.03868      0.11058
      -1.86680       77.24880       14.12220      -21.74110        5.82221      -33.61160        148354.00      0.03416      0.14399
     -30.55280      -68.64480       -1.26949      -21.38810     -172.05400       13.33610        162091.00      0.06796      0.34907
      34.64840       30.18240      -58.01470      -68.65970     -121.76600      258.87100        259790.00      0.03343      0.18851
       2.30440       57.80240       67.52090       11.15720      -10.61440       62.94670        103053.00      0.03436      0.17839
     -40.44480      -39.31960      -47.46100       79.51700       33.63890      108.94600        382864.00      0.04066      0.41960
     -12.60040       56.82760      -42.75330      -12.32370      -17.27110        3.05018        292024.00      0.03496      0.33261
      12.92480      -28.74520       78.60960      -21.24200      -31.31610       35.40440        659905.00      0.04607      0.20580
      25.89680       43.70840      -51.56100      -31.25480      -12.78920      114.62000        329353.00      0.05377      0.32299
      40.85920       28.61240       64.86900       -2.48477       64.82360       17.01440        367651.00      0.04189      0.42343
      15.27600      -50.20760       57.82300       -4.69586      182.99400     -102.77900        707558.00      0.06065      0.43380
     -25.34160        1.03120      -70.96770      -89.01940       36.94610     -225.58800        635089.00      0.09706      0.67320
       5.37920      -34.13960       74.38630      -17.87520      -86.66070      161.87900        175886.00      0.03548      0.18726
      48.09880       47.52640        0.10489     -177.28300     -111.03800        1.01688        294306.00      0.03922      0.14866
      16.66520       68.37520       28.58180       18.29500      -99.68960       18.77000        645778.00      0.05705      0.57708
     -10.69320      -41.90440       66.56090      -11.32250       73.84800     -160.33900        349741.00      0.03499      0.25293
      29.88600       53.47000       49.29740       25.72510      175.31500      101.39600        268133.00      0.08597      0.37416
      43.49000       50.52960       17.98030        9.58571       47.58810       -9.52360        106636.00      0.04197      0.29112
      -2.39040      -30.62440       74.00850       -7.05686       14.83440     -138.15900        121489.00      0.03316      0.10998
     -20.68960       54.70480      -30.94210      -51.84240       41.83230      -56.23130        131940.00      0.02817      0.18519
      56.58000       17.84600       14.48120     -159.64500      -21.04430      -43.31700        510056.00      0.03331      0.26973
      32.56400       49.18840      -27.30110      -32.64040      -96.36090      125.06800        128626.00      0.02884      0.29853
     -30.29680      -48.44160      -37.53850      120.15000      142.54700      158.70200        777023.00      0.09384      0.43853
     -29.50240      -33.62680      -53.54460      -31.76710       33.69670      -10.54730        134017.00      0.03329      0.11085
      -8.89320       48.40960      -44.74670       29.47540      -11.60470       74.86730        470477.00      0.03485      0.26661
      21.45160      -17.48520       71.92350       -8.57141       59.92390      -23.84810        555321.00      0.05255      0.55706
     -54.80160      -25.34240       21.30000     -167.39800      -90.54140      105.02500        439991.00      0.04754      0.51016
      28.60840      -44.93880      -36.85030      -92.53310       84.15860       74.09010        127539.00      0.03302      0.23636
      52.89920      -13.64720      -22.02420       -8.84645      -26.26600        5.38435        129949.00      0.03772      0.23054
     -23.06240      -59.09680      -20.12400       80.07710      114.64400      115.10700        188128.00      0.03340      0.18627
      24.32880       -4.65160      -64.93340      118.10200       57.03460     -214.40400        155882.00      0.11623      0.35130
      22.99160       33.12160       68.15860     -118.58000     -111.35800     -188.25600        566231.00      0.06699      0.43544
     -46.62760      -12.64080       48.44390       12.34610       32.08070      -17.16980        236822.00      0.04292      0.32285
     -45.20080      -43.25640        6.70999      135.66900      124.41000       14.54930        147253.00      0.03302      0.23141
      14.96120       63.02040      -10.57740      -47.03500     -248.13100       52.02250        269649.00      0.09233      0.38211
     -11.10800      -25.73560      -65.87800       -8.68843       17.01650      -66.98060        545612.00      0.04817      0.34364
     -54.30200       19.49280        5.52880      -78.54860       41.67280       46.81430        125277.00      0.03178      0.14520
     -35.75320       -4.89240      -53.49430      -45.97200      -25.22360       18.51180        171179.00      0.04315      0.22966
      10.32280       17.87760       77.94770       64.93330       -6.30531      185.97600        438960.00      0.04005      0.44782
      10.46120       34.61800       70.93350       -4.88740      -54.89620      -31.54940        899327.00      0.06030      0.61819
     -21.53120       55.35720      -14.48010       73.28300      -87.51170       19.22120        171659.00      0.03349      0.31443
      -9.09800      -15.45440      -67.48760      -83.39940      -53.96040     -209.09200        111681.00      0.06631      0.27425
      32.82240       43.82640       39.17120      -39.96140      -70.65920      -21.05740        685380.00      0.10591      0.54848
      -1.49800       38.11680      -49.78420      -15.17230     -156.02100      135.22300        660353.00      0.12169      0.54570
      18.58440       48.80360      -30.75210      -81.92480     -103.71000       89.41000        256655.00      0.03108      0.19144
     -26.08040      -50.16320      -23.82790       29.82190      118.78200       26.27320        252238.00      0.03410      0.19829
      19.13280      -49.80440      -27.15070       -5.30364       65.35070      111.70700        227998.00      0.03195      0.31922
     -11.34840      -60.44480        3.56994      -22.71560     -106.34400      -34.54430        120054.00      0.03290      0.17807
      43.99920      -26.81640      -12.26620      180.56000     -164.08000     -124.91700        417844.00      0.03746      0.42365
     -40.70160      -36.02760       23.07060      210.37600      160.96500      -11.50850        343455.00      0.09116      0.40045
      34.05760      -42.49760        5.54205      -38.62750      -41.37450       15.94390        374683.00      0.03414      0.33950
      -2.18720       39.65320      -45.32640      -29.11710      -34.77000        2.62222        247775.00      0.04719      0.19070
     -25.58560      -32.19760      -47.01940      -71.63120       13.39850      -38.72260        177994.00      0.15554      0.42787
     -33.67320      -45.10160      -14.47820      -84.46220     -206.11100        7.36493        249739.00      0.04193      0.18685
      10.46400       59.24880        2.67060      -39.49100       52.65800      -19.29880        348204.00      0.04116      0.42862
      14.00360      -47.94480       33.71600       54.53010      -23.41420       43.11760        103396.00      0.03099      0.17677
       7.28360      -47.72760       38.51820      -51.25180       96.59030     -169.27500        346971.00      0.04592      0.32421
      27.21640       44.87400      -22.01230      -40.46390        1.93360       32.90950        562750.00      0.04699      0.34394
      -9.38000       45.34960      -32.66400       74.74020      -67.89550       -2.32458        379631.00      0.04018      0.15333
      30.74520      -40.07880       19.71700      109.97700      -84.35680        7.58026        240121.00      0.04527      0.38883
      33.42240        4.92040       52.94660     -122.22000       47.41390     -237.30500        276936.00      0.04063      0.39424
      33.12080       35.23440       38.47150       19.08980      -27.67750       89.86830        751474.00      0.05581      0.34709
       4.06800       -1.38000      -62.60980       -8.83149       59.38630      -49.66930        116900.00      0.04537      0.17579
     -18.46120        8.75800      -56.07740      -54.57110       72.55770     -121.93400        223758.00      0.03370      0.19136
     -23.77600      -43.08000      -30.42700     -103.73200     -113.31300     -163.32300        153277.00      0.03790      0.17851
      13.44960      -37.92240      -42.72660      -95.77610      113.61400      174.15600        547954.00      0.05292      0.43875
      -9.52760       46.60080       41.54080       -1.24942      -53.64090     -136.79200        398429.00      0.03408      0.33742
     -11.32960       31.96360      -44.23190       19.62310      -72.29340       14.33030        115458.00      0.03314      0.14132
      -8.19040       51.62960       30.56600       14.94430       80.29510       16.88920        108541.00      0.03639      0.23133
      -1.66120      -54.54560       16.93040      -41.25780      265.61900       -1.43561        180870.00      0.04089      0.18669
     -25.82120      -46.14720      -14.88080      -57.53840       27.37880      -69.20090        948747.00      0.08197      0.58878
      44.06120       20.78160       -4.43440       13.51030      -18.94600       41.72950        929192.00      0.04704      0.47934
     -26.91680       42.31240       19.87740      -71.95200       35.58430       61.94230        373230.00      0.05257      0.33529
      27.69640      -18.35920      -43.54550       64.03460       -9.46133     -154.51900        155774.00      0.03333      0.14573
     -17.14600       49.54400       16.42050       97.16350     -172.49400      -16.97170        362055.00      0.04748      0.41383
     -32.92960      -18.06400      -38.02830      -79.57820      -47.25440       11.79690        136158.00      0.02719      0.14642
      34.56960       -9.23840       40.99650      -64.07970      -13.23930      -52.36310        101602.00      0.03318      0.11008
     -15.77600      -50.81680      -12.24260       28.37460      205.39800       88.78220        961543.00      0.09359      0.58306
      37.85880       33.05920        7.73882      -79.14680      -68.03690      -35.88830        271565.00      0.03338      0.24032
      11.30560      -16.60680      -56.17450       14.13610      -56.40710      -99.20640        431968.00      0.09738      0.39720
     -29.60440      -33.78320      -28.70350      -21.54010      -22.71830       52.89420        100168.00      0.03176      0.18062
     -28.30200      -18.52160      -41.30630       70.03150       -5.04912       92.77640        169487.00      0.03045      0.11310
      -3.17160      -19.47800      -54.54030       37.79770      -51.10100       53.64650        872846.00      0.08386      0.45567
      -2.66920       27.31240      -44.63660      -36.00100      -77.19570      -42.36750        127200.00      0.03592      0.23128
      27.45760       34.37120      -19.59970      -84.33430     -104.04700       61.50300        173776.00      0.03420      0.23295
     -37.94960        6.28040      -23.06420       20.61780      -40.56170      -53.75340        102073.00      0.03352      0.08678
     -23.18760      -14.15960       49.13600       20.21970      -68.63690      -15.56940        262051.00      0.03348      0.19146
      14.22760      -28.28320       43.36830      -57.15300     -106.24000      140.46500        119591.00      0.03321      0.18315
      17.36000       45.45400       -7.99312       52.53130      128.63200       55.28040        132461.00      0.02944      0.18001
     -18.38560      -13.18200      -48.77810      -20.99940      -84.03430      -27.38920        170578.00      0.03130      0.18692
      -2.73560       38.35440      -29.81340      -36.58610      -56.39420      107.78200        240118.00      0.03162      0.14919
       9.08480      -42.97480       23.79770       17.60700      -28.79260      -56.25010        314177.00      0.02967      0.25699
      32.78040       20.83680      -22.83870        3.26754       16.74610      -50.43570        100987.00      0.02989      0.08725
      39.40040       14.18360       -7.21252      203.33700       88.54200      -59.04950        126254.00      0.03984      0.22190
     -28.74000      -36.65800       -4.59974      161.63600      180.67700       54.94820        577267.00      0.06756      0.43599
     -13.10320      -25.40320       46.29820      -80.25840      -14.26830       80.09200        491236.00      0.05576      0.33297
     -25.32920      -17.78440      -38.87300      123.32200       29.35420      118.97700        211917.00      0.03372      0.18593
      20.79680      -22.25840       39.86970       -7.44782       55.85570     -177.81600        159325.00      0.03588      0.23144
     -38.47280      -11.91960       19.55150      162.86300       74.38030      -11.17270        234674.00      0.03239      0.19668
      -5.98280        0.82400       58.90620      -89.68980       12.06920     -278.28500        502489.00      0.08871      0.41294
     -26.66400      -35.43480       15.02780      101.66100      154.73000       79.15270        637747.00      0.04971      0.27110
     -25.65280      -10.35960       43.69250      -16.36960       -1.22928       80.25230        292163.00      0.03713      0.19179
     -22.10360      -34.82840      -23.00210       27.65110       -1.20951     -102.10100        209961.00      0.03371      0.14748
      18.70400       42.02000        2.70595     -185.41900     -233.91200        0.37897        227371.00      0.04390      0.24154
      -1.91080       38.67480       35.38420       23.64650     -106.37900     -206.79800        204263.00      0.03200      0.24543
     -26.11720       27.17200      -16.21230      -48.59930      171.92200      -32.29770        198324.00      0.03372      0.14762
      19.25280      -33.63240      -21.03840      -34.91200       73.67540      107.91000        250184.00      0.05781      0.31035
     -26.58880      -11.24480      -34.77110     -130.36700      -86.41220     -157.49400        105455.00      0.03198      0.28336
     -15.54920      -25.05840       39.28570        6.78095       27.16330     -186.58000        163884.00      0.03305      0.23197
     -26.37720      -33.90040        6.00606      178.92200      108.12400      -63.72760        288129.00      0.03405      0.25755
      10.10320       26.99800       45.66510       89.91570      128.08800       41.33960        119271.00      0.05472      0.27021
     -14.16400       32.74680       34.63040      -34.52570       99.91830       63.20190        594933.00      0.05512      0.34711
      -7.93440       42.29560       -3.39061       16.41910     -169.45400      -83.01080        142167.00      0.03913      0.17759
      -1.46240        8.53600       54.95760       44.41130       63.64720      -33.32110        527585.00      0.04812      0.33136
       2.98400       37.29440       34.88350      -50.08990       64.47800       70.31370        498705.00      0.04752      0.25956
     -25.47800      -33.91600        1.29282       50.09960       50.07740       75.19980        129009.00      0.03062      0.18269
      29.52280       26.76440       15.46880       49.47280      -84.56590      -64.09080        452011.00      0.03092      0.33796
     -11.81920        9.94480      -43.32920       11.53700      -66.35770      -64.86070        195001.00      0.03354      0.14569
      -7.87480      -18.12680       44.89660       90.21480       96.89210     -213.92800        118589.00      0.03304      0.14033
     -35.07800       -9.02360       -6.30971        0.20987       42.73480      -59.97710        280769.00      0.03616      0.25900
     -22.99640       -7.51800      -35.49560      154.09200       -0.93076       40.51610        197746.00      0.03033      0.14955
      12.52800       36.91240      -12.08570       59.34410       93.79530     -134.86700        253504.00      0.04100      0.19745
      25.01280       -8.89680      -31.08220       -2.25383       84.29790      163.56000        137455.00      0.03305      0.18273
      -8.13760       -3.46400      -45.67000       28.58260      -45.99310        5.06649        118801.00      0.03313      0.23401
      -1.61600       40.31800       -5.21238      -11.39870      213.00300       90.85460        154142.00      0.05018      0.28535
     -27.78880      -11.81600       28.63840      113.70600        0.16204      -75.73260        109682.00      0.03397      0.18547
     -16.11720       20.63480       39.44710      -11.43110      109.50900      113.29600        272815.00      0.03257      0.32155
      25.92440       15.40160      -25.04700      144.60000       72.55620      -12.96060        994236.00      0.04538      0.36644
       2.53160       -1.86000      -46.26590       40.74980       55.28420      224.81900        438872.00      0.04472      0.19995
      26.86040       23.75840       12.60610     -176.42800     -110.04700      -49.62570        134197.00      0.03319      0.23553
     -27.45760        5.52760       27.99820     -130.14400      -31.88970       97.48990        262738.00      0.03160      0.15042
     -32.47040       -5.65920       -6.02473      -83.40260       57.98730        2.52444        105709.00      0.03290      0.22831
      23.46400       26.61880       -5.08593     -134.78900     -185.16400      -17.59740        113704.00      0.03977      0.21993
      -2.37760      -25.93760      -33.23760      -14.75440      -25.95010     -146.51100        137347.00      0.04304      0.14102
      13.70920        6.23120      -37.11890      -68.87640      -16.57770      201.55900        128145.00      0.04124      0.14015
      23.37920      -17.90840      -17.10710       -4.08128       37.69790      -57.24440        100652.00      0.03314      0.10984
      26.16960        1.66080      -21.63330     -114.81800       93.14420      181.27400        102950.00      0.03093      0.14219
      -3.56560      -33.67640      -15.33050       33.41820       34.35620      173.06100        540168.00      0.05183      0.26356
     -16.11280       28.27480        3.71529     -126.93200      192.24800      114.23800        126335.00      0.02772      0.18036
       5.61480       33.76840       -4.17347      -10.25980      -71.07930       58.12570        829267.00      0.04443      0.28121
      20.35560        2.88600       30.92670      111.14200        2.56594      304.29900        184129.00      0.05074      0.23195
     -24.99560       -4.90440       22.24820       73.04760      156.49800     -182.49200        558321.00      0.04245      0.44217
     -18.82320      -24.67440      -12.93230      -81.85050     -133.86400       -8.78103        113535.00      0.02877      0.08510
     -10.96600       29.13760       10.43080      209.20900     -290.68900      -35.79090        750139.00      0.05871      0.70671
      11.50720      -11.03680       31.97530       79.13330       16.12070      -96.11390        556904.00      0.05165      0.34615
     -13.33760       24.73960       -9.60500      -11.79710      196.93300     -166.08000        473252.00      0.03944      0.26230
     -13.79040      -28.33040        2.57143      -40.83600      -34.36210     -118.91000        388359.00      0.03590      0.26042
       8.33800       30.58480        3.22430       98.51000      326.99400      -58.75370        116448.00      0.03833      0.22762
       7.21880       17.98760       32.14290       82.20750      181.95100      122.17400        167036.00      0.03832      0.18677
      -2.03160       29.65920       -3.60668       -6.49865     -270.84000      -77.26290        120447.00      0.03421      0.17522
      12.06680      -18.40880      -23.27480      112.89000      -90.96930     -289.32200        119381.00      0.03309      0.23292
      18.34560       -2.06240      -21.41760      -40.96260      -39.82010      203.35600        126865.00      0.03763      0.14101
       1.98400       21.65560      -17.45670       44.82300      -19.13660     -219.24200        102991.00      0.02795      0.11145
      10.81120      -19.32360       15.27600      -20.87700      123.98300     -133.33400        124034.00      0.04264      0.18575
      18.35000       14.69360       -9.59073      145.04500       80.70030        3.36357        109559.00      0.03289      0.22810
      -1.14520       26.23640       -5.94590      -83.99930      265.17900      -94.61100        172018.00      0.03347      0.24242
      14.00400      -16.53280       14.45460      181.89600      -22.72800      100.10200        469144.00      0.03811      0.26496
      -6.74240       25.15200        2.13020       12.30610      -49.18010       81.67750        432835.00      0.03731      0.15761
      -4.51280       15.34640      -21.44160       22.81970      108.19600      125.28200        202495.00      0.03367      0.24770
      13.57440      -10.42240      -21.43620      -90.62830     -159.55500     -121.19800        109535.00      0.03335      0.18542
       8.06760       24.50680        8.64725      -20.72070      -43.97350     -140.88200        246311.00      0.03393      0.15000
      -3.01000       24.35880       -5.30069       -9.72666     -268.84500       94.69390        333383.00      0.03834      0.25223
     -18.85760       10.63040       -5.75364     -231.83700       94.77470       50.33910        177983.00      0.03147      0.14537
       6.96880       -9.66240      -26.50330     -116.65600        5.85386      197.55500        108181.00      0.02834      0.14366
      13.94840       18.32680       -3.42893      132.64900       81.27150       65.22230        260902.00      0.03222      0.32184
       8.28000      -10.03080       21.98680      -43.31480       68.95180     -262.49200        118342.00      0.03232      0.17899
      -2.51840       14.44440      -18.03560      -52.03380      189.85400     -110.20300        186550.00      0.02973      0.18631
      -0.14080       19.25560      -11.51130       -9.04803      269.97300       45.27450        325451.00      0.04646      0.19368
       6.52440       -6.20200       24.56100       85.01410      -90.08910      229.82300        700660.00      0.09953      0.43181
     -15.89200       -8.67360      -13.00520     -286.99700        0.30822      111.30000        431085.00      0.04332      0.25801
      17.06440       10.35960       -1.77729      324.12600      202.60500      108.24900        125685.00      0.04399      0.22464
      -5.67400      -10.38480      -22.98050      -90.85320     -128.00300     -125.53300        118027.00      0.03309      0.10950
       3.24040       19.93560       -7.56328       26.76750       97.46230     -163.77600        268867.00      0.03727      0.19437
      -4.58760      -18.41440       12.05590      138.94100      278.91400     -120.91700        364462.00      0.03434      0.25608
      13.39400        9.14160      -12.46990      157.04300     -138.42400      192.50000        297316.00      0.04555      0.15084
     -10.10840        2.88560       22.01590       98.63280     -140.15800     -231.30100        189590.00      0.04401      0.23845
     -11.43480        5.97440       19.77780     -149.30800      192.63000      286.39900        711218.00      0.05969      0.34420
       5.59080       14.72760      -13.67260     -103.48400      235.29100       23.19730        291153.00      0.02953      0.19835
      16.58640       -6.29120        1.86366      198.09300      -14.68720      277.69400        188784.00      0.03020      0.24293
       1.46120      -18.51880        8.89200       -7.75786      -11.77280     -186.17400        140132.00      0.04320      0.14458
       2.08200       12.35760       21.17350     -244.58400      -54.56590     -186.49000        112990.00      0.03314      0.10983
      -9.01520      -16.95080        3.66220     -212.44500     -155.08600       36.40820        160120.00      0.03769      0.18508
      -2.16080       -3.93280      -23.13660       26.05270     -211.10900     -270.14700        493394.00      0.04931      0.15457
     -11.54440      -14.84320        0.10825      -53.02700     -224.35200      194.78300        174922.00      0.03357      0.14595
      10.12840       -0.89760      -17.71140       33.42960      186.74800      230.43800        147605.00      0.02707      0.18587
       7.06280       16.77360        4.41391      -77.01300     -218.34000     -166.53100        167392.00      0.03615      0.23943
      -1.88320       14.90480       -9.68124      -17.19360      125.52500       27.86930        242844.00      0.02757      0.14911
      -2.76880      -13.70800      -15.19250       80.68770      -66.15590       85.59790        227304.00      0.03052      0.15156
      12.11480       -3.48480       12.51840       39.97250      112.42500      292.12200        412609.00      0.03058      0.20238
      11.85800       11.49720        3.31068      119.00500     -315.98400      132.59100        434363.00      0.07176      0.25246
      -7.97280        8.81360      -11.80000      -77.70720      150.64200      -88.37500        381198.00      0.02829      0.25632
       7.25000        0.30160       18.85420       49.48480     -293.07800      191.07700        194041.00      0.03327      0.18407
       4.54880      -15.65840       -4.46465      -11.45150     -234.37700       12.53870        112690.00      0.03057      0.23144
      -5.09760       -5.78880       17.18980       31.95950      -85.29140     -237.64700        542932.00      0.03892      0.15681
       6.19760       11.27320        9.71040      -68.76140       67.98090     -314.52100        169115.00      0.03376      0.11399
       2.02520        5.66480      -14.64290       93.77630      214.73600     -229.61200        132843.00      0.03338      0.11109
       0.90120        0.62760      -16.26380     -268.90200       65.78880     -162.27100        459014.00      0.03734      0.19967
      -4.16040       12.45480        1.90666      130.71600     -268.64200     -249.17200        126343.00      0.03860      0.17953
       1.24080        5.54240      -13.53650      -62.71440     -335.54500       74.85410        106327.00      0.02994      0.11043
       7.99400        1.03320      -11.15500     -232.99200        3.69815      258.65300        295197.00      0.03501      0.15054
       2.23280      -13.03680       -1.25426      198.05000       15.76630      375.05500        171314.00      0.03332      0.14329
     -11.01000       -3.69200       -0.44190      -59.40800      138.71500       38.52030        645549.00      0.03475      0.21814
      -5.32440        0.31680      -12.15120       86.00490      260.09300     -143.86300        207814.00      0.03156      0.11491
       4.96000        2.86720       12.92900       57.75880      143.36500     -284.87900        103078.00      0.03880      0.11027
      -0.21400       -1.88680      -12.51410        0.77407     -158.60400      268.01700        174878.00      0.04289      0.14608
      -5.60560       -5.17720        7.23324      215.71400      116.70300      -16.49900        991550.00      0.03311      0.16854
       4.00800        2.19920       -9.10068      213.72300      233.72400     -248.81300        182335.00      0.03787      0.14364
       6.97040        3.58720       -3.59016      236.55400      176.71300      172.49600        342909.00      0.03421      0.20020
      -3.36400       -1.31080        9.80334      111.81900      242.65400       -1.63703        121869.00      0.03390      0.08827
      -5.72360       -1.43720        5.07326        3.88439      -82.51290     -329.28600        101542.00      0.05326      0.17381
      -3.21200       -4.21520        6.15996      -86.74490      -53.82410     -427.93300        714256.00      0.04500      0.20759
       5.11440       -4.60160       -0.84696     -179.32800     -275.90300       94.62220        181734.00      0.03382      0.11440
      -1.16400        3.09080       -3.88996       69.31300     -112.50800      402.07000        111913.00      0.02926      0.08554
