      16.74720      119.07000     -656.69800       -8.24984      -12.27030       36.91650    2.7645100e+08      1.11764     24.73950
      45.65800     -127.62600     -635.30700       -8.68520      -10.31270      -26.56710    1.2246600e+08      0.63231     14.39500
     161.58500     -192.78700     -505.90400       -9.57727       26.18930       65.93120    2.9383800e+08      0.85974     32.65860
       0.34000      105.97000     -506.26600       -6.12097       27.25100      -40.09280    1.1056900e+08      0.46071     11.15400
     173.57000       -7.58600     -221.64500      -41.41510       19.18860       65.07000    1.2010800e+08      0.47093     11.82290
      74.66440      409.16800      100.19200        2.81415        7.04920      -29.60040    2.3374500e+08      0.82764     19.98120
      91.09480      415.27600      214.65700        8.29338       54.12890        1.25497    1.2757800e+08      0.63301     30.95200
     215.92700     -175.19500      348.48200        3.41851      -34.57040       13.70670    3.7310200e+08      1.06698     21.67230
    -125.50000     -152.37600     -184.08200      106.33200       76.33350      122.42200    4.8382900e+08      1.17668     16.01980
     194.09200     -189.76300       50.68180      -76.64660       34.13510      -49.01020    1.8316100e+08      0.61843     15.54470
     228.72900      -75.89760      366.00400        3.35698        1.38321       12.17550    3.6936500e+08      0.89889     23.42030
     223.25500      156.81900      214.69000       70.28130       60.36760       72.50410    1.1678600e+08      0.56415     10.82860
    -186.62300     -157.88700      107.23200      -68.88110      -37.59840       31.98760    1.5603300e+08      0.57960      8.78358
     170.41400      144.21600      206.77400       65.09790       67.13520       93.14210    2.3391900e+08      0.71964     12.27540
     151.52900       37.39000      446.26200       11.22700       21.56720       63.57280    6.6210100e+08      0.71679     20.58970
     127.95900     -157.86100      114.96000      -86.44540       50.14570      -84.52430    1.1236000e+08      0.66835     14.36230
     135.15800       46.39240      297.71000       -0.53150       19.62890       85.32410    3.9508900e+08      0.54946     13.93820
     103.92400       31.03240      334.21500        7.30034      -25.47810      -16.73830    2.7068100e+08      0.59123     13.53440
    -100.51700     -167.71200       23.71510      -88.67720     -102.54400      -28.37510    1.1124300e+08      0.49045     11.07790
      31.79760     -150.80000      174.86800      -51.38450       51.03170      -89.67000    2.5093600e+08      0.62601      9.82500
     -85.41040     -153.92100       93.51080       23.97360       99.69700        8.13013    8.6713900e+08      1.45604     18.32810
    -124.78300       78.93840       65.69890     -146.40900       39.91980      108.12900    1.0081900e+08      0.46690     10.27710
     -51.18040       98.59720      -71.27050      110.02400     -145.46800      159.22000    3.4773600e+08      1.01387     12.21520
     -49.27440       73.48960      -74.38180       -5.25918        2.90611       45.32720    1.2826000e+08      0.64787      4.68729
      89.77960       52.72480       61.72590      224.87800       93.83170       82.08550    1.8118000e+08      0.57562      8.15820
      39.46840       64.53200      112.66700       92.16820       55.26400      168.82500    1.3003000e+08      0.39522      6.50345
      -8.83680      -73.17560       98.47800        4.78698      -13.84830      129.66400    1.2419800e+08      0.52648      4.85014
      12.87880       24.58120      134.04900      -48.21090      -46.91670     -145.48100    2.3715300e+08      0.39723      5.74835
     -57.14200       -2.46480       97.60920       72.20710       18.69850      -95.52270    1.1175600e+08      0.35605      3.71846
     -13.40000       82.84000       33.32320     -136.21200      225.68700       40.46890    1.6324500e+08      0.40722      5.03608
       0.89360       56.07440      -30.83750        0.04283      -99.62850      -93.89700    1.4583600e+08      0.49995      3.76774
     -25.21760      -36.22000       34.02760      -29.04800      105.13400     -194.65400    1.1025100e+08      0.40538      2.70222
      14.01440       12.82600      -44.01870      128.70600     -104.21000     -306.10900    2.5737000e+08      0.86864      4.86252
      29.53640       22.44080      -19.27940     -207.08700       77.16360      250.60800    3.0159100e+08      0.66363      4.01562
     -18.51880       16.39800      -24.66880     -108.70000      -81.80590      243.85800    1.8341100e+08      0.39466      3.00320
       8.40760      -25.91760      -26.19820      164.17100      315.48800      125.15300    2.9290600e+08      0.65180      4.00399
      -9.27160      -18.74960       -6.42079      -41.60600      355.77600       10.49110    5.0884900e+08      0.93710      3.97724
       0.37320        1.26800       23.32840       96.14620       40.07540      343.36700    1.3562500e+08      0.44421      2.01593
