      33.53120     -364.23600     -778.40000       84.83140      -20.98080      -11.32190        23083000.      0.42430     10.17530
     607.34100      561.40700     -600.55200      -33.67990      -75.83620     -124.94100        26387300.      0.48572     16.07580
    -124.32800     -427.03200     -755.49700        5.90337       87.47920      -98.22330        49260100.      0.40675     17.87970
     471.53500      596.25500     -607.94900      -16.73830      -57.57830      -95.37370        30795100.      0.31959     11.96340
    1079.80000       -6.14320     -246.31300      -10.72170      -52.32640     -104.98300        15096400.      0.27658      8.02185
    1036.84000     -177.58800     -244.25900       -5.14564       15.91890     -102.15300        49403300.      0.56351     13.35680
     285.03200      143.53700     -558.67700       63.02830       68.53520       21.89570        85513900.      0.65178     12.22160
    -227.15300     -895.17100      237.52500      -29.17510       46.80670      -72.45470        38683400.      0.53448     10.99520
     315.24000       25.61280     -464.67600      132.68800       38.75140       37.95910        50054700.      0.45424     20.09650
     310.11700      -66.80840     -375.22000      -49.76820       20.27700       20.03410        11344900.      0.24538      6.86984
     -81.53360      169.61700     -425.04800      -47.42660       23.55080      -11.67050        25410300.      0.52434      7.41370
       9.11320       75.08520     -413.27000       28.03720      -20.83010       41.05840        96532900.      0.50087     10.67630
      79.21880      220.22200     -343.73900      -92.83150     -126.68900       -2.00219        33732900.      0.29701     16.61220
     287.28400      167.86700     -170.53700       53.89530       46.40620       77.62420        78495000.      0.57379     11.50480
     -18.28480     -172.74200     -279.09200       19.43090      -49.28950      120.54400        39458900.      0.38721      8.57018
    -116.01600     -243.05700     -160.65500        3.41046       42.43620      -61.04130        98097600.      0.64575      5.83265
    -255.86600       84.74840     -166.47100      114.07300      -90.22970       49.35660        22336700.      0.25301     10.72120
     271.89200      270.24700       65.32780       34.75950       -6.45715      136.42100        28488000.      0.44107     12.26230
       0.18840      745.10400      506.56600       46.37640      -75.28950        7.84729        34679900.      0.59552     11.78300
    -270.32000     -341.23500      962.02800      -57.86470       73.93170     -105.46800        10761200.      0.28612      6.61146
    -112.48600     -309.71600     1050.28000     -117.88500       -1.31566     -107.32500        82030200.      0.68054     16.24120
     -55.25760       92.62680     -270.37400      103.09500       40.52310       97.48750        95421700.      0.62513     13.22260
     -31.06440       -7.55360     1345.50000      -83.59790       30.82910      -93.34890        38970300.      0.33769     11.31080
    -621.06800     -118.33500      993.54700     -121.06000       27.29170     -139.45000        12983000.      0.18028     11.60680
    -488.25600      -83.92960     1254.34000      -42.26750       66.87270      -99.76140        32717000.      0.24690     11.73110
      12.51760      258.94800     -124.01400       62.88000      120.90200       51.84300        23443800.      0.43163      7.27670
    -566.88000       81.56000     1361.42000      -63.40230       69.77420      -81.49440        12284300.      0.21544      9.21141
      64.04680      299.78400      -60.17580       63.93170       80.75700       66.73520        18560800.      0.36626      7.02876
    -124.04600      401.21700     1414.34000      -80.87210       -1.00336      -83.98850        46108700.      0.58537     13.64100
    -209.43800      238.78700      -34.84950       15.71090      -17.41320       85.11860        60883100.      0.49440      6.80116
      -4.52400        6.24520     -261.59000      -54.48250      116.92600       26.09310        29654000.      0.34921      4.69725
      63.28000     -228.05600      383.06700       47.97560      -42.80580       73.00320        12662700.      0.27468      5.34787
      60.37440     -266.59400      121.70600       28.62130        2.92601      -19.19020        47279600.      0.35343      7.52825
    -128.75500      206.78200     1326.15000      -88.78530      -29.35310      -39.94590        60330600.      0.50405     11.60720
     -35.93880     -198.31400     -124.50500       16.18880     -152.84300       -8.89652        36747600.      0.32789      6.51310
      24.31200     -136.84000      740.22200      -52.02340       13.51600       32.64550        22833800.      0.25819     10.83170
    -568.16600      846.91600     1024.07000      -63.80550      -40.04060      -37.04800        15373000.      0.26134      5.34040
      38.37640     -244.53500       49.62640       77.56880      -78.19450      128.12800        62593900.      0.49560     11.90940
     189.76800       73.02440      389.64100      -55.02510      -86.62370       93.15340        26724300.      0.64460      9.03105
     155.04800       -6.82320      399.75900        3.61635       33.26430       33.98230        42221100.      0.35552     11.35250
     187.46700       91.47920      169.59900      118.79200      -46.82520       30.81370        83013800.      0.63550     16.34160
     146.69400      187.11400       38.21990      124.90000       71.62890      158.39100        34839700.      0.35139      9.69312
     130.61500       37.65680      336.08500      -80.41770      -98.65060       59.51000        14253100.      0.39027      4.83552
     -42.65080      -62.96640     -185.10200       37.30930      -35.32760      152.89200        75979700.      0.44988      5.89430
    -111.51900     -147.79000      -44.01680      -85.01310      -14.27040     -147.78800        13865600.      0.31731      5.10501
    -105.65500      494.32900      568.64600       29.74100      -85.71110      -50.22700        14657300.      0.42515      4.97554
      70.92600      145.55000      -69.50780        6.98742        4.67813     -112.44900        52624600.      0.38038      5.52123
     111.59900       40.97120      198.42900        8.08725       -4.37646       79.36160        69963000.      0.38158      5.82652
      -0.87000      157.02200      -45.93740      -35.12660      119.48200     -148.58500        11474500.      0.29338      4.69844
     -39.27280      210.85400      498.43900      -13.62640      -83.37330       79.69620        41266300.      0.54438      8.15052
    -101.05400      269.92400      933.10200       13.12370      180.00500      -32.41450        70468800.      0.62655     12.19400
    -102.46000       69.17480      138.03600      -25.20220     -112.52400       91.28710        43656300.      0.39858      3.81609
      -0.35840     -142.04800       53.47430      -28.86340       37.81720      -47.80340        79879100.      0.44628      5.96168
      10.35600     -136.19000       56.92230      -27.32120     -104.68500       -8.30349        38434600.      0.37413      3.97031
     -23.71120      -73.57200     -114.72300       44.91840      -49.29780      116.36800        11742800.      0.27655      2.37084
    -109.16000       16.81040      113.79800     -148.42700      -79.47890     -135.48100        98823300.      1.20358      8.68146
     -27.74640     -114.33900      -56.40450       74.80110        1.02658     -116.77000        98653400.      0.55737      4.46814
      -3.16280     -114.01600      -55.66620       -2.15212      -63.58280       91.51150        21191000.      0.35209      2.61005
      51.52680      120.44800       41.14120      -41.89750        9.74344       61.25670        10055800.      0.19786      2.45200
     -88.24720       73.22720       98.15240      -56.43750     -158.72300       88.66380        36463000.      0.27730      5.06125
     -54.38960       26.53600     -107.48900      188.11000      -89.27700       20.68030        10018000.      0.27874      2.26924
      55.07920       96.10680      -51.90890       48.76140       94.61070       70.06360        74778000.      0.32385      4.54509
     -55.03600       46.40920      -96.94900      -50.16960     -125.47600      -36.42400        99496700.      0.55390      4.48754
     -62.33320        6.11400      144.75200      -21.88070      -85.98910      155.18600        76943900.      0.40187      3.28950
     -62.56800      -74.65160      -62.66170      127.28900      131.83800      107.07900        94235800.      0.63491      5.70460
     -24.57760     -111.97400      -19.25310        9.60147      208.55000      -39.41200        83837300.      0.48467      4.35134
     -43.86040       32.67000     -101.70800       -7.90602     -138.62400       58.30220        18400100.      0.33508      2.52920
     -83.93640      -62.91160      -33.57950       52.97110      -39.77280      143.33000        55708600.      0.36264      4.24446
     -83.37520      -67.76160       -1.94097      198.96100      145.47100       12.79960        74582400.      0.42089      5.74542
      -0.37160      108.11000      -31.31470       27.16930      -83.52370       12.16810        96197700.      0.34310      4.83131
       7.34600     -108.29100        5.57314     -117.90500       35.62160     -127.12900        24105400.      0.31820      2.74628
      -6.98640       66.72560      -83.29010      -13.88030     -148.77000       55.01030        13218900.      0.22681      2.44836
      -4.97400       86.38480      -63.11090      -37.63910        2.18738     -173.42900        61784200.      0.38446      4.25766
      32.32920        2.26320      127.67800       72.31880       88.53710      -76.45120        11833200.      0.14045      1.92455
      46.85920      -30.75320      -83.70090     -173.59500     -163.69600       -1.02458        15550800.      0.27358      2.43592
      -2.93680      100.51100      -20.14480       88.12900       66.76080       88.28780        10285000.      0.23172      1.78743
      40.81680      -18.56840      108.51800      -21.42130     -146.42000       23.45910        41644900.      0.41808      2.97637
      18.73480      -51.12280       92.26920       13.97510     -237.50000       -0.79190        54803800.      0.46525      3.92932
      67.04120      -38.05400      -38.31650      -59.86800       44.63640     -172.10500        14495000.      0.20755      1.92398
      26.31280       85.59960        7.43331      -10.64300      -61.62560      -33.05670        61829300.      0.33233      3.41229
     -66.94280      -12.15200      -12.75350      -28.46390        0.94294       33.04070        11808300.      0.21277      1.93978
       8.93720      -68.76800       29.00230       29.54580       27.22340      185.63600        57387500.      0.40361      3.15433
     -16.44640       57.75080       41.47590      -95.05510     -102.80400       84.33490        33488600.      0.29828      2.23298
    -334.45800      224.75400      793.33300      -47.05020       85.37980      -81.27410        12137400.      0.14956      2.01469
     -47.57040      -37.46960       17.07890     -219.17400     -115.13100      146.85800        72248800.      0.45055      4.09929
      12.01040       44.44400      -45.17250       -0.20756      -58.43920     -178.02300        17872500.      0.20382      1.53071
     -22.57160      -34.01040       55.90440      -68.30250      -52.55430      -27.78540        56120500.      0.32260      1.82951
     -18.55280       54.98920       26.31420      148.94900      -79.02640      171.39900        14276300.      0.25990      1.87243
      49.73600       11.42440       20.71540      149.50900       -5.58655       91.25000        21743500.      0.19047      2.89645
      18.51800       45.94200      -25.16720      -86.60460     -122.83200     -235.45300        56011700.      0.50123      3.01555
       6.02440      -50.69280      -13.64280       14.95010       78.87990      176.85800        10254500.      0.21212      1.40641
      27.21200       44.86240        7.94218      -37.71120       38.85680     -210.94700        36971900.      0.29117      2.24158
      22.73600       42.64880       30.80690      -19.71630       19.60830      195.04700        32213100.      0.27925      1.66371
      33.83360      -15.25560       31.47120      -46.95450      152.16100       69.49380        13655600.      0.17333      1.49763
      39.22760       15.35360        7.01570      150.29300       27.65590     -223.99100        12043400.      0.21708      1.40221
     -37.04600        7.91560        3.04226      176.03600       27.90120      -72.41480        37190400.      0.29521      2.31148
      -8.30000       41.03400       -5.40455      -41.90300      -28.54920       70.47370        57215600.      0.35891      1.81527
       2.84120      -34.40040       19.18570      122.17100      193.09900       49.35870        44154500.      0.31452      1.72390
      -5.37520       29.21160       -5.06364      -54.96530       29.73060      101.01300        13871500.      0.13983      0.86186
      -3.28720      -10.73800        4.35021      -69.73250       10.32840     -423.86500        88143200.      0.45571      1.86395
