     -65.29720       -0.59880     -797.67400       56.23330       80.10690      -33.33340    2.8890600e+08      2.14498     45.44600
     805.83200      -43.30800     -387.41200      -34.49560       25.05960      -90.72690    2.8064300e+08      1.24253     22.74840
      16.74720      119.07000     -656.69800       -8.24984      -12.27030       36.91650    2.7645100e+08      1.11764     24.73950
     315.41400      114.39700     -626.72600       48.03560       86.94890        0.96334    9.6237800e+08      1.28460     32.58960
     -32.53840     -400.71000     -499.26900      -39.63380       65.10570        3.63568    5.8333400e+08      1.99385     27.48560
    -411.86300      675.18400     -333.57300        9.13067      -47.25860      -13.35510    5.0751500e+08      1.04794     33.26800
    -408.91200      181.11800     -324.12900       43.23300      -84.91770       32.31960    5.5975700e+08      1.33251     36.63180
       9.42840      -61.48600     -492.96500       30.46250       -4.17108       28.09030    5.6919000e+08      0.69661     19.80510
    -370.60600      231.76300     -318.66700       39.61550      -96.01710       29.19940    4.0793500e+08      1.03530     37.99730
      41.77840       67.99320     -428.85900      -11.24050       69.29330     -100.67300    4.9044600e+08      0.79561     32.19730
     -95.22560       81.29480     -424.85900      -48.22390       43.40470      -31.85040    7.9770600e+08      1.48428     23.92150
     -21.25280     -398.22700      -90.78340       33.80620      -29.78880       87.86570    4.6595900e+08      1.03731     12.71010
     238.48000      407.45800      -26.06730       12.09710       20.94830      110.95000    6.1766000e+08      0.96929     28.87060
     -15.70320     -391.67500      -69.97200       38.71130       21.19520       68.73570    5.8734300e+08      1.21825     13.65310
    -102.36000      -27.34160     -286.82500      -21.70680       92.51520       -1.86004    3.1874000e+08      0.76479     13.36880
     173.57000       -7.58600     -221.64500      -41.41510       19.18860       65.07000    1.2010800e+08      0.47093     11.82290
      79.15400     -108.86800     -257.69300      114.91400       18.13640      -15.75500    4.4530800e+08      1.06613     12.81480
      -4.84440       15.57120     -266.73300       66.18520       86.70110       38.80420    1.2610500e+08      0.77481      7.87042
      55.48480      379.47400       75.76720       -7.67124       -0.39429      -46.32730    3.0131200e+08      0.74061     21.43590
      91.09480      415.27600      214.65700        8.29338       54.12890        1.25497    1.2757800e+08      0.63301     30.95200
    -224.38300     -259.95100      880.38800      -96.77790      104.16500     -117.15900    3.3431200e+08      0.77140     34.03620
    -224.74600      -99.31080      -87.27330     -134.28000     -120.91800      -72.92420    7.8741100e+08      0.90726     35.96560
     228.72900      -75.89760      366.00400        3.35698        1.38321       12.17550    3.6936500e+08      0.89889     23.42030
     195.92100       -6.28360     -112.10300      -26.97620       94.16840       87.47940    1.8922400e+08      0.59140      8.90105
      10.73560      222.95400      -95.23780       32.47580      -98.87240      111.25500    4.3093000e+08      0.74472     18.74850
     -25.56000      188.28900     -132.50000       -7.53933      -39.91440      -78.27080    3.5004300e+08      0.95976     12.50460
     170.41400      144.21600      206.77400       65.09790       67.13520       93.14210    2.3391900e+08      0.71964     12.27540
     151.52900       37.39000      446.26200       11.22700       21.56720       63.57280    6.6210100e+08      0.71679     20.58970
     138.27800      193.58000       48.96630      120.31800       85.78730      165.42000    2.1546700e+08      0.62701     27.24030
     135.15800       46.39240      297.71000       -0.53150       19.62890       85.32410    3.9508900e+08      0.54946     13.93820
    -100.51700     -167.71200       23.71510      -88.67720     -102.54400      -28.37510    1.1124300e+08      0.49045     11.07790
    -370.38800      612.58300      846.14900      -67.24540       49.46860      -81.55590    7.1992700e+08      0.86552     21.32460
    -286.83300       18.41080      461.88900      -91.57740      120.38800     -161.91300    4.4669800e+08      1.04358     31.17120
    -123.39800     -119.43600      -79.92170       62.62310      -72.62020     -148.10500    8.6893700e+08      1.53801     18.03720
       9.64440     -159.10000      -78.42970      -43.03870      138.95500     -158.72500    4.2793300e+08      1.04364     12.48330
     -85.41040     -153.92100       93.51080       23.97360       99.69700        8.13013    8.6713900e+08      1.45604     18.32810
      74.45720     -147.81700       11.04800       56.52480     -170.62500      -64.28730    2.1435700e+08      0.67979     12.06960
      -8.02840     -162.66400      -14.63200      106.82200      150.14900      -34.39270    4.8063000e+08      0.93587     13.32400
      41.57880      158.52800       50.67340       47.08790       60.37910      -90.90150    2.3345000e+08      0.56370      9.70393
      -1.38920     -145.54500       36.85250      138.45100       -0.33742      -89.20060    1.2886500e+08      0.62428      4.49723
      23.33520     -127.86800       67.17250      -73.56100     -128.75200     -146.81800    1.1841400e+08      0.54213      7.79843
      44.45560       68.60800     -104.44500     -126.00000      100.92800       56.67930    4.5228400e+08      0.97647      9.88465
    -110.62300        9.93400      -48.40440      -17.58180       39.91700      113.04000    3.1126200e+08      0.68248      7.41721
       4.51400       55.66120      170.94900      -53.59020      -99.43370     -124.18300    6.0521500e+08      1.46341     12.53840
      16.05160       59.06760      161.37100       23.93310      250.52300       12.39250    9.5260300e+08      1.35706     13.47610
     -49.27440       73.48960      -74.38180       -5.25918        2.90611       45.32720    1.2826000e+08      0.64787      4.68729
     -11.09040     -105.77600       59.25010     -120.63400     -150.63800     -145.02000    1.0390600e+08      0.55861      7.43225
      20.93480      -10.72240      139.60900      -23.45130     -128.72000     -188.19200    3.2039400e+08      0.73336      9.19253
      -8.83680      -73.17560       98.47800        4.78698      -13.84830      129.66400    1.2419800e+08      0.52648      4.85014
      12.87880       24.58120      134.04900      -48.21090      -46.91670     -145.48100    2.3715300e+08      0.39723      5.74835
      53.42520      -66.00720       61.31620      219.42300     -124.66500      -89.77910    2.5617200e+08      1.16033     10.70130
      41.29800      -43.46200       81.88680      138.38100      -69.78290     -100.71200    2.2843400e+08      0.74438      6.76092
      16.17920       74.93240      -21.41710      -64.67780       98.05370      193.18600    1.2224100e+08      0.54301      4.50055
      29.53640       22.44080      -19.27940     -207.08700       77.16360      250.60800    3.0159100e+08      0.66363      4.01562
     -18.51880       16.39800      -24.66880     -108.70000      -81.80590      243.85800    1.8341100e+08      0.39466      3.00320
      -9.27160      -18.74960       -6.42079      -41.60600      355.77600       10.49110    5.0884900e+08      0.93710      3.97724
       0.37320        1.26800       23.32840       96.14620       40.07540      343.36700    1.3562500e+08      0.44421      2.01593
