     161.58500     -192.78700     -505.90400       -9.57727       26.18930       65.93120    2.9383800e+08      0.85974     32.65860
     228.72900      -75.89760      366.00400        3.35698        1.38321       12.17550    3.6936500e+08      0.89889     23.42030
     223.25500      156.81900      214.69000       70.28130       60.36760       72.50410    1.1678600e+08      0.56415     10.82860
     170.41400      144.21600      206.77400       65.09790       67.13520       93.14210    2.3391900e+08      0.71964     12.27540
     151.52900       37.39000      446.26200       11.22700       21.56720       63.57280    6.6210100e+08      0.71679     20.58970
     127.95900     -157.86100      114.96000      -86.44540       50.14570      -84.52430    1.1236000e+08      0.66835     14.36230
     -51.18040       98.59720      -71.27050      110.02400     -145.46800      159.22000    3.4773600e+08      1.01387     12.21520
     -49.27440       73.48960      -74.38180       -5.25918        2.90611       45.32720    1.2826000e+08      0.64787      4.68729
      89.77960       52.72480       61.72590      224.87800       93.83170       82.08550    1.8118000e+08      0.57562      8.15820
      -8.83680      -73.17560       98.47800        4.78698      -13.84830      129.66400    1.2419800e+08      0.52648      4.85014
      12.87880       24.58120      134.04900      -48.21090      -46.91670     -145.48100    2.3715300e+08      0.39723      5.74835
     -57.14200       -2.46480       97.60920       72.20710       18.69850      -95.52270    1.1175600e+08      0.35605      3.71846
     -13.40000       82.84000       33.32320     -136.21200      225.68700       40.46890    1.6324500e+08      0.40722      5.03608
     -25.21760      -36.22000       34.02760      -29.04800      105.13400     -194.65400    1.1025100e+08      0.40538      2.70222
      14.01440       12.82600      -44.01870      128.70600     -104.21000     -306.10900    2.5737000e+08      0.86864      4.86252
     -18.51880       16.39800      -24.66880     -108.70000      -81.80590      243.85800    1.8341100e+08      0.39466      3.00320
       8.40760      -25.91760      -26.19820      164.17100      315.48800      125.15300    2.9290600e+08      0.65180      4.00399
      -9.27160      -18.74960       -6.42079      -41.60600      355.77600       10.49110    5.0884900e+08      0.93710      3.97724
       0.37320        1.26800       23.32840       96.14620       40.07540      343.36700    1.3562500e+08      0.44421      2.01593
