      80.08720       54.49920     -825.63100       -3.88123       -5.97915       -0.44970        36216500.      0.37894     13.12190
     450.93600     -293.52200     -606.37300      -11.72130        8.68792      -11.94200        44621200.      0.46406     13.34810
    -283.28600     -328.11000     -658.92900        7.37639       11.05070        0.87410        13862900.      0.31163      8.52443
      71.09560      242.93200     -716.19700       -5.07023        2.41027       12.33610        11047700.      0.20631      7.52569
     164.98600     -246.35200     -674.19600       -9.83784      -10.68580       29.78530        28311100.      0.40444     12.32670
    -114.98900     -253.55900     -705.07900      -30.16560       -2.74858       22.79540        22070000.      0.46721      8.71766
     185.54800     -261.13300     -658.68500       -3.22418       14.15490       27.89840        30015500.      0.47997     11.97650
    -380.07800     -198.02600     -604.71600       14.89250       21.20480        7.96128        32393300.      0.22617     13.14830
     195.72500      -80.89960     -685.41500       11.99980        0.24161      -12.00820        54387700.      0.55122     11.13240
     336.97400     -191.05100     -607.89800      -12.41800      -14.34030      -18.19550        56927200.      0.38708     12.50430
     225.92000     -532.93100     -442.81700       12.36560        2.38746       31.98840        20411200.      0.36024     10.63190
      27.12520     -172.70500     -675.84600      -21.12600       30.95750       29.26470        86917300.      0.74825     18.90060
    -348.66200     -366.31000     -519.77600       -5.27545       16.85190       22.46640        99745000.      0.78648     19.21160
    -287.26900     -375.74800     -506.04000        4.09853       17.82610       21.42410        18662800.      0.29387     18.68250
    -334.49800     -208.63000     -555.80000       28.45430       27.71880       15.71400        14473200.      0.23921      6.29298
    -267.40400     -364.27900     -515.62100       10.69910       15.88380       20.79050        28995100.      0.32757     15.49310
     -58.38440        7.35720     -672.52100        0.73602      -11.96320       39.14250        22483200.      0.35100     14.87260
     311.52500      -74.04840     -588.25700      -15.04180        7.70677      -13.14510        22791700.      0.31492      8.07578
      80.62400     -165.25300     -625.73400        1.36454       -7.16092       51.32090        34092500.      0.35162     16.00340
    -186.47000     -361.79800     -525.56100       26.11860       26.56130       27.24630        15088200.      0.34881      8.04168
    -144.00800     -274.23600     -537.78600       23.95380       34.08310       37.10230        12003700.      0.22953      8.29998
    -315.03000     -161.07500     -513.48500       33.96610       27.50920       30.77900        15756100.      0.27009     10.02000
    -271.80800     -257.21200     -484.15000       36.06800       20.40870       38.68300        16563500.      0.27395     11.04040
    -297.61800     -310.43900     -447.78800       -9.08754      -24.20450        5.27898        17809900.      0.31781     11.79720
    -344.79300      758.35400     -338.15600       15.70820      -37.19620       -9.36325        15370900.      0.29699      9.14830
     110.95600     -160.74500     -568.49300      -21.59950        3.67800       58.03870        45409400.      0.47224     16.04500
     436.83800        8.53320     -475.66800        1.43072       27.64120      -17.65660        22740800.      0.25554      7.77744
    -147.37700     -363.79600     -461.62600       19.40030       42.58770       34.65750        10139800.      0.19354      8.04862
      15.45160       18.89800     -586.09700       -7.60469      -26.88930       56.67190        58730900.      0.46001     18.92550
    -349.18800     -260.01400     -431.67900        0.83844       16.71260        2.74568        34984200.      0.42826     10.15410
     421.28900       14.22440     -466.39400        4.49728       26.02750      -12.70710        40177900.      0.38880     11.17060
     168.39800     -120.78100     -547.36700      -31.10650       36.66880       48.69140        20007700.      0.31852      7.54152
      20.17880       74.06120     -567.37400       -4.06141      -15.25680       62.91470        13670300.      0.41328      9.52369
     -48.48240     -193.94800     -518.81500      -21.48380       19.29440       70.74270        11203700.      0.23277      7.57121
     -64.86720       15.59000     -545.27000      -17.16420      -16.46810      -18.87640        13210200.      0.26035      6.96900
    -104.30600     -216.88000     -489.68100      -23.56350       24.35540       70.12670        15257500.      0.36382      6.26153
      92.48840       39.52440     -531.00400      -13.60270       -3.74167       32.00940        13848000.      0.40362      8.72294
     -63.56000       13.79160     -533.74600        3.41756      -15.99000       76.61610        14436300.      0.25257      7.75492
     103.65500     -169.36100     -505.77800        1.14148        5.34708       77.42410        27639500.      0.47588     11.11810
      48.64240      251.16300     -480.79100      -16.58980      -22.76080       61.87570        31346600.      0.37521      7.27206
      44.86960      242.84800     -479.28000      -15.24580      -15.92160       66.36500        27153500.      0.53272      6.82922
    -266.90500      613.77900     -294.37700       25.09400      -60.87940        1.21378        17817300.      0.39224      9.50768
      80.08360     -158.13900     -488.58700      -19.74990       10.99290       77.54170        17671600.      0.52099      7.90172
    -306.28200      383.57800     -387.96000        3.83922      -11.32780      -29.37130        65173000.      0.44672     15.09320
     189.97800      -13.85400     -484.92000      -46.80610       34.80610       50.72880        33022000.      0.39899      8.78593
     -43.30560        9.40720     -502.95400      -15.56520       -2.60332      -13.89500        11784300.      0.30530      6.61116
      44.02400       43.90080     -500.13800       17.17900      -12.15210       -6.32209        12749000.      0.34976      6.48666
      25.16040       84.95600     -488.78800      -17.75250      -34.27140       77.87900        16290100.      0.51672      7.72251
     -69.52520      -78.68080     -504.08600       20.08420      -19.68120       30.82930        14001700.      0.25517      7.06615
     125.56100      -49.66200     -476.34900      -42.07830       24.11890       51.03560        11770500.      0.27225      6.26987
     227.78300      -97.88240     -446.88100      -44.66550       17.34270       71.58800        10792800.      0.23231      2.96762
     310.11700      -66.80840     -375.22000      -49.76820       20.27700       20.03410        11344900.      0.24538      6.86984
     152.67200     -112.88000     -460.20100      -37.07120       37.54610       35.52300        15059500.      0.28533      5.42568
    -114.65400     -201.41000     -425.42100      -15.22580       33.93270       88.23130        18568000.      0.41887     13.40070
    -371.61500      170.14700     -335.53700       42.57550      -44.03410       -1.87007        10400300.      0.22575      8.31784
    -245.39200     -130.34200     -390.02200       63.71690       43.82610       58.48040        54481200.      0.52101     18.13680
    -126.75400     -396.86600     -266.03000       15.80160       38.30770       34.61830        11679200.      0.26772      6.53794
     -37.26720      175.19300     -437.97100        0.57861       64.96790      -43.33230        13555900.      0.21462      5.56267
     234.31000     -129.58600     -384.97000      -20.59250       62.09680       68.12090        10338000.      0.34355      4.38950
    -412.48400      721.92200      -38.86050       19.19540      -49.46360        7.85214        56328600.      0.49184     14.00110
    -101.11600     -197.04500     -406.24700      -26.94450       40.57570       90.65110        11779000.      0.12282     10.13510
     233.40900     -122.68100     -381.93000      -15.12770       66.67260       70.70340        14089900.      0.28535      5.13940
     -81.53360      169.61700     -425.04800      -47.42660       23.55080      -11.67050        25410300.      0.52434      7.41370
     337.90900       27.25720     -342.15600      -48.81480       15.09730       24.26110        11146800.      0.32813      8.26043
    -142.85700       57.84040     -431.59800      -51.67700       47.10070      -41.25490        12081400.      0.21330      5.21298
    -294.11400      418.59800     -268.27000       32.57250      -92.84830       10.65500        11773000.      0.30164      7.71323
      60.39480       11.96000     -442.51100      -37.98440       35.91350       50.52410        29951500.      0.37512      8.37921
     -78.03120       48.94400     -435.97100      -47.90190       25.52740      -25.74290        14083100.      0.24170      6.96218
     176.82600     -439.69300      -79.37860       16.00990       42.28150      -27.53530        14657900.      0.26774      9.29635
     170.23000     -130.17300     -386.34800       -7.99897       44.74130       90.81190        33301500.      0.38018      7.59311
    -273.08100      511.02600     -198.27100       29.45220      -85.18780       10.12830        65470900.      0.49802     14.05060
     -64.20320       25.17080     -432.70400      -15.93840      -24.67530       33.50490        12731500.      0.27905      5.17226
    -286.48400      353.27700     -278.55200       29.68210     -102.56700       27.47890        13686700.      0.30448      8.92713
     394.74800      147.01100     -229.29500       13.69320       22.64680       40.26800        10276000.      0.30055      9.89908
     503.32700      182.08100      -39.27970        0.33308      -16.38230       -8.01791        17055100.      0.24734      9.37232
     -99.64280     -585.02400      227.01900       28.15950      108.17500      -73.49300        17143100.      0.39691      6.18867
    -105.62400     -579.79400      232.07200        7.93149       91.85660      -66.36050        15972200.      0.41105      5.19683
    -182.46100      293.62400     -327.60400       28.22400      -49.01370        1.39798        18426600.      0.27237      9.33151
      55.91880     -249.42500     -331.36400       -9.72605       54.96260       70.25220        17304000.      0.21506      7.88859
    -462.99600      216.02700     -164.77600       10.77760      -20.87450       -1.87531        25198100.      0.26417     10.08760
     -66.07840     -581.05800      244.17000       20.19070      113.33500      -64.52680        30120600.      0.34847      7.77986
     -90.93640      125.54400     -395.82100       15.89120        8.22504       60.90320        27836300.      0.43550      9.89916
     351.29900       90.74240     -263.42500      -19.88400        8.67499       39.02700        32473900.      0.53248      9.72922
    -435.91200      101.65100     -194.99100       66.13990      -61.23790       22.09750        16743700.      0.32872      9.11984
       5.92720     -489.99500      -37.36810      -48.38330       19.27270      -16.21260        13781000.      0.31073      8.43068
       9.11320       75.08520     -413.27000       28.03720      -20.83010       41.05840        96532900.      0.50087     10.67630
      39.99320      182.42800     -371.54600       17.91660       -4.22622       13.29730        26828500.      0.44078     10.15590
    -105.38900     -594.53900      278.18500       12.47220       96.06970      -56.32820        11521100.      0.29279      4.97329
     103.62800     -158.40200     -360.77300      -12.96170       26.09620      109.54900        64834500.      0.57956     18.80980
      80.63480      -92.27520     -383.36600       35.42480        9.81167       74.71680        44547800.      0.36379      9.55215
    -135.89500      194.64600     -342.66700      -51.51330       48.93280      -22.52730        10718900.      0.21674      4.22485
     -55.98640      -56.92640     -383.75000       24.40280      -24.39370       79.68490        11253000.      0.17581      5.27096
    -101.76400     -523.03500      262.99500       14.53380      113.45100      -54.78530        21642400.      0.31982      9.03750
     192.19900      -29.49440     -335.62900       32.06050       27.26230      -16.25580        22865000.      0.28334      8.05167
     -15.00160     -307.95600     -253.59200       33.92380       39.17740       71.65530        86634900.      0.39890     10.41000
    -101.63500       32.72280     -375.06300       30.95150      -10.81420       53.14040        11281800.      0.34169      6.37965
     -92.60040     -126.55000     -348.94100       51.31960       83.53000       91.86650        25638000.      0.33345      7.64864
      36.99720       92.41400     -363.07500       35.17600      -35.17590       68.24860        21023900.      0.23684      6.11350
    -138.05600     -476.30600      217.08500       19.59540      114.51600      -77.15060        53886300.      0.60680     12.74360
    -115.89600      140.52400     -338.97200      -58.38780       16.73420       16.89100        10504000.      0.21968      4.99458
     231.74000     -186.97200     -215.81600       46.48860      -51.14980       10.23310        12416800.      0.19360      5.64206
      43.67240     -155.58000     -328.67200      -37.44560       56.36580      110.94100        33883100.      0.39835     10.02570
      87.85480     -471.87000      278.83000       27.87430       16.04950       17.72910        10117000.      0.30951     10.37850
     255.82000     -147.74900     -208.48700      -11.90650       48.50660       10.18190        14075800.      0.32506      6.94948
     527.37700      284.63300      540.03300      -79.28630      -17.43050      -96.72320        45149800.      0.38276     15.35650
     478.59000      -63.36160      284.47600       -8.15578       -2.07902       26.31360        10605200.      0.32894      7.79285
     123.72000      -88.78920     -326.39900      -85.90800       73.61500       89.06740        77855700.      0.65926     12.30640
     427.10800      -75.20600       73.92240       23.92600      -26.94410      -32.92610        24019500.      0.27806     13.70800
      58.88920      240.33300     -265.35800       42.22000      -13.00180       33.30560        10370500.      0.29580      7.51188
    -397.56200       -3.94200     -106.66200        4.24026      -25.56380      -26.28640        27269500.      0.46809      9.86091
     -34.27560      168.20100     -312.04300       41.22380       -0.38791       83.09530        11014400.      0.34619      6.31235
    -132.46400     -148.95600     -289.64300      -62.73620      -75.72220      -46.97350        17270000.      0.30166      6.93545
     -78.34360     -139.07100     -313.93300       21.40450       29.44000      -27.26510        18154300.      0.21248      4.83504
     -83.22000      -75.30000     -330.59300       69.55490       34.46020      124.53800        31054000.      0.48635      9.78893
     -31.90960      -97.98280     -333.83700        7.53678       19.17070      -75.14120        67498800.      0.68943      9.15150
     -60.55200       12.91320     -339.98800       42.53770      -45.26020      106.40700        12595600.      0.22157      6.78262
    -199.76000     -293.81800      -99.13380       17.28110      110.64400       69.75010        19346200.      0.34993      8.72698
     -70.52680       86.10640     -321.89700      -11.22550      -21.86570      -58.72900        11660600.      0.20244      4.20560
     -66.64520      -13.01600     -331.27800       18.39150      -47.94510       25.06170        14916800.      0.22493      4.25923
      15.98880      127.02600     -311.22500       35.32020      -38.83610       74.97340        18101000.      0.25106      6.76044
    -212.02600     -102.91100     -240.82300       73.48940      113.71900       69.48640        52310200.      0.60889     10.38370
     298.65500     -133.22900     -120.96500      -39.89720       52.54400       58.34190        26454500.      0.22891      7.89001
    -262.88800      501.55400       43.02190        5.81320      -11.55630       25.73680        64329400.      0.66619     11.69520
      61.65320     -171.03900     -271.61700       -2.45555       28.41860      -29.65940        22537900.      0.21325      5.11240
     106.60500     -387.73600      204.23400      -55.82020       30.27400        0.25958        20574500.      0.34805      9.44342
     426.67200       59.80480      235.31800       -3.21684       30.91060       16.79690        14035100.      0.29691      9.00985
     416.70100      -29.80280      212.07600       54.81510       31.64110       36.41770        24822000.      0.32797     13.23070
     -76.61520      -80.65480     -307.98300       -2.98014       66.57140      139.62600        65327400.      0.53370     11.02850
     -59.17920        7.38400     -320.96600       14.17140      -26.66740      149.90300        29557300.      0.74007      8.51648
     263.66800      -30.60520     -178.45500       33.16050      -18.90770       48.88860        20935300.      0.30586      7.58946
     202.33900     -116.47600     -213.71900      -48.80570       80.03220       74.61460        23019700.      0.55590      6.91134
     -77.40160     -360.83900       35.26670       -5.27070      -14.33370       -9.99000        15445300.      0.19396      6.40728
    -203.22200      201.10800     -195.88300       -3.14999        4.75794       47.02940        10075500.      0.27581      6.71216
    -294.55600      192.56600     -119.05400       88.32180     -125.08100       29.32220        22852900.      0.44939     14.02760
    -201.45000      439.38600       -1.50778       19.51380      -34.61810       22.45150        23455900.      0.45760      9.77738
     374.36000       66.21720       82.06590     -150.47800       41.50710      -64.07910        21157000.      0.66898      9.83424
    -146.56400     -194.80600     -210.75000        9.67398      -60.99230       12.67050        17450000.      0.25920      6.01152
    -101.94900     -273.61900     -147.45100       40.89990       97.17380       67.08840        30800200.      0.46272      7.72631
    -250.72200      147.72400     -173.18100      -44.19930       16.53010       52.11270        11975000.      0.22085     11.53510
     229.21000     -293.04800      174.37500      -83.89930      135.31400      -97.24670        67933700.      0.72670     16.66200
    -244.85600     -125.23200     -166.91400       98.03460       18.74420      112.82000        13429800.      0.43170      2.87512
     232.99800      218.85600     -106.78500     -126.01400     -116.74200      -11.52520        13570800.      0.50111      9.50509
     -13.83560      141.63600     -278.40400      -11.83400       13.83030      -43.38520        18282600.      0.27909      5.76895
     282.21600     -216.01400      247.00500        8.99400      -46.20350       -3.52290        10342100.      0.29056      4.81975
      23.72360      160.07600     -266.87800       -6.37176       40.99750       57.30570        31502400.      0.34240      6.57046
    -159.04800      163.87400     -228.88900     -109.12900       62.69360      -32.45420        14215200.      0.26086      8.24884
     183.98500     -311.53400      277.92200       12.18360       62.58010       -1.81434        13838900.      0.31482      9.40845
     283.87600     -132.09000      -95.14770       43.21010      -23.41800       23.50410        92482200.      0.42518      8.86728
     279.63300      182.71900      -73.52900       88.32550        6.29990      -66.55560        27142600.      0.35924     10.08230
    -204.31600      161.54200     -196.44800     -103.68200       49.08240      -18.77370        38688100.      0.56619     12.48760
     278.55100     -172.67800      -24.56910      -50.69350       42.69060       66.05440        24700600.      0.73449     10.90860
    -239.07900      198.43000     -138.96400        2.52303       -3.42405       69.66380        12971800.      0.21263      6.68050
    -301.44900     -148.90600      -41.41430       80.76790       55.21520       66.61700        21621200.      0.41286      8.92742
     -86.47880      180.34200     -240.37100       23.53400       14.20410      -55.22360        37676900.      0.33405      6.84555
      55.89080      200.06400     -230.17300      -26.96250      -43.89330      -49.56580        18663000.      0.33956      5.66028
     -51.45960       22.24520     -298.43700        7.22040       43.40080      -80.57140        60707900.      0.39632      7.24646
     191.22100      380.09000       91.76510      -10.49850        7.73137        7.18837        37830800.      0.33582      9.13124
     -94.15440     -258.36700     -137.88100       39.95680       91.15680       80.29900        18924400.      0.27557      5.40836
    -255.86600       84.74840     -166.47100      114.07300      -90.22970       49.35660        22336700.      0.25301     10.72120
      68.23200      495.80900      191.13300      -50.27680      -51.58700      -38.15750        12746600.      0.26203      8.12603
    -354.94800     -154.64000      136.96600       14.45320      -26.68060       16.48080        11610200.      0.32667      6.29178
     -44.66040      312.34000     -135.52000       56.96620       19.31210       -7.16351        10604200.      0.34824      4.85842
    -200.82800      154.67700     -180.95800      -92.33590       41.78070       -7.24547        76977800.      0.47425     14.23000
     179.39400      -81.39400     -205.01200       90.31520      -49.61910      -17.66850        10470200.      0.22456      5.16187
     154.44700      -83.30440     -224.70600        1.99370        4.49707       83.88110        10085600.      0.26454      2.98271
      31.81160      326.80600     -102.62600       38.76510       60.90000      -81.29710        10149600.      0.28324      9.29832
     138.34900     -302.86400      252.03200      -10.09810      158.07600      -97.55290        50125900.      0.57965     25.37120
    -259.61700     -107.17200     -115.16600      -46.90140        8.01960      -28.78540        21633200.      0.31734      7.79056
    -134.87800      104.31800     -238.46500      -62.50950      -14.78590      -54.38040        11097900.      0.24014      4.13580
     249.15200      224.12500       -5.51284       61.21560       69.06980      -24.45340        11179600.      0.22129      5.24467
     208.57900      109.09300     -166.95900      -57.34470      -49.14120      -30.13510        11421200.      0.25925      5.20369
     256.66400     -190.86200      141.23700      -39.66640       17.86060       25.39950        47853400.      0.49073     11.44280
    -260.40200      157.84900      -98.92530      102.62600     -134.51200       34.84220        11518500.      0.29731      7.92361
     -84.54200     -311.03900       69.74150      -19.31940      -78.73980       16.45570        11208400.      0.22871      4.29650
     229.32100     -197.13800      366.13800      -12.76880        2.24792       13.20680        17529100.      0.32417      7.29061
      84.19000     -237.06800     -130.36800      -34.49730      -30.65590       72.20820        42220100.      0.35179      6.63842
    -207.88000     -227.74700      -34.74740       29.08590       39.24240      -29.32680        63305800.      0.36428      7.40731
    -139.90700     -272.59600      -20.67780      -31.32480      -16.41710      -32.16370        17847500.      0.27869      4.31494
    -164.26200      801.91500      574.88300        7.92098      -20.89120      -46.33470        52222600.      0.44267     12.99460
    -152.50300      -34.06240     -234.12500      -47.03520      -68.19380      -39.60380        22731600.      0.39407      5.90503
     -59.33280      266.49200     -141.36500      -51.15390       17.33240       58.16320        34713900.      0.39186      6.28365
     -61.79840      200.86700     -200.30200      -68.41210       70.35510      -58.12880        17880100.      0.42406      5.35655
     289.37800     -108.79400      316.29900      -42.54410        6.23925       -0.38931        31107400.      0.25946      9.32440
     -15.57720     -227.48600     -161.75800       22.40250      -85.27010      -25.45500        11056100.      0.30855      2.96319
     303.69400      -96.66680      147.08700     -159.08700       55.27950      -71.05380        68115200.      0.65985     18.78570
    -135.42100      244.18600     -130.68100      -51.06660       34.69210      -14.82270        32307500.      0.30056      6.38962
    -123.52000      184.19000     -185.11700        3.10696      -44.88570      113.90600        23015100.      0.41434      5.43371
     -28.21160     -311.66200      285.76700        0.70862      160.23600      -77.26360        54430600.      1.17234     15.32040
    -118.55400      145.93500     -207.10000       44.81850      -63.07100      102.92700        12625600.      0.27799      3.99545
     202.74000     -203.44100      309.44700       -8.88028        1.45099      -14.19560        23080400.      0.40775      9.62200
      78.27240      -97.56560     -241.44000      -14.57520       23.37420       -5.35178        24731500.      0.21210      5.08313
    -373.80700     -156.82800      358.81400       -0.65078       30.17760      -42.60290        12502400.      0.40570      8.96553
      30.45960       78.10880     -253.92200       -1.42592       18.61720      106.62000        13294300.      0.25077      4.20139
    -174.38900     -152.09200     -144.14500      119.87900       53.16860      117.96600        18774400.      0.21601      6.91478
      26.40720     -293.67800      107.78800       10.30480      -65.20990       56.42620        13389800.      0.28923      5.40579
     204.92400     -143.09000      416.69600      -21.07300       10.66890       25.99710        10339400.      0.14814      5.86461
     -90.26680      302.69600      -77.75920      -46.23960       39.75830        3.88455        14588600.      0.20774      5.97762
     202.96800     -214.95800       57.20880      -65.97450       56.69230       -1.69673        19545700.      0.27787      7.59133
     192.27800     -204.94300      222.44600      -47.77490       26.34820      -34.17830        17623900.      0.25860      7.70083
    -171.52200     -186.96600     -103.68700       34.43070       75.20380      -36.24120        12138500.      0.29543      6.97986
      -1.24920      252.58500     -134.84600      -19.98550      -62.08490      -16.19170        37663700.      0.34291      6.69638
    -195.97000     -241.55900      207.08400       -0.83510      -72.88910       -7.05382        10225700.      0.31700      7.98038
      30.61400     -288.87900      250.11800       30.97230      -65.94680       17.52700        13463900.      0.17653      2.68925
       6.31320      460.75600      235.95300        0.04015      -54.89230      -27.74800        12712800.      0.31479     11.78430
     -38.85080     -277.64000       -7.23148       69.69680       42.88160      -39.64830        12526600.      0.26798      5.70557
     -79.49280      167.32000     -194.19400      -51.44730       72.76700      -54.36140        12522800.      0.33452      5.16513
     157.70300      -86.01760     -178.37600       92.22990      -77.77560      -26.00260        21909500.      0.26271      7.83054
     282.28300      -30.90360       68.18290       42.36040      -42.97000      -17.46410        25441200.      0.40026      5.98363
     227.11100     -108.79100      352.06300       17.28610      -55.78870       43.76360        24626300.      0.28176      8.01936
      46.12800     -222.65000      554.90000       -3.07895      -10.27020      -10.38770        11647300.      0.27998      6.60757
    -396.25800     -138.07600      432.48800      -14.60650       35.56500      -21.74790        20308800.      0.70712      9.55890
     178.61600     -184.46400      312.96700       -5.89387      -32.29110       50.87090        12380000.      0.28296      5.09432
     -79.18920      412.54800      192.73100        7.03825      -75.49570      -29.60220        40375800.      0.48085     12.80030
     129.84000      337.26200      131.40800      -24.09720      -25.69850       12.20900        55288100.      0.41229      9.68428
      78.07400     -187.59500      554.58000      -37.76020       26.45290      -21.63410        17513900.      0.21824      9.28539
     137.26700       48.36120     -199.46700      -66.86330        1.18624       97.14970        22914600.      0.21433      5.10243
     -91.76120      210.29500     -143.44700     -105.07600      116.87300      -11.57750        73717600.      0.40807     11.79670
     -78.29520      102.30000     -217.54300      -83.28640        8.07470     -108.77200        13453700.      0.17268      7.25239
      60.37440     -266.59400      121.70600       28.62130        2.92601      -19.19020        47279600.      0.35343      7.52825
    -247.24700     -163.36200       78.87970       52.67720       17.71740      -66.15780        59113100.      0.72425     10.87260
     239.70900      -50.48760      378.11900       27.54620        1.85778       47.59410        11159800.      0.24983      3.73810
      76.59800     -198.91700      451.89000      -29.17240        3.31788      -46.71240        14680600.      0.14927      7.71358
      52.88400      373.50500      160.07000       -2.51118       84.97760      -26.15460        21841900.      0.28307      7.62281
     -73.19840     -178.06900     -160.82700      126.91500       73.88400      109.16700        14242900.      0.22445      5.36082
     -11.95880      -16.16960     -248.45900      -36.16680      -93.16770      -70.70080        17726000.      0.39767      4.15073
       1.90280      -72.87640     -238.01400      -13.83910        0.26909      189.64600        14191800.      0.40873      6.10445
      73.32160     -188.87100     -143.66500       -7.86106       84.10830       60.56230        64240300.      0.36176      7.76223
     102.66200      274.84600      -23.31130        1.80731        2.74427      -58.93920        35851200.      0.45850      6.47120
    -298.38800       84.27720       47.61860       36.04340      -24.70310      -54.19330        16303500.      0.54766      8.40603
     119.83200     -151.53100      406.61800      -23.67140        9.45136       42.91900        38724000.      0.33552      8.76903
    -149.33200     -226.90800      188.69500       19.44590      -24.37930       35.16760        21723500.      0.32124      5.91101
     100.54800     -136.63700      553.47500       17.80570      -23.21930       -1.76618        15829900.      0.38785     10.02920
    -233.97600     -168.32600      303.96900       24.85010       11.05450      -30.77210        29464600.      0.34383     10.37740
    -105.69600      280.00400        5.54164      -70.82320       62.61820       44.51570        13339500.      0.31760      5.31983
      64.03760      -94.06520     -211.01400       -9.84995       56.16120      103.97900        21860300.      0.25307      3.62051
    -154.07600      -58.20520     -172.88700      140.90800       67.01870      117.73700        21404500.      0.49815      6.54748
     -66.23480     -121.79300     -197.26600      -31.05820      -29.87470       85.36130        33526300.      0.28070      5.09631
     217.74200      -83.69760      271.25300       48.48650      -22.21600       57.60150        47758400.      0.43576      9.15322
      89.72080     -143.85400      423.55900      -29.65580       14.72800       41.85430        14184700.      0.27756      7.40333
     -27.92760     -250.36200      158.30600       51.30940      -71.65990       -9.15697        32713000.      0.46408      8.40191
      26.02240     -204.30400     -121.50300        6.20641        0.07139       -2.04166        41905100.      0.26129      5.59068
    -168.18300     -204.87000       74.49600       86.15270       62.41090       23.64000        31155300.      0.30012      8.24322
    -110.21200       -8.39040     -208.94700       34.68420       -4.01720       52.24880        48900700.      0.32823      5.61266
     218.19100        3.30080      361.73900       -7.51558        9.11730        8.18230        12002600.      0.25471      5.45868
     -35.93880     -198.31400     -124.50500       16.18880     -152.84300       -8.89652        36747600.      0.32789      6.51310
      57.51560       43.06000     -219.78000      -29.42440      -30.09860      -80.92780        27880200.      0.25550      3.76166
     -98.83240     -121.45200     -173.66700      105.43000       79.29690      149.53500        58680400.      0.36250     10.82710
     142.76200       -3.32080      770.61000      -15.49050      -16.33290     -153.02800        18225000.      0.39358      8.74529
      11.19160     -203.42200      321.88600      -27.53620      -16.94630       36.43490        37447900.      0.51333      8.17291
     206.62000      -17.37280      324.31200      -68.07610       16.23670      -60.44840        16862100.      0.37099      9.09812
     117.15400     -202.66400      152.51700      -20.72770      117.95000        3.58179        16044500.      0.19463      5.55236
     -28.56520      261.08600      -55.42750      -20.03240       92.13160      -38.47920        29668000.      0.28790      8.64623
    -185.41700     -170.78900      190.62600       89.03660       -4.21876      -64.54340        20494000.      0.51987      6.78410
    -151.27900      250.66600       43.80930      -76.18050       55.89260       -2.11109        17790200.      0.24795      5.94951
    -201.18200     -166.54200      903.41500       32.13710       44.51790      -98.68870        15018600.      0.28496      6.65790
      86.99400      246.21900       -7.40156       60.15230       93.28150      -96.76100        15252800.      0.42091     13.40130
    -146.56200      -97.36040     -140.87100        1.05501      -41.19950       47.43440        10649600.      0.20601      3.13379
    -116.54000     -164.62000     -109.45000       43.33060      -25.48400       13.02310        36794400.      0.36562      5.06222
    -128.95200      300.77000      159.72200       20.82200       18.21060       56.01880        55986000.      0.42441     10.09040
     154.91400       11.91600      450.53600      -32.97470       23.77600       26.05560        42577700.      0.33676      9.01357
     177.64200      172.77200      176.67800      -82.16210      -43.88250      -22.77200        10166600.      0.26344      4.97307
      84.31480     -196.08200      196.64800       43.84190      -99.43280       36.16610        12994800.      0.29879      7.60582
    -123.30600     -211.52800       70.88890       31.75890        7.44800      -30.80350        21346800.      0.28857      4.83232
     -49.86280      301.05900      157.20100      -30.60710      -73.31640      -30.35150        24751100.      0.42947      7.56982
      44.87480      -75.79000     -203.20000      -33.78230       72.42630      187.24900        32337000.      0.38386      7.29825
     179.56400      -89.76680      241.38700      -23.88500       42.45080      -17.52340        11533500.      0.27577      5.09926
     113.88500     -184.98400      165.72100      -25.02030       63.87000      -31.56620        59015000.      0.79938     10.47680
     177.35500      -76.01200      263.85100       32.82330      -89.77200       90.33590        14835900.      0.32384      5.17025
      54.23560     -197.21200      -78.12800      -59.25360      152.61500      -45.00020        15759900.      0.27896      5.56349
     -91.04360      -44.70520     -194.82400      134.90100       63.87360      147.62800        42458700.      0.91717      9.06886
     182.95200       -5.67440      330.39600       78.75570       -6.70698       90.02740        26899300.      0.35798      6.19702
     -45.81040     -196.78400      -91.31650       68.26680       58.57980      109.18600        10438600.      0.26308      3.90792
     177.90400      -40.54280      299.84600       33.43320       -9.91671       93.82730        23347600.      0.31242     12.00450
     -45.72080      283.19000       55.97420       13.17010       10.55780      -36.05040        12581000.      0.15814      3.36010
     154.03200       67.78080      480.47800        7.76867       25.31580       61.18320        19581200.      0.30020      5.66349
     123.49300     -159.58600      210.43000       68.53900      -83.40620       67.01130        38295700.      0.42373     13.22780
      87.81240      252.31600      229.78700       13.03160       98.29780       73.18260        30816000.      0.45941      6.09054
    -214.25000     -140.99100      896.24800       21.08180       37.33690     -102.51900        17889900.      0.29174      6.96035
     155.04800       -6.82320      399.75900        3.61635       33.26430       33.98230        42221100.      0.35552     11.35250
    -231.75000      -76.53120       89.74780       65.75900        5.25193       65.85760        11359000.      0.26944      6.97436
      63.45760      258.08200      147.32200       20.01810       26.95160       87.91880        19616600.      0.30388      4.45046
     214.38600      -34.04840      121.70000      135.40000      -48.34650       65.70870        26817500.      0.26560     11.01160
      50.27280      100.28800     -180.22800      -25.92150       -8.44715     -162.67200        23854300.      0.34913      5.98052
     -59.49840      211.61000      -73.67700      -26.48130       11.40880      -92.20420        13934600.      0.26104      4.27210
      78.12840       43.98800     -190.12000       72.80160       19.37010        1.03183        16658300.      0.21935      3.40352
      43.49440      149.83100     -144.22500      -29.13520      -42.70170      -19.92590        19115700.      0.24082      4.54199
     138.23900     -138.29700      197.47000        6.30617      -20.52630       12.65300        13668000.      0.26622      4.27856
     -18.33440     -174.40200      255.27200      -25.09200       37.99540       16.40150        81035900.      0.57607      7.62546
     108.03600     -146.29800      234.30200      -19.65460       46.38770      -10.56340        23390800.      0.36090      6.03028
     159.98900      108.68600      -79.06460     -175.29500     -147.33500        3.40541        27822400.      0.38504      8.46366
      -4.27280     -145.86200     -151.71900      -30.69480      -56.07990       48.03640        15014100.      0.24192      3.36410
     209.19200       47.80840      165.20000       70.05150       21.68550       58.13420        11431700.      0.19316      3.21565
     132.50700     -171.19600       22.46310       70.18330      -11.46490      -19.13400        13038300.      0.28294      4.10469
     -52.56400      165.97900     -123.73100       18.40820      -77.42440      -31.68900        21648600.      0.29307      4.66577
     -30.24880     -218.93900       17.68370      -31.97740       -9.27019       33.30030        51341300.      0.37720      5.44387
     175.14700       77.76720      212.63200       63.40650       21.08750       87.76440        18022600.      0.33210      9.10017
    -136.08700     -150.89700      -56.01760      -72.90270     -132.18400       39.80660        12187500.      0.25713      7.78317
     141.92900      -93.84680      238.96500       19.55430      -11.72570      -59.46390        12298200.      0.20675      5.39019
     180.81900      141.12400       56.99800       31.26000      135.07300       82.17430        10833000.      0.23412     11.46120
      29.59200     -194.25000      162.89200      -70.97880       89.31290     -131.51600        22123600.      0.49393      8.73617
     161.03900      -36.90200      256.07700      -58.11630       38.28200      -51.48270        10560500.      0.24240      5.13996
      97.43840     -127.43300      257.74600      -54.57760       88.97840     -112.10500        99965400.      0.82342     11.70570
     101.68100       12.29480      389.13000       39.21020       16.60100       18.59110        10947400.      0.16984      4.08688
    -228.56200       63.92600       64.00760      117.11700      -37.40950      -57.79420        16829900.      0.36080      6.92701
    -275.98600       10.71600      366.14800      -49.64370      -15.94190       15.01510        12857300.      0.46381      7.81319
     143.42000       20.28560     -128.58600     -160.73700       -2.67363      106.38200        34971600.      0.60476      7.70902
     -44.53080      153.49900     -132.43600       -5.76747      -79.34210      -50.04260        29815300.      0.35429      4.70811
    -139.37600     -170.30400       47.33840     -123.21400      -70.10500       -5.51663        21476200.      0.27359      9.85714
    -158.29200      -95.34880      429.53300      -43.61650      -46.04540       29.27930        74643500.      0.48036      9.58986
      51.66920      159.70100     -114.98000        2.09932      161.23500      -17.41460        15788400.      0.25990      5.72192
     128.38400     -168.92400       36.98550        0.12263       74.43430      -83.38730        24142200.      0.38908      5.92538
      19.31640       88.18600     -181.48500      -12.86360       -5.73104      155.39700        73408200.      0.38633      5.55745
     135.54200     -119.30600      -72.29340      -57.45310       55.42140      -51.81900        64558300.      0.46000      7.48486
      69.05160      -44.55840     -185.06500       67.79170      -52.40230      -46.17520        41670500.      0.24983      4.05895
    -269.44400       95.72720      298.78800      -41.29430       50.22050       -8.81539        44888600.      0.57490     10.60830
    -197.29000      -77.07160      186.02900       10.24320      -14.17550      -22.05970        50247500.      0.46442      7.14672
    -227.65400       64.13240      154.97700       81.91220      -70.26600      -33.00850        13178800.      0.38679      6.52707
     103.77800     -114.07100      242.08200      -30.81390       54.49770      -20.67340        12937600.      0.29513      5.16689
    -338.05400      625.19300      711.17500        1.91358      -44.77710      -63.32430        27524000.      0.39143     10.37000
      52.50360       44.92000     -185.09900        7.09116       19.97810      101.47100        22239200.      0.36563      3.47567
    -113.78700       -8.66600     -161.93700      -46.71300       -7.26444      -83.11610        17817900.      0.29512      2.55580
      79.67840      -45.93680      358.43300      -12.76270       62.08430      -46.36450        12220300.      0.16132      6.87558
     125.12200       68.23400      300.62900       24.35290       -3.36483      -90.34930        33128200.      0.53456      9.89458
     133.93600       14.10040      265.45800      -91.31030       21.52780      -95.31020        13654300.      0.37890      6.38747
     -42.65080      -62.96640     -185.10200       37.30930      -35.32760      152.89200        75979700.      0.44988      5.89430
     -99.19080      111.68200     -127.59900      123.51800      -80.75150       98.67110        14106900.      0.20256      5.25527
     101.40200       45.86360      355.61300       17.57430      -30.89330        8.71414        77895600.      0.38412      8.04966
    -198.59600      -41.80880      396.36900       17.49680      -29.98900        9.19693        92374800.      0.57251     10.02980
    -197.16600      -69.90240      108.20600     -101.70600     -114.56200       42.14090        25978900.      0.28815      9.45313
     -60.12880      -73.11800     -171.16400      136.30300      126.44100       91.10180        20282700.      0.31991      4.43459
      27.25160     -198.71600       58.22740       35.84810     -170.46000      -63.81000        12305900.      0.34090      7.47700
      84.32080     -144.61800      -93.25620       44.41270       23.81530      -41.29780        85671500.      0.42313      6.37743
     138.08200      -23.06000      251.95000      -27.12060       -2.77534      -58.80240        20075200.      0.24015      6.07230
     -92.33000      214.53600       65.65150      -62.25050       96.31500      -64.75260        19241400.      0.26061      6.23676
      99.22200      121.39400      294.89700      -32.79490       18.65650      -84.63120        10802700.      0.19393      5.21568
     103.93600       84.52840      339.11900       44.26380      -26.83160       97.77130        95890000.      0.41026     11.11120
      18.44600      232.10900      334.54200       17.91220        4.63194       30.08310        29200500.      0.31675      6.79630
     166.64000      -59.62040      147.09700       98.65310     -121.40600       48.38240        16752000.      0.43698      7.91472
    -183.99600       92.81600       -4.16268       22.55010      -22.90810       48.98750        21046200.      0.28602      4.77414
     -81.23640      -51.40480      359.50000      -24.23100       35.62660       85.23260        16159400.      0.23744      5.96156
     108.28300      150.35200      -55.35980       26.96140       38.79790       20.84660        34700500.      0.33397      3.95625
       1.38000     -186.77100      -39.64240      -18.58610      -86.20400       65.59580        16197700.      0.28451      3.34477
    -111.09100     -139.24000      161.70900      -53.86630      -86.65240       48.35420        31738200.      0.37061     10.67930
     -46.14720      209.02500      242.93000      -14.93550        1.72781       26.36390        13519700.      0.17727      4.31355
     -91.12680      209.49100      212.79400       13.22420        2.97330       38.06540        79034200.      0.40818      8.07363
    -181.43200      108.00800       43.42270      104.18900      -73.31230       22.59220        15176700.      0.31322      5.50590
       1.29280      225.20300      342.35400      -12.05530      -15.49750       41.61990        44798600.      0.28460      7.36101
     -99.46920     -118.15000      209.41600       92.95780       64.96280      -87.84330        68703200.      0.45254      9.24446
     -98.31280      -32.38920      358.20300      -43.74610      -11.12280       10.13730        35018500.      0.33818      6.58706
     161.57200        5.13640      -77.08330      -56.82000       59.71800      124.55100        23053000.      0.37139      4.43526
      68.22240        7.74720      299.01600      -45.57020       54.15180      -68.29520        15415900.      0.33931      5.37147
      92.43840       49.56760     -142.81500      -54.03000      -22.95430      -24.40350        15257900.      0.18946      3.62034
     -76.87480      202.04400       34.47480      -16.39840       39.35190        6.99805        92562600.      0.47834      6.18138
     -30.99080      196.74300      317.46000      -29.80630       -3.39723       31.85590        13981200.      0.24797      5.57262
      58.71760      133.32000     -107.15400      -26.29930      -50.98800      -83.86020        13301000.      0.22920      3.20297
     -30.57000      -29.06800      387.43300       14.03050       30.42050       77.80610        21681200.      0.32727      6.11786
     -34.63400      -55.63840     -171.67300      -27.29730     -158.61800      -93.71170        10425200.      0.21183      3.96093
      54.15680      -37.81280      295.51500      -44.50470       70.86430      -81.59770        16730000.      0.36184      5.35927
     -56.21920       55.89480     -162.76500       68.13320     -110.48900      108.62700        15826800.      0.22028      4.36681
     -36.25000      159.08400      -89.46250      -18.16540       38.14280     -153.58700        23978600.      0.34280      5.80799
     -15.49440     -108.32400      236.91200       32.80510      -93.00150      113.63300        55759200.      0.51953      8.61049
    -168.77000       30.79960      217.23800      138.28200       -8.82681      -50.24710        16206400.      0.41798      6.51555
     -65.93920      129.05100     -112.49600      -36.09980       79.34360      -96.83690        32826500.      0.25527      2.87903
      75.23440        2.55040      271.30100       -1.51852      -53.38390      -53.84110        11531300.      0.23912      4.03722
    -140.23300      -95.69320      -59.97410      -51.80900      -53.03100       70.55510        32599500.      0.28810      6.92954
    -105.65500      494.32900      568.64600       29.74100      -85.71110      -50.22700        14657300.      0.42515      4.97554
     155.21500       98.59480       -8.07452     -122.99100      -29.86390       56.50290        11771200.      0.22346      5.40403
    -151.12400      -96.07840      118.36800      104.82500       69.11940     -108.75400        16741400.      0.34009      5.21531
      99.19960     -143.60000       54.31570      -29.32920      102.08200     -100.75300        35688900.      0.31797      6.61865
     138.20800      -90.18720      112.46600      -74.79940       43.27840        7.67656        14589000.      0.28531      4.34069
     -77.14960      175.00800      188.58200      -11.15160       86.47320       71.75690        15003600.      0.38083      3.16585
     171.53600       35.77640       71.15680     -183.09600       33.32020      -46.52420        15398900.      0.28502      6.92830
      45.86200      190.19600       -7.00292     -100.81500     -183.97600      -62.87130        71222200.      0.36220      9.39014
      59.66600      -31.09000     -162.23600       99.45270      -65.68800      -76.55500        91884000.      0.49539      5.89306
      70.92600      145.55000      -69.50780        6.98742        4.67813     -112.44900        52624600.      0.38038      5.52123
     -93.47040      109.99300      332.53600       13.88310       34.75080       30.42930        15071800.      0.23018      5.78658
      17.91880      166.37200      -62.56570      -53.70260      -85.92320      115.55000        14223000.      0.25466      4.17497
     -14.13760       95.13440      383.22700      -39.89340       57.72650       80.02430        34719200.      0.33619      5.03850
      66.64560      -60.67520     -143.01900      -69.10080      -69.62840      -19.97810        10110300.      0.24470      2.35435
     -84.02080     -154.57700       -8.79780       -2.37992     -178.16200      -74.77400        11958400.      0.23017      6.44199
     -36.71560      -76.54000     -151.65200       62.11320       18.95390      204.95300        14944200.      0.22934      4.02790
     -65.41520       65.72360      381.14000        3.07536       20.46250      -12.65690        10819200.      0.17079      4.21882
      42.68240      163.25300      540.97800      -31.38340      -25.12700     -104.70100        46182000.      0.49527      8.91694
     151.92700       -2.50960      -58.41210      -80.25130       58.73580      128.17800        11627500.      0.33936      3.86769
    -113.48800      -77.19320      -97.14440      133.02000      119.60900       53.93790        12118200.      0.32778      3.90260
     111.59900       40.97120      198.42900        8.08725       -4.37646       79.36160        69963000.      0.38158      5.82652
     -15.01000      104.95600      473.55800      -19.65900      -13.51990       43.35150        15015300.      0.27904      5.64208
      57.39840     -113.41400     -106.50200      -90.51570      132.49300       80.62560        20880500.      0.29441      3.47870
     -36.19440      400.74900      552.21700      -10.83920      -45.95240      -82.20350        15350000.      0.22891      5.91842
      34.76040     -114.55700      175.59100        8.86621      139.53600      -55.18840        36677200.      0.32160      5.06745
      -9.95280     -122.15600      170.55400       67.85410       90.72090      -69.88150        12934600.      0.26942      4.13003
      34.89120       90.56160      254.63600       -0.75833      -19.99990      -44.18100        76254300.      0.37998      5.92790
     -61.85680       54.72640      273.83600      -45.84960       70.54430      115.60600        30638100.      0.30494      5.04902
      29.57400      179.53000       90.56760       47.94810      101.99500      -35.05840        25764500.      0.29027      6.32457
     -62.43640     -159.99300       49.77420      146.37400       97.10000      -99.43830        50101200.      0.66676      7.86453
      77.71800      116.87900      -80.19720      -26.86080      106.01600      -29.49240        11031700.      0.16905      2.50172
     157.73400      -10.02840       27.54470      -94.09310       43.88650      -61.88020        21690400.      0.31200      6.16610
      12.18040      183.31600       51.03310      -75.95280       98.28410       58.01130        28211700.      0.27744      3.73858
     -13.15640      190.73700      480.07300      -13.79060      -40.54970     -115.98200        15439200.      0.26844      4.45121
      50.53280      122.86900      -91.59770       16.52390      114.19400     -120.30300        11941700.      0.21837      5.14080
      68.49680       68.94600      216.94900       43.55520       -8.64415       24.91360        10489700.      0.16809      3.25736
     134.96400       95.39040       54.61740       45.71400       -8.43183      -95.17020        11588600.      0.24769      3.03372
      46.82280       36.84440      237.08300       26.48310       11.42220      -87.89330        15216700.      0.34286      4.18575
     103.34900      -59.61520      -94.07250      -22.90730       73.40710      173.30300        21912600.      0.22420      3.56726
     -49.73080     -123.35100      -92.20190      -23.64680     -129.73400       40.26060        25823000.      0.24939      3.70449
     -51.01880      -59.73560     -142.59000       30.17990      -26.72390      165.26700        12017000.      0.15646      1.97796
     -66.09640       64.30280     -131.08100       98.98600      -96.68100      172.74200        14968900.      0.20687      4.27186
      50.43920      -42.09200     -145.81200      -22.87190        8.32236       78.65250        14503200.      0.21443      2.60523
      25.75920       96.83640     -122.65800       58.94000      130.28300     -151.75500        29360700.      0.26414      7.12368
      -0.87000      157.02200      -45.93740      -35.12660      119.48200     -148.58500        11474500.      0.29338      4.69844
      63.97120      138.24800      -46.95080      -26.54300      -15.01060      -18.96280        15296300.      0.23093      2.55271
     -87.55000      137.48200       -9.58982       -4.16675      -33.15050     -100.98500        13163700.      0.28605      3.10673
     -37.72760     -152.74200       49.23110       93.22360       80.31550      -88.82270        13681900.      0.22062      2.48746
     -65.43960     -137.21000       70.25590       80.43030       72.84810       71.78730        30045400.      0.29299      3.73261
      46.52080        2.18520     -144.82000      123.68800      -36.30870     -111.58400        17282100.      0.19260      3.31708
      76.79720     -126.15200       12.99250        3.95672       88.96770     -111.27500        27511100.      0.31673      4.84013
      98.29760      -66.24320      -76.18330       65.53290       82.12110     -117.14900        16763800.      0.19840      3.41452
     -46.79720       37.57360      219.23500      -38.95740       10.32920     -130.68700        33687000.      0.28981      6.56997
      27.99480      -79.94760      171.93700       63.70920      -45.44090      -78.14140        59194800.      0.41314      5.53320
     -37.35600      -78.96400      174.30800      -26.55920       65.85560     -119.09300        14757600.      0.26480      3.22916
     -55.70960        5.31040     -140.46900       42.13780       39.15080       22.81230        19328200.      0.24730      2.71016
      16.81960      162.55200       37.57590      -74.02980      110.81300       72.23530        12023900.      0.22613      3.14735
    -147.21900      269.58500      477.54200       11.46840      -99.97210     -126.91400        38704500.      0.34538      6.64769
     -88.32160     -121.05600       -4.12497      161.76700       98.52520      -88.37430        25094100.      0.27710      4.40916
      -1.52200       54.96120     -137.06500      -20.45600      -84.90730      -33.57710        11625600.      0.17702      2.47619
    -459.26300      371.29800      747.73800       13.58690      -40.63380      -40.97790        31584800.      0.36075      8.48258
      58.16040      -54.52200     -119.50600      -11.92900      110.71800      147.38300        57897100.      0.33710      4.33191
      81.33040       79.69320      -81.30510      103.94900      165.07700      -89.04350        92144400.      0.43936      9.44410
       9.97400      140.68200      -42.28430       75.91640     -163.58900      137.04800        35744000.      0.46351      4.60709
    -101.52600      105.09100       -3.25848      -46.02820      109.47400       98.76730        11731000.      0.25491      4.17190
      25.60880       51.45480     -129.73800       -5.64401       14.53730       43.65640        29290100.      0.30130      2.88572
      90.63520      -87.82680       76.39730      136.23000     -123.34700        5.40875        14418100.      0.17026      4.33283
      -0.35840     -142.04800       53.47430      -28.86340       37.81720      -47.80340        79879100.      0.44628      5.96168
     -93.00080      155.24400      535.71400       36.04580      -36.44260     -145.95800        17887900.      0.29994      7.42285
     -84.59120      122.20500       64.75730      -48.39020      155.04000       48.92870        26484900.      0.30780      5.01752
     -12.09640       80.95400      179.20700      -33.66020       15.18620     -162.72800        14129200.      0.25033      4.07225
       2.00000     -141.58300       26.34310       -9.66804       20.08790       10.60110        12066000.      0.22664      2.51891
      94.75480      -55.30320      -68.57640      -76.85900      -16.71870     -122.41600        43232100.      0.45968      3.86956
      10.35600     -136.19000       56.92230      -27.32120     -104.68500       -8.30349        38434600.      0.37413      3.97031
     127.62000       42.30480       30.91130       -9.88182       39.89610       25.02830        15518400.      0.24310      2.61050
     -35.86280     -136.99100       36.15600      -36.13960      -22.20770       76.15430        14370800.      0.26670      2.49101
     102.67100       49.61120      -60.00260     -100.21700      -65.50330      144.15100        10441700.      0.16978      3.17113
      78.56000      -99.27160      -30.93380     -133.90600      128.38400       95.31590        16352500.      0.27119      3.27739
      27.34400      -21.48760      180.07300       44.11120       95.75360      -17.33930        23627400.      0.30776      3.63115
     -22.37320      107.07000      147.52700       37.30790      153.42500       34.39340        13346100.      0.26085      3.15882
      51.63680       56.61120     -110.93000      -61.84030      -70.61490      -61.96070        34588400.      0.46283      3.70440
      10.85680      -70.40120      153.72100     -130.42600       87.00520     -118.10600        78460300.      0.67715      6.95536
     100.36800      -65.61320      -44.77230      167.82400      -82.52630      -18.11480        45429900.      0.28940      6.65354
      16.16480      137.44600      -20.90840      -22.13670     -143.19900      128.07300        11931000.      0.23009      3.12654
       2.25400        2.47160      185.93900      -90.62060       53.85830     -140.96000        13363400.      0.19679      3.25273
     -23.71120      -73.57200     -114.72300       44.91840      -49.29780      116.36800        11742800.      0.27655      2.37084
     -77.96360       52.53200      153.36700       89.34830      -30.34680      -53.16800        28517100.      0.20970      3.91846
     -22.91080       25.83000      184.34900       34.27210      -31.38450      185.35400        20792800.      0.25472      4.59936
    -122.31000       21.51520      -25.09080     -150.53500       37.22640       52.76420        11104900.      0.21094      4.10895
    -126.52800       -8.95960       62.51350       77.75420        6.87103       60.21100        19265500.      0.26158      1.99649
    -113.73800      -47.36600       75.27750      216.04800      109.32600       45.79480        27545900.      0.55011      5.47716
     -76.82520      117.84400       33.81330      125.49000     -164.55400      107.86800        23063300.      0.37796      5.64970
      86.96880      -82.32520       63.93060      -97.92010      107.97100     -192.37400        87692200.      0.68027      9.00605
     -34.17320     -121.13200       69.56640      -55.38050       33.89130       41.36220        12178400.      0.16609      2.54463
     -34.86720      138.46800       43.96010        8.36151       37.41650      -45.10650        39889000.      0.28104      3.13570
     -62.84520       67.53720      -92.43810      -37.67820      -91.74120      -87.70840        54029000.      0.48824      4.00120
      47.02960      -13.26800     -122.41500      -33.70580     -113.88000      244.49200        13188300.      0.17929      3.20649
     -68.55680      -28.03160      151.94100       42.50250        0.41353      205.35100        54291200.      0.34478      7.33122
      14.92400        2.77880     -133.26000     -102.34400       16.20790      -63.29110        16562300.      0.21976      2.00450
     -24.98440      136.76600       -5.10172       19.77140      -22.38490      -46.51700        54800000.      0.30159      4.33668
     -87.50520       92.97480      -21.67110       21.03150        4.30096      -32.83470        11596900.      0.22363      2.45083
      52.55000      106.71500      -49.43780       23.05390       47.34880      119.16400        11432300.      0.25414      2.41458
     -57.00280      101.48400      -55.92680       29.98810     -100.07900       13.94870        12796700.      0.21598      2.47275
     -97.83000       22.01200      124.62300       38.08490       -2.29604     -192.06200        26763600.      0.25306      4.80768
     -27.74640     -114.33900      -56.40450       74.80110        1.02658     -116.77000        98653400.      0.55737      4.46814
    -105.16700       77.95520       36.23290     -145.19300      162.36600       95.45510        56640200.      0.31443      9.13977
      11.97960     -127.82600       30.75770       90.05490      159.59500      -59.36350        15104800.      0.32509      3.18213
    -389.87000      328.47400      884.17000       48.02230      -61.15280     -142.89500        16501600.      0.22086      4.76050
      68.74520      110.57700      -17.18260     -152.39700     -113.17900       83.10540        16241700.      0.48497      3.01989
     -78.83160      107.72200       34.98740       15.24430      149.74300      102.98000        27264800.      0.46843      4.56246
      -3.16280     -114.01600      -55.66620       -2.15212      -63.58280       91.51150        21191000.      0.35209      2.61005
      51.52680      120.44800       41.14120      -41.89750        9.74344       61.25670        10055800.      0.19786      2.45200
      95.92960      -73.99280       15.49430      -75.26930      149.45200     -131.23200        27040700.      0.39208      4.63506
      27.95840      120.23500      -29.34980      106.77700      140.51300      -95.91620        21903400.      0.21697      4.71180
     -38.69080      107.67500      -51.68830       30.11470      210.77400      -44.29140        39159600.      0.39432      4.84108
     -61.81280     -105.57500      -20.70810      -52.88310     -107.81700      156.94600        28865000.      0.32010      4.78604
     -57.76040       54.03360      -93.34580     -125.62800       26.17830     -149.78600        14341900.      0.21040      2.54845
     -94.10120      -76.22280       38.76830       63.31250       71.59570       20.11390        45977500.      0.39325      4.11777
     -54.38960       26.53600     -107.48900      188.11000      -89.27700       20.68030        10018000.      0.27874      2.26924
      41.12640     -113.08500       21.99010       40.27350     -236.63100       -9.92444        55300000.      0.41494      6.10182
     -50.29640      104.88000      -37.71580       65.54640     -199.02600       66.22400        17604600.      0.23234      3.32442
      55.07920       96.10680      -51.90890       48.76140       94.61070       70.06360        74778000.      0.32385      4.54509
    -103.92000      -33.53200       67.85660       93.60980      -41.53150      -31.66720        10916100.      0.20138      3.24454
     -55.03600       46.40920      -96.94900      -50.16960     -125.47600      -36.42400        99496700.      0.55390      4.48754
      58.95360       23.75480      132.33600      128.46500      102.31700       45.57900        12451500.      0.24278      2.43190
    -195.80300       63.54000      793.71000       -0.61526        3.63798     -133.11100        10928700.      0.23785      3.18196
     -91.35360      -56.40240       68.15350      -79.35000       -0.52047      113.99400        12552100.      0.18725      4.36125
     -62.33320        6.11400      144.75200      -21.88070      -85.98910      155.18600        76943900.      0.40187      3.28950
      -7.36000      118.32800       70.22810     -127.42800       14.78770      -10.99840        11137000.      0.28982      2.35427
      -4.26920     -104.69700      -54.88430       15.86580       30.51000      167.55300        23759600.      0.21657      3.66127
      61.97960      -90.33320      -17.63560       48.05960      -81.63580      165.27100        19777400.      0.29268      3.28492
     -25.45040      103.94200       89.37370       34.73390       34.15840      -80.66120        12830900.      0.16242      1.99054
     -62.56800      -74.65160      -62.66170      127.28900      131.83800      107.07900        94235800.      0.63491      5.70460
      48.33400       31.08520      133.17000     -122.36100      -56.36700      -86.66440        12635800.      0.24948      2.41500
      96.38400        5.88440      -43.25750      -66.99510       67.93460      246.03800        20227400.      0.33516      4.25437
     -28.83320     -113.31400       23.38570       -4.12617     -128.98300      137.85100        29294900.      0.29222      4.74426
     -24.57760     -111.97400      -19.25310        9.60147      208.55000      -39.41200        83837300.      0.48467      4.35134
     -37.35320      -59.79760      -95.34630       68.72690      130.33000       96.75920        19099400.      0.21282      2.74580
      27.06960      -89.18480      -63.99020       89.45280      -17.81020     -117.32100        24532400.      0.23503      2.87858
     -43.86040       32.67000     -101.70800       -7.90602     -138.62400       58.30220        18400100.      0.33508      2.52920
     -39.65480      -89.64800       79.36340      149.62500      123.28900     -156.39600        15530700.      0.51521      3.72374
     -51.70920      -18.67360     -102.09300      -52.75160     -129.60000      -68.64380        15755600.      0.26427      3.30077
      19.81720      -23.66160     -114.96800      -82.27730        3.87922      263.42500        83484500.      0.67834      5.31804
     -36.80320     -107.60900      -13.14710       55.59290       52.16570       59.59930        17106100.      0.22292      2.64356
     -83.93640      -62.91160      -33.57950       52.97110      -39.77280      143.33000        55708600.      0.36264      4.24446
       5.78600      120.50500       24.25430      -12.66280     -244.57500      -56.76630        84221500.      0.40190      7.32209
      60.37760      -85.47880       32.45470      156.92300     -133.08200      -90.68990        12308700.      0.22704      3.75452
     -14.48320       66.81000      129.46400       52.13350       35.23570      213.29600        22425800.      0.34130      3.42271
     -54.55400       -4.86880      -98.35900      108.72700      113.30500      251.80200        23404900.      0.48057      4.06178
     -71.80840       49.21720      102.36800       23.28850      -46.05270       19.69770        49046300.      0.33917      3.14521
     -18.12960      -72.39920      105.08600      -89.38420      -92.27640       86.42140        16396900.      0.26289      2.57649
      78.56360      -49.34000      -39.60270      209.70200      -79.96410      -37.77020        96501800.      0.35600      7.94946
     -83.37520      -67.76160       -1.94097      198.96100      145.47100       12.79960        74582400.      0.42089      5.74542
     -18.89040      -12.12240     -112.97900       29.63280     -107.71900       39.94710        14050200.      0.29269      1.85905
      -0.37160      108.11000      -31.31470       27.16930      -83.52370       12.16810        96197700.      0.34310      4.83131
     -19.63480      -37.74720     -107.21400        0.51440     -115.67200      135.35000        18481500.      0.26689      2.58257
     -57.44040       90.71960      -18.27290      -76.33730      129.25000      114.65300        81229600.      0.39416      3.29430
     -33.24680     -104.58200       -4.31384     -142.50800      -96.07050      122.16200        10279300.      0.30143      2.26211
     -50.08560       86.76440      -37.76190      -38.27060      -37.68190       29.52410        19609500.      0.26366      2.02499
      86.61920       48.34560       54.87750     -216.43900       32.31540       58.46940        15256700.      0.30117      3.20691
      70.85800      -53.75520       61.91510       15.15420      105.77900     -235.60000        16148200.      0.28313      4.01163
       7.34600     -108.29100        5.57314     -117.90500       35.62160     -127.12900        24105400.      0.31820      2.74628
     -16.64040       11.02960      139.50200      -52.55700      137.39200     -191.45900        55283000.      0.47941      5.17940
      14.67400      101.42200      -33.54820      -13.48010        6.00854       10.80040        14930300.      0.26453      1.91682
      -6.98640       66.72560      -83.29010      -13.88030     -148.77000       55.01030        13218900.      0.22681      2.44836
      -4.97400       86.38480      -63.11090      -37.63910        2.18738     -173.42900        61784200.      0.38446      4.25766
       3.03080     -106.52600       18.02600     -127.51500      192.88800     -105.09200        16388600.      0.36005      3.08374
      32.32920        2.26320      127.67800       72.31880       88.53710      -76.45120        11833200.      0.14045      1.92455
      30.23120      -18.74560     -102.75800       38.94770     -157.61000     -186.67800        11155100.      0.23480      2.93699
      34.12320      -96.79920       19.71250        1.94223      229.05500      156.85600        14156500.      0.33085      3.88975
      29.03200      -99.03400       -3.93854      -59.33470      240.55700      -68.39670        14331000.      0.31235      3.06500
       9.22280      101.18200       66.53520      -63.74910       54.53840      -92.26710        12390500.      0.22490      1.87594
     -63.85960       83.17520       21.30540      124.80700      -95.01360       90.00300        11162600.      0.17822      2.41867
     -83.88320      -28.83600       64.57000       -4.30948       18.07510       77.67760        11224500.      0.17551      1.90175
     -42.42800      -53.80360      -81.13410      -50.86040     -169.65300        5.68541        26858100.      0.29705      2.73908
      80.20080      -33.48560       50.96700     -128.59400       60.77900      -20.61560        10967500.      0.22190      3.22008
     -34.85600       90.42560       68.39490       45.41960       89.68380      -28.17620        34686300.      0.33241      2.99364
      50.88160       37.91840      -77.72360      -76.86790       87.83900     -204.96600        19506700.      0.28340      3.43598
      -6.45320      -94.22360      -41.54350       31.66620      -12.18580      177.74000        31214700.      0.33615      3.78733
      -2.93680      100.51100      -20.14480       88.12900       66.76080       88.28780        10285000.      0.23172      1.78743
     -64.98960      -61.25400       57.40400       59.50240      103.59300     -119.65100        10024800.      0.24211      2.38523
     -37.01800      -74.54040      -58.26910      151.08200       87.74810      172.84000        19229800.      0.22714      2.66502
      40.81680      -18.56840      108.51800      -21.42130     -146.42000       23.45910        41644900.      0.41808      2.97637
     -71.83400      -30.20280       73.23460     -109.70200     -130.22100      165.36300        10391000.      0.21778      2.90825
      47.92960      -72.54680       41.35850      162.77200     -163.41700      -85.65750        12728800.      0.27135      2.99137
     -11.71560      -82.23040       65.02040        0.80669       -8.22460     -133.73600        11325400.      0.22815      1.82343
     -65.94280      -33.45120      -57.59380      224.24300     -174.49200      158.13900        33643800.      0.59167      5.44998
       4.03360      101.03100       17.92830       56.76290      -11.48330      163.44900        13648800.      0.33825      2.39721
     -51.74880      -80.61920        5.80317       15.00120     -111.18100      170.86000        15432400.      0.22268      2.64601
     -38.79280      -10.67360      110.97000       25.64790       26.15720      199.64000        21543700.      0.24721      2.78447
      38.82360        6.18800      107.35200      -21.11390      170.06700     -214.04600        13625000.      0.28143      2.32148
      18.73480      -51.12280       92.26920       13.97510     -237.50000       -0.79190        54803800.      0.46525      3.92932
     -14.62320      -62.91800      -73.33690       21.29060     -176.07200       84.72890        45375700.      0.39044      2.90432
      34.23760       -5.71480      -87.79880      148.15200       45.04400       59.51690        16098600.      0.19061      1.95518
     -26.97880      -74.37160       56.71480        5.11803       20.38910     -148.93200        13164200.      0.22631      1.88957
     -41.53760      -46.15080      -68.75260       29.53030      -71.52390     -272.02400        20263300.      0.39206      3.11482
     -82.68880       -0.87720       16.58070       -7.37728      -66.79180      -47.23500        18034500.      0.26160      3.65831
      -1.94120       74.88560      -48.36860       70.47840      -16.33490      160.15800        14292300.      0.27572      1.87514
     -17.85600       86.34560      -17.40980      -88.76760      175.84900      -78.94500        22291600.      0.20649      2.75462
     -68.61840       45.45960       -7.52329      147.90700      -56.78490       57.23120        14771400.      0.19618      2.67392
     -51.93200       -5.23440       89.27640      213.16700        6.49264      -15.51190        75471500.      0.45290      4.32025
      49.16760       23.78440       85.68940      -43.93380      104.06400      -26.02350        43532700.      0.30175      2.35316
     -54.30840      -57.12800      -35.01440      248.69300       11.37140      -46.58460        51796300.      0.39947      3.96695
      11.03040       -9.79480      -91.81670       43.43280      147.02100      171.42200        11834800.      0.24622      1.83694
      26.31280       85.59960        7.43331      -10.64300      -61.62560      -33.05670        61829300.      0.33233      3.41229
     -65.03520       43.64080      -13.92070      163.99600      -26.80220      145.33000        12635800.      0.26908      2.40098
      15.76160      -75.47880      -34.96580       59.00810        9.22542     -205.53600        12842800.      0.22508      1.85350
     -17.32520      -64.28400       65.39140      109.41400      116.33100     -237.24600        17991700.      0.24330      3.18630
       7.00680       81.18200      -25.20160       19.61940       11.09630      145.53700        10607100.      0.19419      1.82137
     -19.63000       38.69920       96.41920       -3.36307      -31.47640     -254.43900        72241400.      0.55147      4.09034
     -56.31200       30.49640      -44.77950       50.02660     -120.46000      -59.28200        10412300.      0.18890      1.87288
     -39.58680      -49.59520      -56.64200       31.33110     -133.22100     -263.39700        60970800.      0.42353      5.20657
     -60.92720       15.03560       61.14310       -0.57383       95.22740     -267.06600        12125700.      0.28917      2.92097
     -13.45280       52.09360      -60.97440        3.67532     -109.68300       -0.72418        12662800.      0.19455      1.93739
     -49.37960      -27.86680       69.49230       58.43620       32.20040     -262.88600        11095900.      0.26096      2.28725
     -10.62280       75.36600      -27.50090       29.34510      154.05200      141.14500        21174900.      0.25645      2.65571
      -4.17880       52.82600       84.33330       -1.26330     -270.78100     -126.70500        12759800.      0.35203      2.23728
     -49.52240      -12.45480      -61.21980       42.49150     -191.85700       97.54530        19984400.      0.24803      2.67515
      49.27160      -55.31840        4.82812      -10.48130        5.88271       15.35740        10487000.      0.18997      1.42022
      19.85760       67.84160       61.15600       93.73600      210.37700       -9.76702        49105700.      0.31726      3.09984
       5.04800       76.62520      -24.97770      -27.44660       40.58140     -217.68400        10571900.      0.22891      1.76827
      25.86720      -24.51120      -76.12860      130.15700       27.60410     -237.41800        10254800.      0.20865      2.21609
      -8.19080       73.62240       52.61430       51.22010      208.73100      -49.09060        35436600.      0.19891      3.01402
       3.70560       25.98960      -78.49150      168.59300      -95.87720     -221.76100        66616500.      0.44495      4.04041
     -31.96720      -54.86640       55.63980      112.51200      241.24800        1.40323        17615200.      0.24972      2.48955
      41.22160      -37.57760       59.48970      -23.85350      212.99400      -50.61660        58665400.      0.32234      3.18700
      40.66840      -15.25280       72.72960        0.99278     -159.74500       22.58490        25981700.      0.31324      2.07043
       7.45880        7.59160      -81.48390      209.05900      -41.86720       72.42410        19013600.      0.29736      1.94171
     -66.94280      -12.15200      -12.75350      -28.46390        0.94294       33.04070        11808300.      0.21277      1.93978
      52.42480       52.37040        2.49162      -10.40250      103.89400      124.50800        35150200.      0.31976      2.98904
      44.38200      -55.29200        7.58467      117.05600      -33.04370     -229.68100        83647800.      0.56396      4.26564
     -49.55680       24.26920       63.01820       68.55860       11.87240      183.64200        15026400.      0.22594      1.96277
      21.98400       54.95240      -47.26550     -111.90500       38.74620     -286.08400        36772500.      0.45277      3.56622
      10.08000       58.07320      -47.24540       66.86870       19.66530     -178.46900        33289000.      0.31760      2.89316
     -12.03480      -74.54960        1.74133      106.31300      137.12200      153.22400        16098500.      0.26653      2.49366
     -38.09680       19.25840      -57.97300     -100.11600      194.11200      190.25700        12896900.      0.25257      1.84092
      33.94960       31.53240      -55.37100      134.43000      156.87600      114.70600        10474100.      0.27594      1.75329
       8.93720      -68.76800       29.00230       29.54580       27.22340      185.63600        57387500.      0.40361      3.15433
       4.42840       11.41440      -76.88990      197.54200     -108.86500     -211.92000        50615500.      0.41463      2.95525
      20.69360       71.45840       14.57040        5.82947     -279.99100      144.57100        37096000.      0.32564      3.63363
      23.13720       59.52320       50.79380      103.60900       27.08460     -103.53400        20000000.      0.26025      1.52208
     -27.23400      -53.38600       46.06800       56.01640        9.45068      228.57300        22437600.      0.22980      2.10419
     -41.12200       -5.40480       67.18560      -10.34730     -120.99400        5.29264        20078500.      0.24026      2.05588
      12.89040       70.84840       18.23960        2.14539      250.01200      -89.81080        38200600.      0.29135      2.97039
     -25.26720      -42.48000      -54.49740      299.23300      -52.56420      175.17700        39288400.      0.47607      3.55055
      28.69200      -58.32760       14.91420      149.44600      291.67900     -108.71700        10281800.      0.16995      1.73382
     -14.96720      -19.03000      -70.99640       45.33430      172.88800      138.21600        11994800.      0.15460      1.47710
     -51.18120      -15.63800       42.27600      101.55100       18.17910       97.04610        11497400.      0.18266      1.44080
      13.51440      -19.92320       74.87730      -55.55990     -221.89900        5.45314        44815300.      0.31294      3.04276
     -27.93240        1.35400       73.74110      -40.51790     -145.79600      160.16800        10362700.      0.20991      1.39337
      30.09840      -24.49080       60.43680       34.72490     -200.87000     -164.40400        20272600.      0.35695      2.55056
       1.75240       44.02560       68.42770      -11.19290        6.27295       90.01770        53525600.      0.30499      2.44193
     -16.44640       57.75080       41.47590      -95.05510     -102.80400       84.33490        33488600.      0.29828      2.23298
     -29.10240       19.05600      -55.62630       84.81120       80.14080      251.28300        11138000.      0.21940      1.38869
      26.47560       21.09160      -57.26960      -60.41050      148.50100     -189.58700        10859100.      0.19210      1.84409
      -2.26120       60.26560      -22.57160       -3.56005      106.45900     -259.68800        22536000.      0.23365      2.05177
      29.30080       43.26560       50.81900        9.05061      216.73400       34.11370        15289500.      0.24568      1.92866
     -47.57040      -37.46960       17.07890     -219.17400     -115.13100      146.85800        72248800.      0.45055      4.09929
      12.01040       44.44400      -45.17250       -0.20756      -58.43920     -178.02300        17872500.      0.20382      1.53071
      31.38840       54.70080       11.11960      -73.02000      190.63200     -201.47400        14807700.      0.21054      1.86850
       0.42960      -61.70320       20.96140       29.05440      138.49100      207.92200        23036700.      0.28123      2.00116
     -36.69560      -26.50680       50.05950      252.25100       78.36300      148.65200        20232000.      0.26834      2.56083
      -9.86520      -26.77680      -62.83660      100.93600      -11.42760      -24.40570        31349200.      0.19103      1.74608
     -28.01640       31.44000      -44.64620     -217.83000      202.51100       97.20940        90232900.      0.60655      4.30743
    -208.10900      205.15800      824.25400       92.31550      -69.79110     -274.56600        25129600.      0.31232      3.48088
      47.35680      -21.90960       23.47760        0.06745     -209.58800     -144.51600        15856600.      0.24076      1.95918
     -21.31120       33.99880      -46.41140       69.24860     -223.62300      104.61400        90007800.      0.50413      3.33316
     -22.57160      -34.01040       55.90440      -68.30250      -52.55430      -27.78540        56120500.      0.32260      1.82951
      -1.72640      -55.12720       32.65450     -159.66500      114.89900      258.34200        15604400.      0.17977      1.89227
      -3.56440       22.05280      -60.09510       30.38500     -169.11500     -153.66700        37169800.      0.27186      2.24535
     -18.55280       54.98920       26.31420      148.94900      -79.02640      171.39900        14276300.      0.25990      1.87243
      49.73600       11.42440       20.71540      149.50900       -5.58655       91.25000        21743500.      0.19047      2.89645
     -27.42400       48.26400       25.90220      195.14600     -259.19200      104.85200        14701600.      0.19839      2.39769
     -14.05720      -52.13800       32.81390      -30.60420     -283.08100      -34.13560        19472600.      0.24730      1.95039
     -30.33960      -47.59440       20.83880     -204.46300     -102.66900      168.44000        15809400.      0.28652      1.87373
      34.35040       17.56280       53.81730     -170.70800      -40.20930     -123.16100        31040600.      0.25548      2.26894
     -18.39120       36.08680      -41.40110       36.94750     -265.27700       65.90660        72326900.      0.35998      3.31006
     -18.66560       16.04280      -54.82770       31.46620     -213.46400      -50.68620        24071300.      0.26126      2.07356
       6.44680      -55.78720       -8.91428       66.39350      186.38400      278.45600        40156900.      0.31128      2.92124
      40.95800       33.69040        3.12186      169.05000       73.67930     -219.28700        14000600.      0.32453      1.81491
     -47.27920      -20.02120       -0.99438       25.74520      -28.56020      272.28900        17158100.      0.31246      1.88815
      18.51800       45.94200      -25.16720      -86.60460     -122.83200     -235.45300        56011700.      0.50123      3.01555
      15.85400      -47.22000       23.67790       55.09560     -320.52800       36.82010        12306100.      0.35120      1.74768
     -38.55080      -14.39560       37.15010      306.40500     -229.45900      -16.37840        13641600.      0.37524      2.20319
      17.27120       51.46000       16.99810       29.99380        3.09429      -91.98240        34500200.      0.31169      1.66746
      -3.07200       35.52200       54.32640       40.37610      -59.72030      180.43500        10093700.      0.16346      1.07852
     -17.91040       35.88760       46.08050      218.56800     -266.14600       77.72460        49076800.      0.48612      3.64948
     -18.19720       -2.53560       60.79090      -45.56780      180.71300     -285.04600        44296600.      0.43341      2.80616
       6.02440      -50.69280      -13.64280       14.95010       78.87990      176.85800        10254500.      0.21212      1.40641
      32.41600        9.73720       46.29840     -115.13300      288.83000       28.85900        16741200.      0.28294      1.88556
      27.21200       44.86240        7.94218      -37.71120       38.85680     -210.94700        36971900.      0.29117      2.24158
      22.73600       42.64880       30.80690      -19.71630       19.60830      195.04700        32213100.      0.27925      1.66371
     -22.39000       28.60120       46.05220      227.67400     -259.37800       76.84840        19485300.      0.28723      2.44913
      23.97840       27.49760      -34.82920     -211.88900       37.94170      191.09800        11767900.      0.19817      1.41165
     -21.09920        4.99200      -48.86940     -102.36200     -176.12700     -250.64700        21887300.      0.30668      1.95824
      12.09120      -27.41400       47.53090      -40.71700     -191.79700        6.37924        19301300.      0.21162      1.55506
      33.83360      -15.25560       31.47120      -46.95450      152.16100       69.49380        13655600.      0.17333      1.49763
      11.78520      -16.63880       53.47300      -76.93850      256.61600      135.57300        11496900.      0.18448      1.39125
      21.89600      -23.09480      -39.24940     -352.46200       25.23510       35.43770        10641900.      0.26168      1.72499
     -24.04280      -39.04760      -15.53390      -64.59030     -126.88600      215.13200        57515200.      0.31826      2.43167
      39.22760       15.35360        7.01570      150.29300       27.65590     -223.99100        12043400.      0.21708      1.40221
      24.51160       33.01840      -20.08770      241.57400      155.73900     -207.48900        18156100.      0.32834      1.90525
      -0.05760      -28.60120       44.41440       50.30000      242.74500      155.08100        11362600.      0.23614      1.35580
     -31.04920        3.41480      -31.63840      -74.49940      242.03300      109.15700        26088300.      0.29505      2.10057
     -24.41600       -3.44160       44.65080      287.75600      -15.17050      -57.11470        12647600.      0.18594      1.44496
      16.62000       35.55880      -21.20310      -34.95080      -46.46650       76.49460        11801200.      0.17592      1.10193
     -14.66800       11.22200       51.98540      216.75600     -262.95700       90.51630        15185100.      0.30975      1.80712
      24.21880        2.24160      -38.10550      178.20300      335.35800      -12.69300        22639700.      0.53450      2.36616
      29.46120       14.19640      -26.21360      119.73100      308.53800      169.61800        17520000.      0.30187      1.89784
      29.24320       24.70720      -14.16140     -154.50700     -233.36800       49.73720        13907300.      0.20653      1.45225
     -37.04600        7.91560        3.04226      176.03600       27.90120      -72.41480        37190400.      0.29521      2.31148
      -8.30000       41.03400       -5.40455      -41.90300      -28.54920       70.47370        57215600.      0.35891      1.81527
      21.63760       36.29680        3.91826     -136.56000      154.35600     -312.06300        11927100.      0.17716      1.38570
       7.31080        7.73600       48.49890     -165.32200       44.33380      365.42300        12367800.      0.37424      1.33732
       0.21920       39.45240       10.85760      121.72100     -336.68000      160.08900        17569100.      0.38681      1.83420
     -31.05600       -6.56920       20.15750      -47.39540     -211.45400     -291.45200        26050900.      0.32983      2.64031
       2.84120      -34.40040       19.18570      122.17100      193.09900       49.35870        44154500.      0.31452      1.72390
     -17.58600      -27.60280       20.99390      103.03800       96.91230     -151.58900        12884200.      0.20750      1.09138
      15.40000        3.88720       40.73060      209.78800     -152.31200       84.90550        13736900.      0.27229      1.43433
      30.01440        7.51400       -4.32761      295.22700     -114.39400     -207.26900        12324100.      0.20030      1.41488
     -22.76800      -17.54800      -16.82360       54.75380        2.82772     -340.80800        10101900.      0.15625      1.05488
      -9.29760       31.67480       -4.53596      -13.75730      -27.33030     -382.55800        35626500.      0.45338      2.06951
     -26.50600       -9.70320        5.17155      -12.97620     -233.04400     -304.44400        24729500.      0.40930      1.96094
      -5.37520       29.21160       -5.06364      -54.96530       29.73060      101.01300        13871500.      0.13983      0.86186
     -21.35560       -5.45520       22.29880      113.09000      -62.76260      274.23000        18938900.      0.24485      1.51569
      15.72680      -24.04280        0.72594     -129.43200      -84.98490      343.39400        97925200.      0.37263      2.56991
     -19.38040        9.69760       23.20270      217.40300      163.62000      102.04200        12010300.      0.24117      1.06999
    -246.00400      278.68400      706.35700      134.27800      -87.17620     -291.39500        25196900.      0.28705      2.09584
      -4.68880       20.34960       -8.55521      120.45300     -295.19400        0.79137        10267400.      0.21329      1.04076
       5.05760      -14.50080      -21.22270       -8.98147     -205.46100     -204.84400        10792000.      0.24027      1.03732
      -5.93120       -8.57680       23.03800     -258.89800     -167.37900     -141.77700        27971100.      0.25804      1.22044
      -4.77120        9.99280       24.79580       26.93880       85.15280     -398.97900        30741900.      0.27569      1.21911
      -8.13520       17.62880       -3.26605      118.76300     -223.11500     -111.34300        12705700.      0.15292      0.84320
      -4.34640        3.10480      -12.20500      212.63400      -27.54760      375.23200        15356500.      0.23532      0.84270
      -3.28720      -10.73800        4.35021      -69.73250       10.32840     -423.86500        88143200.      0.45571      1.86395
