     -65.29720       -0.59880     -797.67400       56.23330       80.10690      -33.33340    2.8890600e+08      2.14498     45.44600
      16.74720      119.07000     -656.69800       -8.24984      -12.27030       36.91650    2.7645100e+08      1.11764     24.73950
     315.41400      114.39700     -626.72600       48.03560       86.94890        0.96334    9.6237800e+08      1.28460     32.58960
     -32.53840     -400.71000     -499.26900      -39.63380       65.10570        3.63568    5.8333400e+08      1.99385     27.48560
    -408.91200      181.11800     -324.12900       43.23300      -84.91770       32.31960    5.5975700e+08      1.33251     36.63180
    -370.60600      231.76300     -318.66700       39.61550      -96.01710       29.19940    4.0793500e+08      1.03530     37.99730
      41.77840       67.99320     -428.85900      -11.24050       69.29330     -100.67300    4.9044600e+08      0.79561     32.19730
     -95.22560       81.29480     -424.85900      -48.22390       43.40470      -31.85040    7.9770600e+08      1.48428     23.92150
     -21.25280     -398.22700      -90.78340       33.80620      -29.78880       87.86570    4.6595900e+08      1.03731     12.71010
     238.48000      407.45800      -26.06730       12.09710       20.94830      110.95000    6.1766000e+08      0.96929     28.87060
     -15.70320     -391.67500      -69.97200       38.71130       21.19520       68.73570    5.8734300e+08      1.21825     13.65310
    -102.36000      -27.34160     -286.82500      -21.70680       92.51520       -1.86004    3.1874000e+08      0.76479     13.36880
     173.57000       -7.58600     -221.64500      -41.41510       19.18860       65.07000    1.2010800e+08      0.47093     11.82290
      -4.84440       15.57120     -266.73300       66.18520       86.70110       38.80420    1.2610500e+08      0.77481      7.87042
    -224.38300     -259.95100      880.38800      -96.77790      104.16500     -117.15900    3.3431200e+08      0.77140     34.03620
      10.73560      222.95400      -95.23780       32.47580      -98.87240      111.25500    4.3093000e+08      0.74472     18.74850
     -25.56000      188.28900     -132.50000       -7.53933      -39.91440      -78.27080    3.5004300e+08      0.95976     12.50460
     151.52900       37.39000      446.26200       11.22700       21.56720       63.57280    6.6210100e+08      0.71679     20.58970
     135.15800       46.39240      297.71000       -0.53150       19.62890       85.32410    3.9508900e+08      0.54946     13.93820
    -370.38800      612.58300      846.14900      -67.24540       49.46860      -81.55590    7.1992700e+08      0.86552     21.32460
    -286.83300       18.41080      461.88900      -91.57740      120.38800     -161.91300    4.4669800e+08      1.04358     31.17120
    -123.39800     -119.43600      -79.92170       62.62310      -72.62020     -148.10500    8.6893700e+08      1.53801     18.03720
       9.64440     -159.10000      -78.42970      -43.03870      138.95500     -158.72500    4.2793300e+08      1.04364     12.48330
     -85.41040     -153.92100       93.51080       23.97360       99.69700        8.13013    8.6713900e+08      1.45604     18.32810
      74.45720     -147.81700       11.04800       56.52480     -170.62500      -64.28730    2.1435700e+08      0.67979     12.06960
      -8.02840     -162.66400      -14.63200      106.82200      150.14900      -34.39270    4.8063000e+08      0.93587     13.32400
      41.57880      158.52800       50.67340       47.08790       60.37910      -90.90150    2.3345000e+08      0.56370      9.70393
      -1.38920     -145.54500       36.85250      138.45100       -0.33742      -89.20060    1.2886500e+08      0.62428      4.49723
      44.45560       68.60800     -104.44500     -126.00000      100.92800       56.67930    4.5228400e+08      0.97647      9.88465
       4.51400       55.66120      170.94900      -53.59020      -99.43370     -124.18300    6.0521500e+08      1.46341     12.53840
      16.05160       59.06760      161.37100       23.93310      250.52300       12.39250    9.5260300e+08      1.35706     13.47610
     -11.09040     -105.77600       59.25010     -120.63400     -150.63800     -145.02000    1.0390600e+08      0.55861      7.43225
      20.93480      -10.72240      139.60900      -23.45130     -128.72000     -188.19200    3.2039400e+08      0.73336      9.19253
      12.87880       24.58120      134.04900      -48.21090      -46.91670     -145.48100    2.3715300e+08      0.39723      5.74835
      53.42520      -66.00720       61.31620      219.42300     -124.66500      -89.77910    2.5617200e+08      1.16033     10.70130
      16.17920       74.93240      -21.41710      -64.67780       98.05370      193.18600    1.2224100e+08      0.54301      4.50055
     -18.51880       16.39800      -24.66880     -108.70000      -81.80590      243.85800    1.8341100e+08      0.39466      3.00320
      -9.27160      -18.74960       -6.42079      -41.60600      355.77600       10.49110    5.0884900e+08      0.93710      3.97724
