    -283.28600     -328.11000     -658.92900        7.37639       11.05070        0.87410        13862900.      0.31163      8.52443
     185.54800     -261.13300     -658.68500       -3.22418       14.15490       27.89840        30015500.      0.47997     11.97650
     195.72500      -80.89960     -685.41500       11.99980        0.24161      -12.00820        54387700.      0.55122     11.13240
    -287.26900     -375.74800     -506.04000        4.09853       17.82610       21.42410        18662800.      0.29387     18.68250
    -267.40400     -364.27900     -515.62100       10.69910       15.88380       20.79050        28995100.      0.32757     15.49310
     -58.38440        7.35720     -672.52100        0.73602      -11.96320       39.14250        22483200.      0.35100     14.87260
    -186.47000     -361.79800     -525.56100       26.11860       26.56130       27.24630        15088200.      0.34881      8.04168
    -271.80800     -257.21200     -484.15000       36.06800       20.40870       38.68300        16563500.      0.27395     11.04040
    -349.18800     -260.01400     -431.67900        0.83844       16.71260        2.74568        34984200.      0.42826     10.15410
      20.17880       74.06120     -567.37400       -4.06141      -15.25680       62.91470        13670300.      0.41328      9.52369
      92.48840       39.52440     -531.00400      -13.60270       -3.74167       32.00940        13848000.      0.40362      8.72294
     -63.56000       13.79160     -533.74600        3.41756      -15.99000       76.61610        14436300.      0.25257      7.75492
      80.08360     -158.13900     -488.58700      -19.74990       10.99290       77.54170        17671600.      0.52099      7.90172
     227.78300      -97.88240     -446.88100      -44.66550       17.34270       71.58800        10792800.      0.23231      2.96762
    -126.75400     -396.86600     -266.03000       15.80160       38.30770       34.61830        11679200.      0.26772      6.53794
     503.32700      182.08100      -39.27970        0.33308      -16.38230       -8.01791        17055100.      0.24734      9.37232
      55.91880     -249.42500     -331.36400       -9.72605       54.96260       70.25220        17304000.      0.21506      7.88859
    -101.76400     -523.03500      262.99500       14.53380      113.45100      -54.78530        21642400.      0.31982      9.03750
    -101.63500       32.72280     -375.06300       30.95150      -10.81420       53.14040        11281800.      0.34169      6.37965
     -59.17920        7.38400     -320.96600       14.17140      -26.66740      149.90300        29557300.      0.74007      8.51648
     -77.40160     -360.83900       35.26670       -5.27070      -14.33370       -9.99000        15445300.      0.19396      6.40728
    -101.94900     -273.61900     -147.45100       40.89990       97.17380       67.08840        30800200.      0.46272      7.72631
     229.21000     -293.04800      174.37500      -83.89930      135.31400      -97.24670        67933700.      0.72670     16.66200
     -13.83560      141.63600     -278.40400      -11.83400       13.83030      -43.38520        18282600.      0.27909      5.76895
     191.22100      380.09000       91.76510      -10.49850        7.73137        7.18837        37830800.      0.33582      9.13124
     -94.15440     -258.36700     -137.88100       39.95680       91.15680       80.29900        18924400.      0.27557      5.40836
    -259.61700     -107.17200     -115.16600      -46.90140        8.01960      -28.78540        21633200.      0.31734      7.79056
     249.15200      224.12500       -5.51284       61.21560       69.06980      -24.45340        11179600.      0.22129      5.24467
     -84.54200     -311.03900       69.74150      -19.31940      -78.73980       16.45570        11208400.      0.22871      4.29650
     229.32100     -197.13800      366.13800      -12.76880        2.24792       13.20680        17529100.      0.32417      7.29061
    -207.88000     -227.74700      -34.74740       29.08590       39.24240      -29.32680        63305800.      0.36428      7.40731
     -15.57720     -227.48600     -161.75800       22.40250      -85.27010      -25.45500        11056100.      0.30855      2.96319
     303.69400      -96.66680      147.08700     -159.08700       55.27950      -71.05380        68115200.      0.65985     18.78570
    -135.42100      244.18600     -130.68100      -51.06660       34.69210      -14.82270        32307500.      0.30056      6.38962
    -118.55400      145.93500     -207.10000       44.81850      -63.07100      102.92700        12625600.      0.27799      3.99545
     202.74000     -203.44100      309.44700       -8.88028        1.45099      -14.19560        23080400.      0.40775      9.62200
      78.27240      -97.56560     -241.44000      -14.57520       23.37420       -5.35178        24731500.      0.21210      5.08313
      26.40720     -293.67800      107.78800       10.30480      -65.20990       56.42620        13389800.      0.28923      5.40579
     202.96800     -214.95800       57.20880      -65.97450       56.69230       -1.69673        19545700.      0.27787      7.59133
     192.27800     -204.94300      222.44600      -47.77490       26.34820      -34.17830        17623900.      0.25860      7.70083
       6.31320      460.75600      235.95300        0.04015      -54.89230      -27.74800        12712800.      0.31479     11.78430
      46.12800     -222.65000      554.90000       -3.07895      -10.27020      -10.38770        11647300.      0.27998      6.60757
     -79.18920      412.54800      192.73100        7.03825      -75.49570      -29.60220        40375800.      0.48085     12.80030
     137.26700       48.36120     -199.46700      -66.86330        1.18624       97.14970        22914600.      0.21433      5.10243
      60.37440     -266.59400      121.70600       28.62130        2.92601      -19.19020        47279600.      0.35343      7.52825
     239.70900      -50.48760      378.11900       27.54620        1.85778       47.59410        11159800.      0.24983      3.73810
      73.32160     -188.87100     -143.66500       -7.86106       84.10830       60.56230        64240300.      0.36176      7.76223
    -233.97600     -168.32600      303.96900       24.85010       11.05450      -30.77210        29464600.      0.34383     10.37740
      64.03760      -94.06520     -211.01400       -9.84995       56.16120      103.97900        21860300.      0.25307      3.62051
     217.74200      -83.69760      271.25300       48.48650      -22.21600       57.60150        47758400.      0.43576      9.15322
      26.02240     -204.30400     -121.50300        6.20641        0.07139       -2.04166        41905100.      0.26129      5.59068
    -110.21200       -8.39040     -208.94700       34.68420       -4.01720       52.24880        48900700.      0.32823      5.61266
     218.19100        3.30080      361.73900       -7.51558        9.11730        8.18230        12002600.      0.25471      5.45868
     -98.83240     -121.45200     -173.66700      105.43000       79.29690      149.53500        58680400.      0.36250     10.82710
      11.19160     -203.42200      321.88600      -27.53620      -16.94630       36.43490        37447900.      0.51333      8.17291
     -28.56520      261.08600      -55.42750      -20.03240       92.13160      -38.47920        29668000.      0.28790      8.64623
    -123.30600     -211.52800       70.88890       31.75890        7.44800      -30.80350        21346800.      0.28857      4.83232
      44.87480      -75.79000     -203.20000      -33.78230       72.42630      187.24900        32337000.      0.38386      7.29825
     179.56400      -89.76680      241.38700      -23.88500       42.45080      -17.52340        11533500.      0.27577      5.09926
     113.88500     -184.98400      165.72100      -25.02030       63.87000      -31.56620        59015000.      0.79938     10.47680
     154.03200       67.78080      480.47800        7.76867       25.31580       61.18320        19581200.      0.30020      5.66349
     123.49300     -159.58600      210.43000       68.53900      -83.40620       67.01130        38295700.      0.42373     13.22780
      87.81240      252.31600      229.78700       13.03160       98.29780       73.18260        30816000.      0.45941      6.09054
      43.49440      149.83100     -144.22500      -29.13520      -42.70170      -19.92590        19115700.      0.24082      4.54199
     138.23900     -138.29700      197.47000        6.30617      -20.52630       12.65300        13668000.      0.26622      4.27856
     209.19200       47.80840      165.20000       70.05150       21.68550       58.13420        11431700.      0.19316      3.21565
     175.14700       77.76720      212.63200       63.40650       21.08750       87.76440        18022600.      0.33210      9.10017
      97.43840     -127.43300      257.74600      -54.57760       88.97840     -112.10500        99965400.      0.82342     11.70570
    -228.56200       63.92600       64.00760      117.11700      -37.40950      -57.79420        16829900.      0.36080      6.92701
     143.42000       20.28560     -128.58600     -160.73700       -2.67363      106.38200        34971600.      0.60476      7.70902
    -197.29000      -77.07160      186.02900       10.24320      -14.17550      -22.05970        50247500.      0.46442      7.14672
    -113.78700       -8.66600     -161.93700      -46.71300       -7.26444      -83.11610        17817900.      0.29512      2.55580
     -99.19080      111.68200     -127.59900      123.51800      -80.75150       98.67110        14106900.      0.20256      5.25527
      84.32080     -144.61800      -93.25620       44.41270       23.81530      -41.29780        85671500.      0.42313      6.37743
     138.08200      -23.06000      251.95000      -27.12060       -2.77534      -58.80240        20075200.      0.24015      6.07230
      18.44600      232.10900      334.54200       17.91220        4.63194       30.08310        29200500.      0.31675      6.79630
    -183.99600       92.81600       -4.16268       22.55010      -22.90810       48.98750        21046200.      0.28602      4.77414
     -46.14720      209.02500      242.93000      -14.93550        1.72781       26.36390        13519700.      0.17727      4.31355
     -91.12680      209.49100      212.79400       13.22420        2.97330       38.06540        79034200.      0.40818      8.07363
      92.43840       49.56760     -142.81500      -54.03000      -22.95430      -24.40350        15257900.      0.18946      3.62034
     -76.87480      202.04400       34.47480      -16.39840       39.35190        6.99805        92562600.      0.47834      6.18138
     -65.93920      129.05100     -112.49600      -36.09980       79.34360      -96.83690        32826500.      0.25527      2.87903
     155.21500       98.59480       -8.07452     -122.99100      -29.86390       56.50290        11771200.      0.22346      5.40403
    -151.12400      -96.07840      118.36800      104.82500       69.11940     -108.75400        16741400.      0.34009      5.21531
     -77.14960      175.00800      188.58200      -11.15160       86.47320       71.75690        15003600.      0.38083      3.16585
     -65.41520       65.72360      381.14000        3.07536       20.46250      -12.65690        10819200.      0.17079      4.21882
    -113.48800      -77.19320      -97.14440      133.02000      119.60900       53.93790        12118200.      0.32778      3.90260
     111.59900       40.97120      198.42900        8.08725       -4.37646       79.36160        69963000.      0.38158      5.82652
      57.39840     -113.41400     -106.50200      -90.51570      132.49300       80.62560        20880500.      0.29441      3.47870
      34.89120       90.56160      254.63600       -0.75833      -19.99990      -44.18100        76254300.      0.37998      5.92790
     -13.15640      190.73700      480.07300      -13.79060      -40.54970     -115.98200        15439200.      0.26844      4.45121
      50.53280      122.86900      -91.59770       16.52390      114.19400     -120.30300        11941700.      0.21837      5.14080
     -66.09640       64.30280     -131.08100       98.98600      -96.68100      172.74200        14968900.      0.20687      4.27186
      50.43920      -42.09200     -145.81200      -22.87190        8.32236       78.65250        14503200.      0.21443      2.60523
      25.75920       96.83640     -122.65800       58.94000      130.28300     -151.75500        29360700.      0.26414      7.12368
      63.97120      138.24800      -46.95080      -26.54300      -15.01060      -18.96280        15296300.      0.23093      2.55271
     -55.70960        5.31040     -140.46900       42.13780       39.15080       22.81230        19328200.      0.24730      2.71016
      81.33040       79.69320      -81.30510      103.94900      165.07700      -89.04350        92144400.      0.43936      9.44410
      25.60880       51.45480     -129.73800       -5.64401       14.53730       43.65640        29290100.      0.30130      2.88572
      -0.35840     -142.04800       53.47430      -28.86340       37.81720      -47.80340        79879100.      0.44628      5.96168
     -93.00080      155.24400      535.71400       36.04580      -36.44260     -145.95800        17887900.      0.29994      7.42285
     -84.59120      122.20500       64.75730      -48.39020      155.04000       48.92870        26484900.      0.30780      5.01752
       2.00000     -141.58300       26.34310       -9.66804       20.08790       10.60110        12066000.      0.22664      2.51891
      10.35600     -136.19000       56.92230      -27.32120     -104.68500       -8.30349        38434600.      0.37413      3.97031
      78.56000      -99.27160      -30.93380     -133.90600      128.38400       95.31590        16352500.      0.27119      3.27739
     100.36800      -65.61320      -44.77230      167.82400      -82.52630      -18.11480        45429900.      0.28940      6.65354
    -122.31000       21.51520      -25.09080     -150.53500       37.22640       52.76420        11104900.      0.21094      4.10895
     -34.86720      138.46800       43.96010        8.36151       37.41650      -45.10650        39889000.      0.28104      3.13570
     -24.98440      136.76600       -5.10172       19.77140      -22.38490      -46.51700        54800000.      0.30159      4.33668
     -87.50520       92.97480      -21.67110       21.03150        4.30096      -32.83470        11596900.      0.22363      2.45083
     -57.00280      101.48400      -55.92680       29.98810     -100.07900       13.94870        12796700.      0.21598      2.47275
    -105.16700       77.95520       36.23290     -145.19300      162.36600       95.45510        56640200.      0.31443      9.13977
      27.95840      120.23500      -29.34980      106.77700      140.51300      -95.91620        21903400.      0.21697      4.71180
     -57.76040       54.03360      -93.34580     -125.62800       26.17830     -149.78600        14341900.      0.21040      2.54845
     -94.10120      -76.22280       38.76830       63.31250       71.59570       20.11390        45977500.      0.39325      4.11777
     -50.29640      104.88000      -37.71580       65.54640     -199.02600       66.22400        17604600.      0.23234      3.32442
     -91.35360      -56.40240       68.15350      -79.35000       -0.52047      113.99400        12552100.      0.18725      4.36125
     -62.56800      -74.65160      -62.66170      127.28900      131.83800      107.07900        94235800.      0.63491      5.70460
     -24.57760     -111.97400      -19.25310        9.60147      208.55000      -39.41200        83837300.      0.48467      4.35134
      19.81720      -23.66160     -114.96800      -82.27730        3.87922      263.42500        83484500.      0.67834      5.31804
     -36.80320     -107.60900      -13.14710       55.59290       52.16570       59.59930        17106100.      0.22292      2.64356
       5.78600      120.50500       24.25430      -12.66280     -244.57500      -56.76630        84221500.      0.40190      7.32209
     -71.80840       49.21720      102.36800       23.28850      -46.05270       19.69770        49046300.      0.33917      3.14521
      78.56360      -49.34000      -39.60270      209.70200      -79.96410      -37.77020        96501800.      0.35600      7.94946
     -83.37520      -67.76160       -1.94097      198.96100      145.47100       12.79960        74582400.      0.42089      5.74542
      -0.37160      108.11000      -31.31470       27.16930      -83.52370       12.16810        96197700.      0.34310      4.83131
     -50.08560       86.76440      -37.76190      -38.27060      -37.68190       29.52410        19609500.      0.26366      2.02499
      14.67400      101.42200      -33.54820      -13.48010        6.00854       10.80040        14930300.      0.26453      1.91682
      -6.98640       66.72560      -83.29010      -13.88030     -148.77000       55.01030        13218900.      0.22681      2.44836
     -83.88320      -28.83600       64.57000       -4.30948       18.07510       77.67760        11224500.      0.17551      1.90175
      80.20080      -33.48560       50.96700     -128.59400       60.77900      -20.61560        10967500.      0.22190      3.22008
     -64.98960      -61.25400       57.40400       59.50240      103.59300     -119.65100        10024800.      0.24211      2.38523
     -82.68880       -0.87720       16.58070       -7.37728      -66.79180      -47.23500        18034500.      0.26160      3.65831
     -17.85600       86.34560      -17.40980      -88.76760      175.84900      -78.94500        22291600.      0.20649      2.75462
     -68.61840       45.45960       -7.52329      147.90700      -56.78490       57.23120        14771400.      0.19618      2.67392
      26.31280       85.59960        7.43331      -10.64300      -61.62560      -33.05670        61829300.      0.33233      3.41229
     -17.32520      -64.28400       65.39140      109.41400      116.33100     -237.24600        17991700.      0.24330      3.18630
     -19.63000       38.69920       96.41920       -3.36307      -31.47640     -254.43900        72241400.      0.55147      4.09034
     -13.45280       52.09360      -60.97440        3.67532     -109.68300       -0.72418        12662800.      0.19455      1.93739
     -49.37960      -27.86680       69.49230       58.43620       32.20040     -262.88600        11095900.      0.26096      2.28725
      49.27160      -55.31840        4.82812      -10.48130        5.88271       15.35740        10487000.      0.18997      1.42022
      25.86720      -24.51120      -76.12860      130.15700       27.60410     -237.41800        10254800.      0.20865      2.21609
     -66.94280      -12.15200      -12.75350      -28.46390        0.94294       33.04070        11808300.      0.21277      1.93978
     -14.96720      -19.03000      -70.99640       45.33430      172.88800      138.21600        11994800.      0.15460      1.47710
       1.75240       44.02560       68.42770      -11.19290        6.27295       90.01770        53525600.      0.30499      2.44193
     -47.57040      -37.46960       17.07890     -219.17400     -115.13100      146.85800        72248800.      0.45055      4.09929
      -9.86520      -26.77680      -62.83660      100.93600      -11.42760      -24.40570        31349200.      0.19103      1.74608
     -21.31120       33.99880      -46.41140       69.24860     -223.62300      104.61400        90007800.      0.50413      3.33316
     -22.57160      -34.01040       55.90440      -68.30250      -52.55430      -27.78540        56120500.      0.32260      1.82951
      49.73600       11.42440       20.71540      149.50900       -5.58655       91.25000        21743500.      0.19047      2.89645
     -30.33960      -47.59440       20.83880     -204.46300     -102.66900      168.44000        15809400.      0.28652      1.87373
      34.35040       17.56280       53.81730     -170.70800      -40.20930     -123.16100        31040600.      0.25548      2.26894
     -18.39120       36.08680      -41.40110       36.94750     -265.27700       65.90660        72326900.      0.35998      3.31006
      17.27120       51.46000       16.99810       29.99380        3.09429      -91.98240        34500200.      0.31169      1.66746
       6.02440      -50.69280      -13.64280       14.95010       78.87990      176.85800        10254500.      0.21212      1.40641
      22.73600       42.64880       30.80690      -19.71630       19.60830      195.04700        32213100.      0.27925      1.66371
      23.97840       27.49760      -34.82920     -211.88900       37.94170      191.09800        11767900.      0.19817      1.41165
     -21.09920        4.99200      -48.86940     -102.36200     -176.12700     -250.64700        21887300.      0.30668      1.95824
      16.62000       35.55880      -21.20310      -34.95080      -46.46650       76.49460        11801200.      0.17592      1.10193
      29.24320       24.70720      -14.16140     -154.50700     -233.36800       49.73720        13907300.      0.20653      1.45225
     -37.04600        7.91560        3.04226      176.03600       27.90120      -72.41480        37190400.      0.29521      2.31148
      -8.30000       41.03400       -5.40455      -41.90300      -28.54920       70.47370        57215600.      0.35891      1.81527
       2.84120      -34.40040       19.18570      122.17100      193.09900       49.35870        44154500.      0.31452      1.72390
     -17.58600      -27.60280       20.99390      103.03800       96.91230     -151.58900        12884200.      0.20750      1.09138
      15.40000        3.88720       40.73060      209.78800     -152.31200       84.90550        13736900.      0.27229      1.43433
      30.01440        7.51400       -4.32761      295.22700     -114.39400     -207.26900        12324100.      0.20030      1.41488
      -5.37520       29.21160       -5.06364      -54.96530       29.73060      101.01300        13871500.      0.13983      0.86186
     -21.35560       -5.45520       22.29880      113.09000      -62.76260      274.23000        18938900.      0.24485      1.51569
      -4.68880       20.34960       -8.55521      120.45300     -295.19400        0.79137        10267400.      0.21329      1.04076
       5.05760      -14.50080      -21.22270       -8.98147     -205.46100     -204.84400        10792000.      0.24027      1.03732
      -5.93120       -8.57680       23.03800     -258.89800     -167.37900     -141.77700        27971100.      0.25804      1.22044
      -4.77120        9.99280       24.79580       26.93880       85.15280     -398.97900        30741900.      0.27569      1.21911
      -8.13520       17.62880       -3.26605      118.76300     -223.11500     -111.34300        12705700.      0.15292      0.84320
      -4.34640        3.10480      -12.20500      212.63400      -27.54760      375.23200        15356500.      0.23532      0.84270
      -3.28720      -10.73800        4.35021      -69.73250       10.32840     -423.86500        88143200.      0.45571      1.86395
