    -283.28600     -328.11000     -658.92900        7.37639       11.05070        0.87410        13862900.      0.31163      8.52443
      71.09560      242.93200     -716.19700       -5.07023        2.41027       12.33610        11047700.      0.20631      7.52569
     164.98600     -246.35200     -674.19600       -9.83784      -10.68580       29.78530        28311100.      0.40444     12.32670
     185.54800     -261.13300     -658.68500       -3.22418       14.15490       27.89840        30015500.      0.47997     11.97650
    -380.07800     -198.02600     -604.71600       14.89250       21.20480        7.96128        32393300.      0.22617     13.14830
     195.72500      -80.89960     -685.41500       11.99980        0.24161      -12.00820        54387700.      0.55122     11.13240
     336.97400     -191.05100     -607.89800      -12.41800      -14.34030      -18.19550        56927200.      0.38708     12.50430
    -348.66200     -366.31000     -519.77600       -5.27545       16.85190       22.46640        99745000.      0.78648     19.21160
    -287.26900     -375.74800     -506.04000        4.09853       17.82610       21.42410        18662800.      0.29387     18.68250
    -267.40400     -364.27900     -515.62100       10.69910       15.88380       20.79050        28995100.      0.32757     15.49310
     -58.38440        7.35720     -672.52100        0.73602      -11.96320       39.14250        22483200.      0.35100     14.87260
      80.62400     -165.25300     -625.73400        1.36454       -7.16092       51.32090        34092500.      0.35162     16.00340
    -186.47000     -361.79800     -525.56100       26.11860       26.56130       27.24630        15088200.      0.34881      8.04168
    -144.00800     -274.23600     -537.78600       23.95380       34.08310       37.10230        12003700.      0.22953      8.29998
    -315.03000     -161.07500     -513.48500       33.96610       27.50920       30.77900        15756100.      0.27009     10.02000
    -271.80800     -257.21200     -484.15000       36.06800       20.40870       38.68300        16563500.      0.27395     11.04040
    -297.61800     -310.43900     -447.78800       -9.08754      -24.20450        5.27898        17809900.      0.31781     11.79720
     110.95600     -160.74500     -568.49300      -21.59950        3.67800       58.03870        45409400.      0.47224     16.04500
    -147.37700     -363.79600     -461.62600       19.40030       42.58770       34.65750        10139800.      0.19354      8.04862
      15.45160       18.89800     -586.09700       -7.60469      -26.88930       56.67190        58730900.      0.46001     18.92550
    -349.18800     -260.01400     -431.67900        0.83844       16.71260        2.74568        34984200.      0.42826     10.15410
      20.17880       74.06120     -567.37400       -4.06141      -15.25680       62.91470        13670300.      0.41328      9.52369
     -64.86720       15.59000     -545.27000      -17.16420      -16.46810      -18.87640        13210200.      0.26035      6.96900
      92.48840       39.52440     -531.00400      -13.60270       -3.74167       32.00940        13848000.      0.40362      8.72294
     -63.56000       13.79160     -533.74600        3.41756      -15.99000       76.61610        14436300.      0.25257      7.75492
      48.64240      251.16300     -480.79100      -16.58980      -22.76080       61.87570        31346600.      0.37521      7.27206
      44.86960      242.84800     -479.28000      -15.24580      -15.92160       66.36500        27153500.      0.53272      6.82922
      80.08360     -158.13900     -488.58700      -19.74990       10.99290       77.54170        17671600.      0.52099      7.90172
     -43.30560        9.40720     -502.95400      -15.56520       -2.60332      -13.89500        11784300.      0.30530      6.61116
      44.02400       43.90080     -500.13800       17.17900      -12.15210       -6.32209        12749000.      0.34976      6.48666
      25.16040       84.95600     -488.78800      -17.75250      -34.27140       77.87900        16290100.      0.51672      7.72251
     -69.52520      -78.68080     -504.08600       20.08420      -19.68120       30.82930        14001700.      0.25517      7.06615
     227.78300      -97.88240     -446.88100      -44.66550       17.34270       71.58800        10792800.      0.23231      2.96762
     310.11700      -66.80840     -375.22000      -49.76820       20.27700       20.03410        11344900.      0.24538      6.86984
    -126.75400     -396.86600     -266.03000       15.80160       38.30770       34.61830        11679200.      0.26772      6.53794
    -412.48400      721.92200      -38.86050       19.19540      -49.46360        7.85214        56328600.      0.49184     14.00110
     337.90900       27.25720     -342.15600      -48.81480       15.09730       24.26110        11146800.      0.32813      8.26043
     170.23000     -130.17300     -386.34800       -7.99897       44.74130       90.81190        33301500.      0.38018      7.59311
    -273.08100      511.02600     -198.27100       29.45220      -85.18780       10.12830        65470900.      0.49802     14.05060
     -64.20320       25.17080     -432.70400      -15.93840      -24.67530       33.50490        12731500.      0.27905      5.17226
     503.32700      182.08100      -39.27970        0.33308      -16.38230       -8.01791        17055100.      0.24734      9.37232
      55.91880     -249.42500     -331.36400       -9.72605       54.96260       70.25220        17304000.      0.21506      7.88859
    -462.99600      216.02700     -164.77600       10.77760      -20.87450       -1.87531        25198100.      0.26417     10.08760
     -66.07840     -581.05800      244.17000       20.19070      113.33500      -64.52680        30120600.      0.34847      7.77986
       9.11320       75.08520     -413.27000       28.03720      -20.83010       41.05840        96532900.      0.50087     10.67630
      39.99320      182.42800     -371.54600       17.91660       -4.22622       13.29730        26828500.      0.44078     10.15590
    -105.38900     -594.53900      278.18500       12.47220       96.06970      -56.32820        11521100.      0.29279      4.97329
     103.62800     -158.40200     -360.77300      -12.96170       26.09620      109.54900        64834500.      0.57956     18.80980
    -101.76400     -523.03500      262.99500       14.53380      113.45100      -54.78530        21642400.      0.31982      9.03750
     192.19900      -29.49440     -335.62900       32.06050       27.26230      -16.25580        22865000.      0.28334      8.05167
     -15.00160     -307.95600     -253.59200       33.92380       39.17740       71.65530        86634900.      0.39890     10.41000
    -101.63500       32.72280     -375.06300       30.95150      -10.81420       53.14040        11281800.      0.34169      6.37965
    -138.05600     -476.30600      217.08500       19.59540      114.51600      -77.15060        53886300.      0.60680     12.74360
      43.67240     -155.58000     -328.67200      -37.44560       56.36580      110.94100        33883100.      0.39835     10.02570
     -70.52680       86.10640     -321.89700      -11.22550      -21.86570      -58.72900        11660600.      0.20244      4.20560
      15.98880      127.02600     -311.22500       35.32020      -38.83610       74.97340        18101000.      0.25106      6.76044
     -59.17920        7.38400     -320.96600       14.17140      -26.66740      149.90300        29557300.      0.74007      8.51648
     -77.40160     -360.83900       35.26670       -5.27070      -14.33370       -9.99000        15445300.      0.19396      6.40728
    -201.45000      439.38600       -1.50778       19.51380      -34.61810       22.45150        23455900.      0.45760      9.77738
    -101.94900     -273.61900     -147.45100       40.89990       97.17380       67.08840        30800200.      0.46272      7.72631
     229.21000     -293.04800      174.37500      -83.89930      135.31400      -97.24670        67933700.      0.72670     16.66200
    -244.85600     -125.23200     -166.91400       98.03460       18.74420      112.82000        13429800.      0.43170      2.87512
     -13.83560      141.63600     -278.40400      -11.83400       13.83030      -43.38520        18282600.      0.27909      5.76895
     283.87600     -132.09000      -95.14770       43.21010      -23.41800       23.50410        92482200.      0.42518      8.86728
     -86.47880      180.34200     -240.37100       23.53400       14.20410      -55.22360        37676900.      0.33405      6.84555
     -51.45960       22.24520     -298.43700        7.22040       43.40080      -80.57140        60707900.      0.39632      7.24646
     191.22100      380.09000       91.76510      -10.49850        7.73137        7.18837        37830800.      0.33582      9.13124
     -94.15440     -258.36700     -137.88100       39.95680       91.15680       80.29900        18924400.      0.27557      5.40836
    -259.61700     -107.17200     -115.16600      -46.90140        8.01960      -28.78540        21633200.      0.31734      7.79056
     249.15200      224.12500       -5.51284       61.21560       69.06980      -24.45340        11179600.      0.22129      5.24467
     -84.54200     -311.03900       69.74150      -19.31940      -78.73980       16.45570        11208400.      0.22871      4.29650
     229.32100     -197.13800      366.13800      -12.76880        2.24792       13.20680        17529100.      0.32417      7.29061
    -207.88000     -227.74700      -34.74740       29.08590       39.24240      -29.32680        63305800.      0.36428      7.40731
    -139.90700     -272.59600      -20.67780      -31.32480      -16.41710      -32.16370        17847500.      0.27869      4.31494
     -61.79840      200.86700     -200.30200      -68.41210       70.35510      -58.12880        17880100.      0.42406      5.35655
     -15.57720     -227.48600     -161.75800       22.40250      -85.27010      -25.45500        11056100.      0.30855      2.96319
     303.69400      -96.66680      147.08700     -159.08700       55.27950      -71.05380        68115200.      0.65985     18.78570
    -135.42100      244.18600     -130.68100      -51.06660       34.69210      -14.82270        32307500.      0.30056      6.38962
    -118.55400      145.93500     -207.10000       44.81850      -63.07100      102.92700        12625600.      0.27799      3.99545
     202.74000     -203.44100      309.44700       -8.88028        1.45099      -14.19560        23080400.      0.40775      9.62200
      78.27240      -97.56560     -241.44000      -14.57520       23.37420       -5.35178        24731500.      0.21210      5.08313
      30.45960       78.10880     -253.92200       -1.42592       18.61720      106.62000        13294300.      0.25077      4.20139
      26.40720     -293.67800      107.78800       10.30480      -65.20990       56.42620        13389800.      0.28923      5.40579
     -90.26680      302.69600      -77.75920      -46.23960       39.75830        3.88455        14588600.      0.20774      5.97762
     202.96800     -214.95800       57.20880      -65.97450       56.69230       -1.69673        19545700.      0.27787      7.59133
     192.27800     -204.94300      222.44600      -47.77490       26.34820      -34.17830        17623900.      0.25860      7.70083
      -1.24920      252.58500     -134.84600      -19.98550      -62.08490      -16.19170        37663700.      0.34291      6.69638
       6.31320      460.75600      235.95300        0.04015      -54.89230      -27.74800        12712800.      0.31479     11.78430
     -79.49280      167.32000     -194.19400      -51.44730       72.76700      -54.36140        12522800.      0.33452      5.16513
     282.28300      -30.90360       68.18290       42.36040      -42.97000      -17.46410        25441200.      0.40026      5.98363
      46.12800     -222.65000      554.90000       -3.07895      -10.27020      -10.38770        11647300.      0.27998      6.60757
     -79.18920      412.54800      192.73100        7.03825      -75.49570      -29.60220        40375800.      0.48085     12.80030
     129.84000      337.26200      131.40800      -24.09720      -25.69850       12.20900        55288100.      0.41229      9.68428
     137.26700       48.36120     -199.46700      -66.86330        1.18624       97.14970        22914600.      0.21433      5.10243
      60.37440     -266.59400      121.70600       28.62130        2.92601      -19.19020        47279600.      0.35343      7.52825
    -247.24700     -163.36200       78.87970       52.67720       17.71740      -66.15780        59113100.      0.72425     10.87260
     239.70900      -50.48760      378.11900       27.54620        1.85778       47.59410        11159800.      0.24983      3.73810
       1.90280      -72.87640     -238.01400      -13.83910        0.26909      189.64600        14191800.      0.40873      6.10445
      73.32160     -188.87100     -143.66500       -7.86106       84.10830       60.56230        64240300.      0.36176      7.76223
    -149.33200     -226.90800      188.69500       19.44590      -24.37930       35.16760        21723500.      0.32124      5.91101
    -233.97600     -168.32600      303.96900       24.85010       11.05450      -30.77210        29464600.      0.34383     10.37740
      64.03760      -94.06520     -211.01400       -9.84995       56.16120      103.97900        21860300.      0.25307      3.62051
    -154.07600      -58.20520     -172.88700      140.90800       67.01870      117.73700        21404500.      0.49815      6.54748
     217.74200      -83.69760      271.25300       48.48650      -22.21600       57.60150        47758400.      0.43576      9.15322
      26.02240     -204.30400     -121.50300        6.20641        0.07139       -2.04166        41905100.      0.26129      5.59068
    -168.18300     -204.87000       74.49600       86.15270       62.41090       23.64000        31155300.      0.30012      8.24322
    -110.21200       -8.39040     -208.94700       34.68420       -4.01720       52.24880        48900700.      0.32823      5.61266
     218.19100        3.30080      361.73900       -7.51558        9.11730        8.18230        12002600.      0.25471      5.45868
      57.51560       43.06000     -219.78000      -29.42440      -30.09860      -80.92780        27880200.      0.25550      3.76166
     -98.83240     -121.45200     -173.66700      105.43000       79.29690      149.53500        58680400.      0.36250     10.82710
     142.76200       -3.32080      770.61000      -15.49050      -16.33290     -153.02800        18225000.      0.39358      8.74529
      11.19160     -203.42200      321.88600      -27.53620      -16.94630       36.43490        37447900.      0.51333      8.17291
     206.62000      -17.37280      324.31200      -68.07610       16.23670      -60.44840        16862100.      0.37099      9.09812
     -28.56520      261.08600      -55.42750      -20.03240       92.13160      -38.47920        29668000.      0.28790      8.64623
    -146.56200      -97.36040     -140.87100        1.05501      -41.19950       47.43440        10649600.      0.20601      3.13379
    -116.54000     -164.62000     -109.45000       43.33060      -25.48400       13.02310        36794400.      0.36562      5.06222
     177.64200      172.77200      176.67800      -82.16210      -43.88250      -22.77200        10166600.      0.26344      4.97307
    -123.30600     -211.52800       70.88890       31.75890        7.44800      -30.80350        21346800.      0.28857      4.83232
     -49.86280      301.05900      157.20100      -30.60710      -73.31640      -30.35150        24751100.      0.42947      7.56982
      44.87480      -75.79000     -203.20000      -33.78230       72.42630      187.24900        32337000.      0.38386      7.29825
     179.56400      -89.76680      241.38700      -23.88500       42.45080      -17.52340        11533500.      0.27577      5.09926
     113.88500     -184.98400      165.72100      -25.02030       63.87000      -31.56620        59015000.      0.79938     10.47680
     -91.04360      -44.70520     -194.82400      134.90100       63.87360      147.62800        42458700.      0.91717      9.06886
     177.90400      -40.54280      299.84600       33.43320       -9.91671       93.82730        23347600.      0.31242     12.00450
     -45.72080      283.19000       55.97420       13.17010       10.55780      -36.05040        12581000.      0.15814      3.36010
     154.03200       67.78080      480.47800        7.76867       25.31580       61.18320        19581200.      0.30020      5.66349
     123.49300     -159.58600      210.43000       68.53900      -83.40620       67.01130        38295700.      0.42373     13.22780
      87.81240      252.31600      229.78700       13.03160       98.29780       73.18260        30816000.      0.45941      6.09054
     155.04800       -6.82320      399.75900        3.61635       33.26430       33.98230        42221100.      0.35552     11.35250
     214.38600      -34.04840      121.70000      135.40000      -48.34650       65.70870        26817500.      0.26560     11.01160
      43.49440      149.83100     -144.22500      -29.13520      -42.70170      -19.92590        19115700.      0.24082      4.54199
     138.23900     -138.29700      197.47000        6.30617      -20.52630       12.65300        13668000.      0.26622      4.27856
     108.03600     -146.29800      234.30200      -19.65460       46.38770      -10.56340        23390800.      0.36090      6.03028
     209.19200       47.80840      165.20000       70.05150       21.68550       58.13420        11431700.      0.19316      3.21565
     132.50700     -171.19600       22.46310       70.18330      -11.46490      -19.13400        13038300.      0.28294      4.10469
     -30.24880     -218.93900       17.68370      -31.97740       -9.27019       33.30030        51341300.      0.37720      5.44387
     175.14700       77.76720      212.63200       63.40650       21.08750       87.76440        18022600.      0.33210      9.10017
     141.92900      -93.84680      238.96500       19.55430      -11.72570      -59.46390        12298200.      0.20675      5.39019
      29.59200     -194.25000      162.89200      -70.97880       89.31290     -131.51600        22123600.      0.49393      8.73617
     161.03900      -36.90200      256.07700      -58.11630       38.28200      -51.48270        10560500.      0.24240      5.13996
      97.43840     -127.43300      257.74600      -54.57760       88.97840     -112.10500        99965400.      0.82342     11.70570
     101.68100       12.29480      389.13000       39.21020       16.60100       18.59110        10947400.      0.16984      4.08688
    -228.56200       63.92600       64.00760      117.11700      -37.40950      -57.79420        16829900.      0.36080      6.92701
     143.42000       20.28560     -128.58600     -160.73700       -2.67363      106.38200        34971600.      0.60476      7.70902
      69.05160      -44.55840     -185.06500       67.79170      -52.40230      -46.17520        41670500.      0.24983      4.05895
    -197.29000      -77.07160      186.02900       10.24320      -14.17550      -22.05970        50247500.      0.46442      7.14672
    -227.65400       64.13240      154.97700       81.91220      -70.26600      -33.00850        13178800.      0.38679      6.52707
     103.77800     -114.07100      242.08200      -30.81390       54.49770      -20.67340        12937600.      0.29513      5.16689
      52.50360       44.92000     -185.09900        7.09116       19.97810      101.47100        22239200.      0.36563      3.47567
    -113.78700       -8.66600     -161.93700      -46.71300       -7.26444      -83.11610        17817900.      0.29512      2.55580
     -99.19080      111.68200     -127.59900      123.51800      -80.75150       98.67110        14106900.      0.20256      5.25527
      84.32080     -144.61800      -93.25620       44.41270       23.81530      -41.29780        85671500.      0.42313      6.37743
     138.08200      -23.06000      251.95000      -27.12060       -2.77534      -58.80240        20075200.      0.24015      6.07230
      18.44600      232.10900      334.54200       17.91220        4.63194       30.08310        29200500.      0.31675      6.79630
    -183.99600       92.81600       -4.16268       22.55010      -22.90810       48.98750        21046200.      0.28602      4.77414
     108.28300      150.35200      -55.35980       26.96140       38.79790       20.84660        34700500.      0.33397      3.95625
    -111.09100     -139.24000      161.70900      -53.86630      -86.65240       48.35420        31738200.      0.37061     10.67930
     -46.14720      209.02500      242.93000      -14.93550        1.72781       26.36390        13519700.      0.17727      4.31355
     -91.12680      209.49100      212.79400       13.22420        2.97330       38.06540        79034200.      0.40818      8.07363
    -181.43200      108.00800       43.42270      104.18900      -73.31230       22.59220        15176700.      0.31322      5.50590
     -99.46920     -118.15000      209.41600       92.95780       64.96280      -87.84330        68703200.      0.45254      9.24446
     -98.31280      -32.38920      358.20300      -43.74610      -11.12280       10.13730        35018500.      0.33818      6.58706
      92.43840       49.56760     -142.81500      -54.03000      -22.95430      -24.40350        15257900.      0.18946      3.62034
     -76.87480      202.04400       34.47480      -16.39840       39.35190        6.99805        92562600.      0.47834      6.18138
     -30.99080      196.74300      317.46000      -29.80630       -3.39723       31.85590        13981200.      0.24797      5.57262
     -30.57000      -29.06800      387.43300       14.03050       30.42050       77.80610        21681200.      0.32727      6.11786
     -56.21920       55.89480     -162.76500       68.13320     -110.48900      108.62700        15826800.      0.22028      4.36681
     -65.93920      129.05100     -112.49600      -36.09980       79.34360      -96.83690        32826500.      0.25527      2.87903
     155.21500       98.59480       -8.07452     -122.99100      -29.86390       56.50290        11771200.      0.22346      5.40403
    -151.12400      -96.07840      118.36800      104.82500       69.11940     -108.75400        16741400.      0.34009      5.21531
      99.19960     -143.60000       54.31570      -29.32920      102.08200     -100.75300        35688900.      0.31797      6.61865
     138.20800      -90.18720      112.46600      -74.79940       43.27840        7.67656        14589000.      0.28531      4.34069
     -77.14960      175.00800      188.58200      -11.15160       86.47320       71.75690        15003600.      0.38083      3.16585
     171.53600       35.77640       71.15680     -183.09600       33.32020      -46.52420        15398900.      0.28502      6.92830
     -93.47040      109.99300      332.53600       13.88310       34.75080       30.42930        15071800.      0.23018      5.78658
     -65.41520       65.72360      381.14000        3.07536       20.46250      -12.65690        10819200.      0.17079      4.21882
    -113.48800      -77.19320      -97.14440      133.02000      119.60900       53.93790        12118200.      0.32778      3.90260
     111.59900       40.97120      198.42900        8.08725       -4.37646       79.36160        69963000.      0.38158      5.82652
     -15.01000      104.95600      473.55800      -19.65900      -13.51990       43.35150        15015300.      0.27904      5.64208
      57.39840     -113.41400     -106.50200      -90.51570      132.49300       80.62560        20880500.      0.29441      3.47870
     -36.19440      400.74900      552.21700      -10.83920      -45.95240      -82.20350        15350000.      0.22891      5.91842
      -9.95280     -122.15600      170.55400       67.85410       90.72090      -69.88150        12934600.      0.26942      4.13003
      34.89120       90.56160      254.63600       -0.75833      -19.99990      -44.18100        76254300.      0.37998      5.92790
     -61.85680       54.72640      273.83600      -45.84960       70.54430      115.60600        30638100.      0.30494      5.04902
     157.73400      -10.02840       27.54470      -94.09310       43.88650      -61.88020        21690400.      0.31200      6.16610
     -13.15640      190.73700      480.07300      -13.79060      -40.54970     -115.98200        15439200.      0.26844      4.45121
      50.53280      122.86900      -91.59770       16.52390      114.19400     -120.30300        11941700.      0.21837      5.14080
      68.49680       68.94600      216.94900       43.55520       -8.64415       24.91360        10489700.      0.16809      3.25736
     -51.01880      -59.73560     -142.59000       30.17990      -26.72390      165.26700        12017000.      0.15646      1.97796
     -66.09640       64.30280     -131.08100       98.98600      -96.68100      172.74200        14968900.      0.20687      4.27186
      50.43920      -42.09200     -145.81200      -22.87190        8.32236       78.65250        14503200.      0.21443      2.60523
      25.75920       96.83640     -122.65800       58.94000      130.28300     -151.75500        29360700.      0.26414      7.12368
      63.97120      138.24800      -46.95080      -26.54300      -15.01060      -18.96280        15296300.      0.23093      2.55271
     -37.72760     -152.74200       49.23110       93.22360       80.31550      -88.82270        13681900.      0.22062      2.48746
     -37.35600      -78.96400      174.30800      -26.55920       65.85560     -119.09300        14757600.      0.26480      3.22916
     -55.70960        5.31040     -140.46900       42.13780       39.15080       22.81230        19328200.      0.24730      2.71016
      -1.52200       54.96120     -137.06500      -20.45600      -84.90730      -33.57710        11625600.      0.17702      2.47619
      58.16040      -54.52200     -119.50600      -11.92900      110.71800      147.38300        57897100.      0.33710      4.33191
      81.33040       79.69320      -81.30510      103.94900      165.07700      -89.04350        92144400.      0.43936      9.44410
      25.60880       51.45480     -129.73800       -5.64401       14.53730       43.65640        29290100.      0.30130      2.88572
      90.63520      -87.82680       76.39730      136.23000     -123.34700        5.40875        14418100.      0.17026      4.33283
      -0.35840     -142.04800       53.47430      -28.86340       37.81720      -47.80340        79879100.      0.44628      5.96168
     -93.00080      155.24400      535.71400       36.04580      -36.44260     -145.95800        17887900.      0.29994      7.42285
     -84.59120      122.20500       64.75730      -48.39020      155.04000       48.92870        26484900.      0.30780      5.01752
       2.00000     -141.58300       26.34310       -9.66804       20.08790       10.60110        12066000.      0.22664      2.51891
      10.35600     -136.19000       56.92230      -27.32120     -104.68500       -8.30349        38434600.      0.37413      3.97031
     127.62000       42.30480       30.91130       -9.88182       39.89610       25.02830        15518400.      0.24310      2.61050
     -35.86280     -136.99100       36.15600      -36.13960      -22.20770       76.15430        14370800.      0.26670      2.49101
     102.67100       49.61120      -60.00260     -100.21700      -65.50330      144.15100        10441700.      0.16978      3.17113
      78.56000      -99.27160      -30.93380     -133.90600      128.38400       95.31590        16352500.      0.27119      3.27739
     100.36800      -65.61320      -44.77230      167.82400      -82.52630      -18.11480        45429900.      0.28940      6.65354
      16.16480      137.44600      -20.90840      -22.13670     -143.19900      128.07300        11931000.      0.23009      3.12654
     -77.96360       52.53200      153.36700       89.34830      -30.34680      -53.16800        28517100.      0.20970      3.91846
    -122.31000       21.51520      -25.09080     -150.53500       37.22640       52.76420        11104900.      0.21094      4.10895
      86.96880      -82.32520       63.93060      -97.92010      107.97100     -192.37400        87692200.      0.68027      9.00605
     -34.17320     -121.13200       69.56640      -55.38050       33.89130       41.36220        12178400.      0.16609      2.54463
     -34.86720      138.46800       43.96010        8.36151       37.41650      -45.10650        39889000.      0.28104      3.13570
     -24.98440      136.76600       -5.10172       19.77140      -22.38490      -46.51700        54800000.      0.30159      4.33668
     -87.50520       92.97480      -21.67110       21.03150        4.30096      -32.83470        11596900.      0.22363      2.45083
     -57.00280      101.48400      -55.92680       29.98810     -100.07900       13.94870        12796700.      0.21598      2.47275
    -105.16700       77.95520       36.23290     -145.19300      162.36600       95.45510        56640200.      0.31443      9.13977
      11.97960     -127.82600       30.75770       90.05490      159.59500      -59.36350        15104800.      0.32509      3.18213
      68.74520      110.57700      -17.18260     -152.39700     -113.17900       83.10540        16241700.      0.48497      3.01989
      51.52680      120.44800       41.14120      -41.89750        9.74344       61.25670        10055800.      0.19786      2.45200
      27.95840      120.23500      -29.34980      106.77700      140.51300      -95.91620        21903400.      0.21697      4.71180
     -57.76040       54.03360      -93.34580     -125.62800       26.17830     -149.78600        14341900.      0.21040      2.54845
     -94.10120      -76.22280       38.76830       63.31250       71.59570       20.11390        45977500.      0.39325      4.11777
      41.12640     -113.08500       21.99010       40.27350     -236.63100       -9.92444        55300000.      0.41494      6.10182
     -50.29640      104.88000      -37.71580       65.54640     -199.02600       66.22400        17604600.      0.23234      3.32442
      55.07920       96.10680      -51.90890       48.76140       94.61070       70.06360        74778000.      0.32385      4.54509
    -103.92000      -33.53200       67.85660       93.60980      -41.53150      -31.66720        10916100.      0.20138      3.24454
     -91.35360      -56.40240       68.15350      -79.35000       -0.52047      113.99400        12552100.      0.18725      4.36125
     -25.45040      103.94200       89.37370       34.73390       34.15840      -80.66120        12830900.      0.16242      1.99054
     -62.56800      -74.65160      -62.66170      127.28900      131.83800      107.07900        94235800.      0.63491      5.70460
      48.33400       31.08520      133.17000     -122.36100      -56.36700      -86.66440        12635800.      0.24948      2.41500
     -28.83320     -113.31400       23.38570       -4.12617     -128.98300      137.85100        29294900.      0.29222      4.74426
     -24.57760     -111.97400      -19.25310        9.60147      208.55000      -39.41200        83837300.      0.48467      4.35134
     -37.35320      -59.79760      -95.34630       68.72690      130.33000       96.75920        19099400.      0.21282      2.74580
      27.06960      -89.18480      -63.99020       89.45280      -17.81020     -117.32100        24532400.      0.23503      2.87858
     -39.65480      -89.64800       79.36340      149.62500      123.28900     -156.39600        15530700.      0.51521      3.72374
     -51.70920      -18.67360     -102.09300      -52.75160     -129.60000      -68.64380        15755600.      0.26427      3.30077
      19.81720      -23.66160     -114.96800      -82.27730        3.87922      263.42500        83484500.      0.67834      5.31804
     -36.80320     -107.60900      -13.14710       55.59290       52.16570       59.59930        17106100.      0.22292      2.64356
       5.78600      120.50500       24.25430      -12.66280     -244.57500      -56.76630        84221500.      0.40190      7.32209
     -71.80840       49.21720      102.36800       23.28850      -46.05270       19.69770        49046300.      0.33917      3.14521
     -18.12960      -72.39920      105.08600      -89.38420      -92.27640       86.42140        16396900.      0.26289      2.57649
      78.56360      -49.34000      -39.60270      209.70200      -79.96410      -37.77020        96501800.      0.35600      7.94946
     -83.37520      -67.76160       -1.94097      198.96100      145.47100       12.79960        74582400.      0.42089      5.74542
      -0.37160      108.11000      -31.31470       27.16930      -83.52370       12.16810        96197700.      0.34310      4.83131
     -50.08560       86.76440      -37.76190      -38.27060      -37.68190       29.52410        19609500.      0.26366      2.02499
      14.67400      101.42200      -33.54820      -13.48010        6.00854       10.80040        14930300.      0.26453      1.91682
      -6.98640       66.72560      -83.29010      -13.88030     -148.77000       55.01030        13218900.      0.22681      2.44836
       3.03080     -106.52600       18.02600     -127.51500      192.88800     -105.09200        16388600.      0.36005      3.08374
      30.23120      -18.74560     -102.75800       38.94770     -157.61000     -186.67800        11155100.      0.23480      2.93699
      29.03200      -99.03400       -3.93854      -59.33470      240.55700      -68.39670        14331000.      0.31235      3.06500
     -63.85960       83.17520       21.30540      124.80700      -95.01360       90.00300        11162600.      0.17822      2.41867
     -83.88320      -28.83600       64.57000       -4.30948       18.07510       77.67760        11224500.      0.17551      1.90175
      80.20080      -33.48560       50.96700     -128.59400       60.77900      -20.61560        10967500.      0.22190      3.22008
     -34.85600       90.42560       68.39490       45.41960       89.68380      -28.17620        34686300.      0.33241      2.99364
     -64.98960      -61.25400       57.40400       59.50240      103.59300     -119.65100        10024800.      0.24211      2.38523
     -37.01800      -74.54040      -58.26910      151.08200       87.74810      172.84000        19229800.      0.22714      2.66502
     -71.83400      -30.20280       73.23460     -109.70200     -130.22100      165.36300        10391000.      0.21778      2.90825
     -11.71560      -82.23040       65.02040        0.80669       -8.22460     -133.73600        11325400.      0.22815      1.82343
     -38.79280      -10.67360      110.97000       25.64790       26.15720      199.64000        21543700.      0.24721      2.78447
     -26.97880      -74.37160       56.71480        5.11803       20.38910     -148.93200        13164200.      0.22631      1.88957
     -41.53760      -46.15080      -68.75260       29.53030      -71.52390     -272.02400        20263300.      0.39206      3.11482
     -82.68880       -0.87720       16.58070       -7.37728      -66.79180      -47.23500        18034500.      0.26160      3.65831
     -17.85600       86.34560      -17.40980      -88.76760      175.84900      -78.94500        22291600.      0.20649      2.75462
     -68.61840       45.45960       -7.52329      147.90700      -56.78490       57.23120        14771400.      0.19618      2.67392
      49.16760       23.78440       85.68940      -43.93380      104.06400      -26.02350        43532700.      0.30175      2.35316
      11.03040       -9.79480      -91.81670       43.43280      147.02100      171.42200        11834800.      0.24622      1.83694
      26.31280       85.59960        7.43331      -10.64300      -61.62560      -33.05670        61829300.      0.33233      3.41229
     -65.03520       43.64080      -13.92070      163.99600      -26.80220      145.33000        12635800.      0.26908      2.40098
     -17.32520      -64.28400       65.39140      109.41400      116.33100     -237.24600        17991700.      0.24330      3.18630
     -19.63000       38.69920       96.41920       -3.36307      -31.47640     -254.43900        72241400.      0.55147      4.09034
     -56.31200       30.49640      -44.77950       50.02660     -120.46000      -59.28200        10412300.      0.18890      1.87288
     -13.45280       52.09360      -60.97440        3.67532     -109.68300       -0.72418        12662800.      0.19455      1.93739
     -49.37960      -27.86680       69.49230       58.43620       32.20040     -262.88600        11095900.      0.26096      2.28725
      -4.17880       52.82600       84.33330       -1.26330     -270.78100     -126.70500        12759800.      0.35203      2.23728
      49.27160      -55.31840        4.82812      -10.48130        5.88271       15.35740        10487000.      0.18997      1.42022
      25.86720      -24.51120      -76.12860      130.15700       27.60410     -237.41800        10254800.      0.20865      2.21609
     -31.96720      -54.86640       55.63980      112.51200      241.24800        1.40323        17615200.      0.24972      2.48955
      41.22160      -37.57760       59.48970      -23.85350      212.99400      -50.61660        58665400.      0.32234      3.18700
     -66.94280      -12.15200      -12.75350      -28.46390        0.94294       33.04070        11808300.      0.21277      1.93978
      10.08000       58.07320      -47.24540       66.86870       19.66530     -178.46900        33289000.      0.31760      2.89316
     -12.03480      -74.54960        1.74133      106.31300      137.12200      153.22400        16098500.      0.26653      2.49366
      20.69360       71.45840       14.57040        5.82947     -279.99100      144.57100        37096000.      0.32564      3.63363
     -41.12200       -5.40480       67.18560      -10.34730     -120.99400        5.29264        20078500.      0.24026      2.05588
      12.89040       70.84840       18.23960        2.14539      250.01200      -89.81080        38200600.      0.29135      2.97039
     -14.96720      -19.03000      -70.99640       45.33430      172.88800      138.21600        11994800.      0.15460      1.47710
     -51.18120      -15.63800       42.27600      101.55100       18.17910       97.04610        11497400.      0.18266      1.44080
     -27.93240        1.35400       73.74110      -40.51790     -145.79600      160.16800        10362700.      0.20991      1.39337
       1.75240       44.02560       68.42770      -11.19290        6.27295       90.01770        53525600.      0.30499      2.44193
     -29.10240       19.05600      -55.62630       84.81120       80.14080      251.28300        11138000.      0.21940      1.38869
      26.47560       21.09160      -57.26960      -60.41050      148.50100     -189.58700        10859100.      0.19210      1.84409
      29.30080       43.26560       50.81900        9.05061      216.73400       34.11370        15289500.      0.24568      1.92866
     -47.57040      -37.46960       17.07890     -219.17400     -115.13100      146.85800        72248800.      0.45055      4.09929
      12.01040       44.44400      -45.17250       -0.20756      -58.43920     -178.02300        17872500.      0.20382      1.53071
      -9.86520      -26.77680      -62.83660      100.93600      -11.42760      -24.40570        31349200.      0.19103      1.74608
    -208.10900      205.15800      824.25400       92.31550      -69.79110     -274.56600        25129600.      0.31232      3.48088
     -21.31120       33.99880      -46.41140       69.24860     -223.62300      104.61400        90007800.      0.50413      3.33316
     -22.57160      -34.01040       55.90440      -68.30250      -52.55430      -27.78540        56120500.      0.32260      1.82951
      49.73600       11.42440       20.71540      149.50900       -5.58655       91.25000        21743500.      0.19047      2.89645
     -27.42400       48.26400       25.90220      195.14600     -259.19200      104.85200        14701600.      0.19839      2.39769
     -14.05720      -52.13800       32.81390      -30.60420     -283.08100      -34.13560        19472600.      0.24730      1.95039
     -30.33960      -47.59440       20.83880     -204.46300     -102.66900      168.44000        15809400.      0.28652      1.87373
      34.35040       17.56280       53.81730     -170.70800      -40.20930     -123.16100        31040600.      0.25548      2.26894
     -18.39120       36.08680      -41.40110       36.94750     -265.27700       65.90660        72326900.      0.35998      3.31006
       6.44680      -55.78720       -8.91428       66.39350      186.38400      278.45600        40156900.      0.31128      2.92124
      40.95800       33.69040        3.12186      169.05000       73.67930     -219.28700        14000600.      0.32453      1.81491
      15.85400      -47.22000       23.67790       55.09560     -320.52800       36.82010        12306100.      0.35120      1.74768
      17.27120       51.46000       16.99810       29.99380        3.09429      -91.98240        34500200.      0.31169      1.66746
      -3.07200       35.52200       54.32640       40.37610      -59.72030      180.43500        10093700.      0.16346      1.07852
     -18.19720       -2.53560       60.79090      -45.56780      180.71300     -285.04600        44296600.      0.43341      2.80616
       6.02440      -50.69280      -13.64280       14.95010       78.87990      176.85800        10254500.      0.21212      1.40641
      22.73600       42.64880       30.80690      -19.71630       19.60830      195.04700        32213100.      0.27925      1.66371
      23.97840       27.49760      -34.82920     -211.88900       37.94170      191.09800        11767900.      0.19817      1.41165
     -21.09920        4.99200      -48.86940     -102.36200     -176.12700     -250.64700        21887300.      0.30668      1.95824
      12.09120      -27.41400       47.53090      -40.71700     -191.79700        6.37924        19301300.      0.21162      1.55506
      33.83360      -15.25560       31.47120      -46.95450      152.16100       69.49380        13655600.      0.17333      1.49763
     -24.04280      -39.04760      -15.53390      -64.59030     -126.88600      215.13200        57515200.      0.31826      2.43167
      39.22760       15.35360        7.01570      150.29300       27.65590     -223.99100        12043400.      0.21708      1.40221
      24.51160       33.01840      -20.08770      241.57400      155.73900     -207.48900        18156100.      0.32834      1.90525
     -31.04920        3.41480      -31.63840      -74.49940      242.03300      109.15700        26088300.      0.29505      2.10057
     -24.41600       -3.44160       44.65080      287.75600      -15.17050      -57.11470        12647600.      0.18594      1.44496
      16.62000       35.55880      -21.20310      -34.95080      -46.46650       76.49460        11801200.      0.17592      1.10193
      29.24320       24.70720      -14.16140     -154.50700     -233.36800       49.73720        13907300.      0.20653      1.45225
     -37.04600        7.91560        3.04226      176.03600       27.90120      -72.41480        37190400.      0.29521      2.31148
      -8.30000       41.03400       -5.40455      -41.90300      -28.54920       70.47370        57215600.      0.35891      1.81527
      21.63760       36.29680        3.91826     -136.56000      154.35600     -312.06300        11927100.      0.17716      1.38570
       0.21920       39.45240       10.85760      121.72100     -336.68000      160.08900        17569100.      0.38681      1.83420
     -31.05600       -6.56920       20.15750      -47.39540     -211.45400     -291.45200        26050900.      0.32983      2.64031
       2.84120      -34.40040       19.18570      122.17100      193.09900       49.35870        44154500.      0.31452      1.72390
     -17.58600      -27.60280       20.99390      103.03800       96.91230     -151.58900        12884200.      0.20750      1.09138
      15.40000        3.88720       40.73060      209.78800     -152.31200       84.90550        13736900.      0.27229      1.43433
      30.01440        7.51400       -4.32761      295.22700     -114.39400     -207.26900        12324100.      0.20030      1.41488
     -22.76800      -17.54800      -16.82360       54.75380        2.82772     -340.80800        10101900.      0.15625      1.05488
      -9.29760       31.67480       -4.53596      -13.75730      -27.33030     -382.55800        35626500.      0.45338      2.06951
     -26.50600       -9.70320        5.17155      -12.97620     -233.04400     -304.44400        24729500.      0.40930      1.96094
      -5.37520       29.21160       -5.06364      -54.96530       29.73060      101.01300        13871500.      0.13983      0.86186
     -21.35560       -5.45520       22.29880      113.09000      -62.76260      274.23000        18938900.      0.24485      1.51569
      15.72680      -24.04280        0.72594     -129.43200      -84.98490      343.39400        97925200.      0.37263      2.56991
     -19.38040        9.69760       23.20270      217.40300      163.62000      102.04200        12010300.      0.24117      1.06999
      -4.68880       20.34960       -8.55521      120.45300     -295.19400        0.79137        10267400.      0.21329      1.04076
       5.05760      -14.50080      -21.22270       -8.98147     -205.46100     -204.84400        10792000.      0.24027      1.03732
      -5.93120       -8.57680       23.03800     -258.89800     -167.37900     -141.77700        27971100.      0.25804      1.22044
      -4.77120        9.99280       24.79580       26.93880       85.15280     -398.97900        30741900.      0.27569      1.21911
      -8.13520       17.62880       -3.26605      118.76300     -223.11500     -111.34300        12705700.      0.15292      0.84320
      -4.34640        3.10480      -12.20500      212.63400      -27.54760      375.23200        15356500.      0.23532      0.84270
      -3.28720      -10.73800        4.35021      -69.73250       10.32840     -423.86500        88143200.      0.45571      1.86395
