     -65.29720       -0.59880     -797.67400       56.23330       80.10690      -33.33340    2.8890600e+08      2.14498     45.44600
      16.74720      119.07000     -656.69800       -8.24984      -12.27030       36.91650    2.7645100e+08      1.11764     24.73950
    -408.91200      181.11800     -324.12900       43.23300      -84.91770       32.31960    5.5975700e+08      1.33251     36.63180
    -370.60600      231.76300     -318.66700       39.61550      -96.01710       29.19940    4.0793500e+08      1.03530     37.99730
      41.77840       67.99320     -428.85900      -11.24050       69.29330     -100.67300    4.9044600e+08      0.79561     32.19730
     -21.25280     -398.22700      -90.78340       33.80620      -29.78880       87.86570    4.6595900e+08      1.03731     12.71010
     238.48000      407.45800      -26.06730       12.09710       20.94830      110.95000    6.1766000e+08      0.96929     28.87060
     173.57000       -7.58600     -221.64500      -41.41510       19.18860       65.07000    1.2010800e+08      0.47093     11.82290
    -224.38300     -259.95100      880.38800      -96.77790      104.16500     -117.15900    3.3431200e+08      0.77140     34.03620
      10.73560      222.95400      -95.23780       32.47580      -98.87240      111.25500    4.3093000e+08      0.74472     18.74850
    -286.83300       18.41080      461.88900      -91.57740      120.38800     -161.91300    4.4669800e+08      1.04358     31.17120
    -123.39800     -119.43600      -79.92170       62.62310      -72.62020     -148.10500    8.6893700e+08      1.53801     18.03720
     -85.41040     -153.92100       93.51080       23.97360       99.69700        8.13013    8.6713900e+08      1.45604     18.32810
      -1.38920     -145.54500       36.85250      138.45100       -0.33742      -89.20060    1.2886500e+08      0.62428      4.49723
       4.51400       55.66120      170.94900      -53.59020      -99.43370     -124.18300    6.0521500e+08      1.46341     12.53840
     -11.09040     -105.77600       59.25010     -120.63400     -150.63800     -145.02000    1.0390600e+08      0.55861      7.43225
      16.17920       74.93240      -21.41710      -64.67780       98.05370      193.18600    1.2224100e+08      0.54301      4.50055
     -18.51880       16.39800      -24.66880     -108.70000      -81.80590      243.85800    1.8341100e+08      0.39466      3.00320
      -9.27160      -18.74960       -6.42079      -41.60600      355.77600       10.49110    5.0884900e+08      0.93710      3.97724
