      16.74720      119.07000     -656.69800       -8.24984      -12.27030       36.91650    2.7645100e+08      1.11764     24.73950
    -281.87400     -322.60000     -524.45700        6.77634       26.48870       22.98090    2.0850600e+08      0.67202     32.56640
      45.65800     -127.62600     -635.30700       -8.68520      -10.31270      -26.56710    1.2246600e+08      0.63231     14.39500
     161.58500     -192.78700     -505.90400       -9.57727       26.18930       65.93120    2.9383800e+08      0.85974     32.65860
       0.34000      105.97000     -506.26600       -6.12097       27.25100      -40.09280    1.1056900e+08      0.46071     11.15400
     264.39000      -85.47960     -440.36100      -58.06690       27.59490       59.81180    1.5298400e+08      0.88053     13.98350
       9.42840      -61.48600     -492.96500       30.46250       -4.17108       28.09030    5.6919000e+08      0.69661     19.80510
    -100.91000     -659.46500      235.63400        6.77477       95.47760      -65.56490    1.1592700e+08      0.81880     21.13870
      33.55000      -93.70120     -440.21300       31.16300       23.94220       27.66650    2.1173600e+08      0.65766     16.21570
    -208.01300      175.23800     -338.88200      -66.73780       51.88750      -26.85170    1.7273400e+08      0.83678     25.72420
     324.02100      -99.48120     -205.06500       36.36160       18.85940       -7.72345    2.2137000e+08      0.80793     20.48270
     173.57000       -7.58600     -221.64500      -41.41510       19.18860       65.07000    1.2010800e+08      0.47093     11.82290
      40.54680     -111.62000     -262.93500       29.44530        6.68147      110.45200    1.7116600e+08      0.55168      9.23243
      74.66440      409.16800      100.19200        2.81415        7.04920      -29.60040    2.3374500e+08      0.82764     19.98120
     -90.10840      -32.66640     -250.07000       65.73320       96.41180      139.51300    1.0197400e+08      0.91719      9.07768
      55.48480      379.47400       75.76720       -7.67124       -0.39429      -46.32730    3.0131200e+08      0.74061     21.43590
      91.09480      415.27600      214.65700        8.29338       54.12890        1.25497    1.2757800e+08      0.63301     30.95200
     215.92700     -175.19500      348.48200        3.41851      -34.57040       13.70670    3.7310200e+08      1.06698     21.67230
      49.74520      412.41100      169.78000       -5.52990       63.91130      -18.09790    1.0199500e+08      0.55685     17.77480
    -125.50000     -152.37600     -184.08200      106.33200       76.33350      122.42200    4.8382900e+08      1.17668     16.01980
     203.70000     -138.32000      338.28200      -42.07510       20.44430       -5.63518    4.8657100e+08      0.87024     24.23730
     194.09200     -189.76300       50.68180      -76.64660       34.13510      -49.01020    1.8316100e+08      0.61843     15.54470
     228.72900      -75.89760      366.00400        3.35698        1.38321       12.17550    3.6936500e+08      0.89889     23.42030
     -77.19800      254.25500      -58.58790      -77.08360       76.91380        5.41101    1.0100000e+08      0.48463     10.94650
    -120.92000     -219.30200      191.60500       25.95850       -3.25516      -79.44140    2.3106700e+08      0.76538     15.49640
     223.25500      156.81900      214.69000       70.28130       60.36760       72.50410    1.1678600e+08      0.56415     10.82860
      -1.55480     -221.47600      235.38900       50.31730        6.58031       21.78150    4.5723900e+08      1.09657     16.92420
      10.73560      222.95400      -95.23780       32.47580      -98.87240      111.25500    4.3093000e+08      0.74472     18.74850
    -186.62300     -157.88700      107.23200      -68.88110      -37.59840       31.98760    1.5603300e+08      0.57960      8.78358
    -317.58500      150.60300      267.51000      -77.91940        7.68481       21.42870    4.0614800e+08      1.10618     29.56200
     -67.73240     -200.71200      -52.64970       17.43550     -145.94400      -77.50920    1.4922300e+08      0.53336     11.36370
     170.41400      144.21600      206.77400       65.09790       67.13520       93.14210    2.3391900e+08      0.71964     12.27540
     151.52900       37.39000      446.26200       11.22700       21.56720       63.57280    6.6210100e+08      0.71679     20.58970
     127.95900     -157.86100      114.96000      -86.44540       50.14570      -84.52430    1.1236000e+08      0.66835     14.36230
    -547.56200      445.67100      858.10100       59.09670      -43.28070      -69.59320    2.4813400e+08      0.75796     22.03270
     -89.71480      190.19600      -49.04950        5.22444      -81.39390       98.73290    1.8736200e+08      0.56251     11.84920
     135.15800       46.39240      297.71000       -0.53150       19.62890       85.32410    3.9508900e+08      0.54946     13.93820
     103.92400       31.03240      334.21500        7.30034      -25.47810      -16.73830    2.7068100e+08      0.59123     13.53440
      78.26360      -53.53560     -165.79900       -9.80538       46.45320      189.84400    3.8156600e+08      1.20239     11.87290
    -100.51700     -167.71200       23.71510      -88.67720     -102.54400      -28.37510    1.1124300e+08      0.49045     11.07790
      31.79760     -150.80000      174.86800      -51.38450       51.03170      -89.67000    2.5093600e+08      0.62601      9.82500
    -128.57700      157.25400      261.60200       17.06890      -13.21450       50.72070    1.1452300e+08      0.47485      8.39569
     -85.41040     -153.92100       93.51080       23.97360       99.69700        8.13013    8.6713900e+08      1.45604     18.32810
      74.45720     -147.81700       11.04800       56.52480     -170.62500      -64.28730    2.1435700e+08      0.67979     12.06960
       2.81440      274.15200      513.45000       22.62540       -2.53637       30.53860    2.6713600e+08      0.76753     16.08770
      -8.02840     -162.66400      -14.63200      106.82200      150.14900      -34.39270    4.8063000e+08      0.93587     13.32400
     141.23600        4.08600       82.31320      205.53300      -55.75460       63.43130    1.1249200e+08      0.52899     15.53450
    -124.78300       78.93840       65.69890     -146.40900       39.91980      108.12900    1.0081900e+08      0.46690     10.27710
      63.13280      129.80800       56.91780        9.01130      136.29000      131.26200    1.6255700e+08      0.60547      9.10365
      77.14360       66.85960      136.47500     -112.95900     -133.54000      -57.82230    1.4004800e+08      0.46378      8.70676
     -51.18040       98.59720      -71.27050      110.02400     -145.46800      159.22000    3.4773600e+08      1.01387     12.21520
    -110.62300        9.93400      -48.40440      -17.58180       39.91700      113.04000    3.1126200e+08      0.68248      7.41721
       4.51400       55.66120      170.94900      -53.59020      -99.43370     -124.18300    6.0521500e+08      1.46341     12.53840
     -85.60400       96.75800       36.91380      152.25800     -157.96500       90.49320    2.5795700e+08      0.95991     11.38270
     -49.27440       73.48960      -74.38180       -5.25918        2.90611       45.32720    1.2826000e+08      0.64787      4.68729
      89.77960       52.72480       61.72590      224.87800       93.83170       82.08550    1.8118000e+08      0.57562      8.15820
      39.46840       64.53200      112.66700       92.16820       55.26400      168.82500    1.3003000e+08      0.39522      6.50345
     -27.10960      -19.46080      134.79200       84.64480       89.47790      -51.88320    1.0691500e+08      0.41945      4.82143
      -8.83680      -73.17560       98.47800        4.78698      -13.84830      129.66400    1.2419800e+08      0.52648      4.85014
      35.36400      -61.42120      -76.38710       71.29390      -91.28170       45.72990    1.0824500e+08      0.43216      3.60520
      58.23520       75.82200      -29.73960     -104.91500     -181.49100     -114.52500    1.4647500e+08      0.64567      4.67229
      12.87880       24.58120      134.04900      -48.21090      -46.91670     -145.48100    2.3715300e+08      0.39723      5.74835
      -3.11840      -94.40960       40.82700      -60.44670      281.33600       97.53160    1.1317400e+08      0.98064      6.83928
     -57.14200       -2.46480       97.60920       72.20710       18.69850      -95.52270    1.1175600e+08      0.35605      3.71846
     -13.40000       82.84000       33.32320     -136.21200      225.68700       40.46890    1.6324500e+08      0.40722      5.03608
     -13.44960      -24.69160       95.95770     -141.25900      108.31300     -205.63600    5.7660000e+08      1.14067      9.66982
     -10.19720      -46.85000       66.69880      -13.35040      105.65800      183.61000    1.1584700e+08      0.54900      4.55582
       0.89360       56.07440      -30.83750        0.04283      -99.62850      -93.89700    1.4583600e+08      0.49995      3.76774
     -25.21760      -36.22000       34.02760      -29.04800      105.13400     -194.65400    1.1025100e+08      0.40538      2.70222
      14.01440       12.82600      -44.01870      128.70600     -104.21000     -306.10900    2.5737000e+08      0.86864      4.86252
      29.53640       22.44080      -19.27940     -207.08700       77.16360      250.60800    3.0159100e+08      0.66363      4.01562
     -18.51880       16.39800      -24.66880     -108.70000      -81.80590      243.85800    1.8341100e+08      0.39466      3.00320
       3.27080      -12.32520      -39.03230       26.52650     -323.07200      131.76300    2.8908100e+08      0.90416      3.62329
       8.40760      -25.91760      -26.19820      164.17100      315.48800      125.15300    2.9290600e+08      0.65180      4.00399
      -9.27160      -18.74960       -6.42079      -41.60600      355.77600       10.49110    5.0884900e+08      0.93710      3.97724
       0.37320        1.26800       23.32840       96.14620       40.07540      343.36700    1.3562500e+08      0.44421      2.01593
