     136.06400     -121.03700     -213.76700        5.28267       25.87800       22.77090        644045.00      0.06828      0.69523
     247.82800      -98.41080      356.36200       10.85320       -7.94412        8.62953        667846.00      0.09891      1.11961
     162.71600     -220.34800      151.00100       13.28160        8.54923       -4.18174        197679.00      0.04339      0.23274
       0.62040      139.90200     -194.29100        0.36832     -122.29000      139.97100        173060.00      0.04908      0.37173
    -112.44100     -118.74400     -170.34000       37.30440        8.49585        2.38149        161055.00      0.03333      0.22896
     120.36600     -107.58900     -161.17200       19.54950      -29.16300      -17.43810        457651.00      0.06595      0.32140
    -149.84600     -177.90200      -59.70450        9.13680       34.31400        6.31308        804648.00      0.08112      1.94938
    -186.40800     -132.61000      -64.95760       59.88240       32.14040       10.55990        240506.00      0.03839      0.14677
     101.22300      109.83700     -165.39200       36.61440       36.63600      -95.51220        448479.00      0.03715      0.73925
      97.04920      -17.10880     -198.29800      -16.60620       20.24300       71.59420        669147.00      0.14227      1.09989
     129.00000      196.43000      -45.15100       35.48420       72.22700       -9.65269        304208.00      0.03656      0.32242
      26.27320     -227.14000       83.88100       -2.61651      -58.09330        0.47380        394664.00      0.17806      1.24269
      60.49120      194.43000      -76.51040      -21.09170      -26.29460        9.89357        524810.00      0.04011      0.58373
     140.33500      166.14600       -9.71062        1.82003       10.77520       35.91970        850422.00      0.09594      1.56857
      58.96480      153.20600     -112.44200       15.70850       19.72210      -35.31550        332151.00      0.03576      0.19161
      41.75280      -16.12800     -193.62900        1.39406        8.20724       43.79950        189030.00      0.03059      0.18469
      -3.16400      118.26900     -154.29900       12.33160      -67.93540       36.60810        562429.00      0.06210      0.70767
     -68.02120      199.94000      -32.34890       -0.96480      -50.51270       22.49830        590351.00      0.09943      1.40236
     -85.17680       35.42520     -167.86600       29.44740      -52.53490       81.36550        965962.00      0.09842      0.95625
      54.89440      163.06200      -88.09820       -6.10212       22.66800      -21.25030        958101.00      0.07893      0.35149
     -59.96120      191.60600      -38.20090       26.04650      -16.60250       -1.78391        585049.00      0.06327      0.69933
       7.35880      -44.24640     -184.28900       18.61050      -19.31620      -54.61360        229007.00      0.05722      0.23794
      -2.86200     -194.88800       18.71280       -2.92904     -183.48200       25.03440        133171.00      0.14630      0.42672
     -66.95840       84.41040     -151.72900      -32.28180       -9.73477      -40.43050        700292.00      0.04924      0.59513
       1.11680      218.75400       45.07480      -15.22720      -12.90190       14.30650        726733.00      0.12039      1.44997
      12.64360      -31.43800     -180.57400      -16.26480       38.61740       53.69510        204902.00      0.03616      0.18382
     125.07300      141.80200       -8.49824      -10.40030       13.24760        3.54046        362962.00      0.04928      0.31462
    -336.27900      363.22600     1052.48000       53.62220      -48.19270     -150.34200        956350.00      0.15789      3.07673
      65.72560      159.72300      -55.95200      -42.94850      -73.05370        7.74974        675140.00      0.07118      0.93809
     -67.22120      -22.55840     -163.45600        6.20068      -28.79460       19.84230        115157.00      0.03953      0.48476
      46.15120      111.56400     -125.80400        0.09077      -17.49380       53.07440        186748.00      0.03530      0.18824
      22.98920       -1.20080     -174.93700       10.38060       20.14160      -36.77500        105649.00      0.05119      0.22450
     108.08100      104.14200      182.58500       45.56230       23.96090       73.06470        154843.00      0.03291      0.37605
     -21.36480      -17.27240     -174.70600       31.62320       17.53540        6.61748        970847.00      0.11941      1.54759
     -21.15080      -56.94000     -163.67800       39.65160        5.50637       21.50190        339352.00      0.03834      0.54182
      18.87680      -36.42840     -168.15400        0.03872       30.59420       35.08320        732837.00      0.04276      0.45942
     -53.64680     -163.17700       78.88270      -25.56070      -85.14470       36.86240        227074.00      0.03558      0.24118
      65.41000      -74.74240     -132.47100       57.30640      -85.72010     -123.97000        614282.00      0.06058      0.72936
     127.54000       -7.45160      -86.49430      -54.88000        6.32828      -10.71580        329761.00      0.04070      0.32229
      71.73920      123.22700      -80.61640      -38.15000      -37.50220       11.68840        389997.00      0.05013      0.19655
      84.18640       73.66360      206.06400       12.68930       -5.78132       71.86790        256456.00      0.03602      0.29995
    -108.94900      103.31600      -70.33950       19.56390        5.54756       24.36160        461314.00      0.05745      0.68279
    -142.34100       71.32760      161.28500      -78.98950       56.05930      112.30700        401169.00      0.07090      0.31671
      81.30240       97.52280      178.33500       43.80330       64.22400       80.00150        828194.00      0.11012      0.71007
      41.94920      -10.37840     -154.51000       24.05480      -20.06110        3.16869        202984.00      0.03428      0.23473
      56.79840      -13.57000     -147.38000      -15.57460      -26.59190       43.85450        598731.00      0.08507      0.92636
     -24.02680      126.45400      -94.00750       13.39910      -30.00400       46.71910        269270.00      0.07705      0.23762
      64.36560      160.01200       84.74050      -15.50250        2.15357        1.95757        402057.00      0.07130      0.41134
     115.02900      -54.18880      -69.09370      137.97700      -40.82900      -67.90750        840468.00      0.17934      0.86893
      83.27320      142.57000        2.86346       55.97820      102.12300      -14.50160        220548.00      0.03170      0.39598
      69.58480      112.34400      155.71600      -21.63520      -46.29950      -40.58690        200882.00      0.03680      0.18490
     -64.96160       -0.80120     -140.97800       -3.58601      -12.76390      -12.43160        106856.00      0.04169      0.34642
     -38.71120      129.36000      170.36200       21.12230      -23.08000      -32.61060        993730.00      0.05996      1.23574
     -99.92840     -102.88100      100.54000      -51.33850      -28.99750       17.75170        535076.00      0.07228      0.42494
     -66.64440     -138.16100       52.46790      -67.73360     -120.79800       91.99730        559173.00      0.04698      0.74774
     -86.53840     -105.63000      -60.34180      -24.89850      -17.79460       14.89450        247693.00      0.07420      0.38388
      -7.13400      160.69500       73.67740      -17.90770       67.18990       16.01660        139934.00      0.05551      0.43920
     -60.23240      116.42000      154.09700      -19.02080       48.40550       95.05500        336332.00      0.05255      0.24691
     -65.60560      -42.39560      182.88500       -0.34299      -16.76520       78.26630        191749.00      0.07026      0.23050
      71.92000      136.49900       57.89860       66.88380       96.83730       26.42810        818625.00      0.07413      0.57247
       4.44880     -147.60900       52.13900      -24.16980      -20.70350      -23.26080        722253.00      0.05588      0.77205
     -42.84040      155.19200       15.00290      -34.39470       73.24610      -39.12740        958121.00      0.05880      1.34470
      40.59520     -123.45500       95.48990        4.35925       78.10410      -41.58010        398104.00      0.07519      0.80670
      76.51440      127.67300      -23.41810       88.65940      149.36000      -37.84560        133335.00      0.02995      0.31252
      38.48720      -28.36600     -139.53300       20.02560      -31.14520     -105.54000        330546.00      0.07531      0.31133
     -64.93200        6.33520     -131.38500       26.93890        4.77189       -2.21036        183694.00      0.05692      0.29044
       5.68800      111.86000      167.11800       18.03170       -4.38020       16.87820        219597.00      0.05102      0.30822
    -129.86600      -28.00560      -41.91900     -174.58200      -31.55440       -6.44031        632005.00      0.10353      0.69877
      14.41360      119.10700      154.40300        3.94163       45.17020      100.93400        112854.00      0.04544      0.28451
      81.05160       48.46760      161.01500       22.11970       -1.66740      -35.96420        995203.00      0.11658      1.23876
      -7.26000      133.49100      134.01600        9.09743       85.55450       82.86940        374638.00      0.05778      0.68004
      89.19280       69.79920      -77.03020       62.79590       26.23840        6.68122        339930.00      0.03405      0.33623
      77.28800       90.96680      -71.33080     -103.72900      -60.52620       27.79510        135909.00      0.02718      0.18054
     -74.27440      -70.18920      -98.20170      -11.55040       15.97370       30.51720        873655.00      0.04261      0.59704
     128.80500       28.99880      -12.59830       58.50890       62.16450       -9.48851        119187.00      0.04105      0.27496
      -5.79160       61.36160     -127.99300       -7.45176       15.33790      -55.24830        267020.00      0.09478      0.78152
     -78.68360     -112.42500      -19.09310      -14.95270        3.95340      -21.95210        343801.00      0.09737      0.30941
      77.05600      110.28100      -41.31140      -21.84930       57.61030      -11.84250        363849.00      0.07337      0.51168
      98.00840       99.90160       34.87650       21.58980       38.67540        8.27015        165460.00      0.03257      0.23118
     -29.99040     -115.22900       99.07360      -16.20340       -4.92306       10.59640        674265.00      0.07045      1.22570
    -105.86500       58.24880      -51.20720       15.54480       -1.15643        1.83051        163410.00      0.05307      0.17992
     -49.89760        4.44520     -127.22900       34.92980       37.50320       87.19050        343076.00      0.04283      0.85501
     -44.80120      136.60400       30.07970       52.38900     -124.03500      -35.60090        643031.00      0.07267      1.22664
     -64.66440     -118.22800       22.65260      -44.52250       -7.43488        4.33449        241482.00      0.05143      0.18785
      24.42800      139.39600       29.63540       27.78840       52.02400       45.77920        759013.00      0.05845      0.95324
      64.73120      -67.57920      112.85700       60.17720      -31.36670       29.52220        131291.00      0.05865      0.17786
      86.88840       45.42840      -74.96410       18.44860       39.60990      -77.66300        243059.00      0.06038      0.50813
     116.58400      -40.41480       19.51270      127.68500      -20.81470       32.84860        601663.00      0.10382      0.53682
     -92.49440      -10.99000      -84.14580       79.42280        7.98037       37.30710        501151.00      0.05376      0.70805
     -38.18560       48.55680     -114.68200      -29.08050      -22.62100       25.30620        142228.00      0.02813      0.08526
     -77.33080       86.91520      111.05200       22.17850      -68.14040      -34.51120        881919.00      0.08792      1.60264
     -59.43440     -116.16200       23.33580      -41.05670      -19.32240       32.52190        186753.00      0.05423      0.29342
     -29.72280     -122.67000       45.35310      -18.13700       89.31050      -67.88130        868143.00      0.07516      0.98174
     -70.10760       27.76480      -98.88000        2.60788       -1.38622      -29.66010        130743.00      0.04212      0.28629
     -21.42800     -110.71300      -55.44830       -9.71047       38.76320       -5.83324        117176.00      0.07010      0.35341
      37.40920      -88.66440       98.11470      -17.47160       28.48580      -81.59920        258746.00      0.03998      0.30703
      61.36760      -77.16240       88.07630      -50.14960      131.77100     -139.65200        858454.00      0.09927      1.18813
     -31.05800     -122.39800       19.19940       -2.23552       10.52440      -10.18410        213877.00      0.04668      0.23799
       1.93080     -123.03700       -7.73657      -13.48870      101.29600       51.68640        951718.00      0.06039      0.77709
      75.90320       16.18200      -85.27280      -84.11490       37.03360       81.50710        249083.00      0.05666      0.24270
     -71.95440       98.52280       -7.00598        4.20507       37.05480      -48.65020        395605.00      0.04275      0.55327
     -39.92160      116.29500       65.16770      -32.08030       56.94120       50.03850        156482.00      0.03927      0.18353
      74.08720       98.75840       -5.45293      -51.70680     -131.20900        5.50840        584617.00      0.07750      0.69486
     -47.10040      116.00600       51.07230      -37.84500       49.47420       17.76370        177796.00      0.03099      0.14310
      46.58600       90.35280      -59.40350       -7.69978      -37.46300       -0.83666        702434.00      0.05578      0.58792
      89.61520      -25.19120       85.90770       21.31190       -1.29848       41.88780        412268.00      0.07541      0.51773
     -85.28920       85.62240        7.55410       19.94990        2.48517      -40.38860        248220.00      0.03355      0.53163
     -76.76520      -91.52080        3.11114      -22.59340      -33.85600       54.61480        703294.00      0.11279      0.71514
      -5.76200      127.53800       25.32770       -9.64077     -240.41500      -48.24390        183720.00      0.10231      0.36001
     -49.00000      -39.91240      133.57600       20.85260       27.84850      -34.00980        336031.00      0.03290      0.52721
      84.57840      -58.96320      -43.63640      -30.07150       28.67680      -33.90930        999177.00      0.08014      0.98890
      26.67760      -37.67280     -112.19900       23.92560      -54.25730     -204.72700        113438.00      0.07288      0.33676
     -57.84600     -103.52400       22.76750       89.66610      104.29000      -15.08050        161469.00      0.03281      0.18189
      92.80600       68.80800       -7.24224       54.50570       38.46440      -33.72290        807090.00      0.05686      0.98563
      33.27680      118.31000       20.10010       16.14040       34.38720       24.98560        170304.00      0.03317      0.30254
      40.70680      -85.52880       82.27010        4.54894      -85.54030      116.59900        845997.00      0.10301      0.57615
     -74.20520       73.69840      -43.27690       57.10070      -73.61350       48.19670        361952.00      0.07317      0.51381
      -4.13680      -54.76400      131.31300      -19.68170       16.19380     -104.62100        319239.00      0.03682      0.52241
     -41.26680      -73.33120      -83.98060       14.23700        7.55212       16.10270        272758.00      0.04690      0.14832
     -31.65200      -10.85920      147.67500       -0.65015       -5.65059       41.17120        524806.00      0.03629      0.69798
      74.58600        8.93720      -79.08080      136.63500        8.67548      -61.05180        559805.00      0.06406      0.93974
     -65.86880        1.44040      -92.04330     -112.42500      -30.23590     -100.93700        656628.00      0.07430      0.72545
     -81.96680      -73.68240      -15.26130     -141.65500     -105.00700       18.59350        667491.00      0.06106      0.55734
     -27.35680      -36.80840     -109.83100       -6.24479       55.67040       40.07030        132386.00      0.04792      0.37780
     -18.13600      -83.48040       98.05810       13.03590      -11.93820       60.66940        598713.00      0.06669      0.70995
    -106.33000       -8.92640       41.23680       98.63250      -33.53840      -14.15200        260359.00      0.02838      0.38937
       0.69600      118.52300       40.38420       47.71350       39.70220       -2.57930        210483.00      0.03575      0.23563
       6.97080      -57.98680      121.52800       10.86500       41.04330      -14.94620        335198.00      0.05152      0.41205
      11.06560       12.60120     -115.25600       10.88620       21.87060      -77.33840        142686.00      0.03157      0.30678
       5.02960      116.11100      -11.90590       12.13660       25.34140      -46.80410        273728.00      0.05722      0.48895
      59.40280       39.71000      -81.81680       51.22550      -35.86400      -69.59640        305167.00      0.04257      0.24807
      74.02040       86.12360       25.56030       45.97900        1.99543       38.27870        479283.00      0.03395      0.43270
      87.72080       62.08760      -17.48990      -18.19310      -52.92520       47.11930        220035.00      0.05765      0.48076
     -72.07800      -78.83520      -24.35520      -26.91520      -29.77930      -41.43820        161239.00      0.04846      0.18164
     -23.63720     -110.21800       10.60070       31.40190      132.58800       22.58910        147427.00      0.04379      0.18008
     -31.36280      -29.41920      132.08000       -0.41246       -3.63937       73.38630        122056.00      0.03255      0.17453
      53.77080      -90.27840       -2.41228       15.09100     -113.29700      -49.98450        483920.00      0.04458      0.42800
     -84.11080      -36.04000       77.65710       56.13330       23.29650      -34.02920        622526.00      0.05707      0.56675
      43.30280      -70.40600      -68.14230       35.07850      -57.83170       28.56160        170214.00      0.04152      0.18022
     -87.27520      -55.99920      -16.31160      -43.29170        2.06848      -32.54890        178295.00      0.04214      0.23292
      25.19680       41.44080      132.69500        5.90835       -9.11463      -24.63260        820383.00      0.10662      1.18268
      73.85520      -17.51920       91.16460      -96.44480      -30.60190      -90.66960        472427.00      0.07814      1.10993
     -54.87520      -91.79680       30.33140      -36.34610     -116.39800       29.83130        194956.00      0.03080      0.31870
      31.08040      -18.38040      127.09500      -61.15400       47.25120      -99.67000        108830.00      0.04354      0.18170
    -223.54500      252.86700      560.87300       -7.19040       16.01240       11.77810        503221.00      0.05253      1.43634
     -27.20680      -45.90720      -98.93660      -14.82180       -1.37227       66.54590        171144.00      0.03209      0.18534
      -2.30200      -65.20640      -89.61540      -15.80340      -45.42020      -50.65950        178011.00      0.03238      0.14571
     -50.90360      -60.12480       91.66460       21.67240        8.82818       33.91120        119334.00      0.03319      0.14195
     -49.02200      -95.43520        6.74757      -81.95470     -156.04800       -8.90514        437195.00      0.03640      0.41526
     -27.67440      -71.53320      -78.93550       11.29310       65.51320       23.03790        396213.00      0.05264      0.32014
      45.77320       46.12880      111.55200       22.89350       22.22590      119.24900        204266.00      0.03611      0.14587
     -35.93320        0.04200     -101.87500       62.44250      -50.98510      157.71000        146569.00      0.03044      0.17975
      84.39480       56.09000       -6.05024     -145.39300     -122.54500       22.57560        646390.00      0.12369      0.89916
     -27.91880       28.69240      -98.61790      -45.08270       65.46240     -150.32900        121968.00      0.03963      0.27863
      80.05800      -48.40760       -7.41778        7.84315        1.74255       37.50680        495326.00      0.03899      0.34424
     -40.24800      -48.09360      103.63300       29.72380       15.54120       -4.39196        136233.00      0.03675      0.37512
     -54.25200      -81.13480      -26.20920      -32.07100      -14.86870       11.61520        111738.00      0.03577      0.38108
      18.11320      -13.13240      125.70000       -8.69133       14.69520      -64.12420        533872.00      0.08695      0.41828
     -27.02080       78.91000       91.26280      -25.28270       50.54950       22.09400        160911.00      0.03336      0.39998
     -28.00360      -98.87360       -2.57768      -35.26710     -158.31800       17.07940        378994.00      0.07057      0.31920
      42.07480       89.76600      -20.15250       34.28750       89.18330      -52.42670        298221.00      0.08460      0.39666
     -82.76760      -12.95320       68.77910       22.75550       21.56900       38.59290        894245.00      0.06549      0.61054
      67.56200       35.57400       80.60550       -5.42103       52.54500       -9.06556        115156.00      0.04435      0.22921
      74.85880      -37.48400       53.98470      -83.93600       26.63980      -67.73830        161601.00      0.03393      0.49135
      -1.60000      105.70700       24.23240       19.91840      -46.52930      -23.87770        427824.00      0.03049      0.33562
       5.42240      -77.20680       79.59220       -9.68195      -95.30390      170.47000        369055.00      0.07956      0.40615
      44.04640       85.85440      -23.67130       35.50790      125.68800      -42.50840        777997.00      0.09098      0.75706
      11.98240       78.79680      -59.53850       10.87010       98.80740     -107.39000        851137.00      0.09820      0.76330
     -45.60040      -65.19640       75.58500      -29.77590       -7.59087       86.09480        369947.00      0.04290      0.55731
      14.27880       -1.22520     -102.92400       70.04480       13.33480     -152.58400        168309.00      0.02896      0.14280
      65.97520       43.25080       73.81500       -9.49677       25.97290        1.67799        882663.00      0.04766      0.80419
      61.38200      -42.14840       68.29440        7.63939      -24.43870       70.63670        259943.00      0.02807      0.32892
     -24.55320       97.86920       -1.56192        9.79969      -63.83910      -15.13040        566813.00      0.05523      0.73999
      20.79960       99.58080        3.80584        8.68705      103.74700        6.77345        191951.00      0.04500      0.38587
      73.95520      -47.87840       -2.21106     -128.96400       87.21550       30.19940        565216.00      0.07113      0.56484
      51.47360       28.31120       99.60830       14.24450       16.84880       10.14870        193409.00      0.03162      0.18526
     -52.22120      -38.31760      -74.05170      -45.28970      -13.18170      -87.10800        112840.00      0.06675      0.28157
      69.21320       41.59920       62.01350      -91.83290      -89.71800     -113.17300        553175.00      0.07212      0.70490
      45.19200       83.09960       41.98780      -98.94430     -149.90500      -45.49410        441119.00      0.03231      0.43429
     -43.31160       -4.59520      -88.11440       87.11570       26.53490      149.07500        169166.00      0.05137      0.28550
      16.71080      -52.31240       95.75790       -0.50633     -123.15000      112.15500        231970.00      0.04469      0.18598
      20.91120      -25.77840      -94.76940      -47.24340       -2.64710      107.23900        136120.00      0.03114      0.18014
     -53.11000      -47.89680       79.21300       15.09910      -26.72580       33.83170        128199.00      0.03315      0.10965
     -85.59920       27.21280       15.21170       34.96140       -4.51681       -8.47927        851298.00      0.09076      0.96949
      10.26920      -81.97360       58.09840      -44.22800      -84.95560       77.27110        666745.00      0.06873      0.73055
      17.68520       29.17840      -91.02970        8.00364      -18.89510     -152.88200        363685.00      0.06497      0.31832
     -49.78080      -69.79200      -37.94210      -53.55700      -36.44700       42.09390        113403.00      0.03312      0.14118
     -10.33360       80.37560      -47.40860       12.78120      111.31100      -15.54010        294427.00      0.04197      0.64070
      38.88920       53.92000       91.48420        9.82004      -28.19170       49.53450        170752.00      0.04095      0.14431
      18.15440       81.89360       70.12990       -4.73347      -39.14950       19.30460        144303.00      0.02927      0.14515
      -7.99480       89.38040       58.72150      -28.45770       51.00760       17.95470        351580.00      0.03297      0.54847
      -3.45600       81.60440       74.73660        3.20081       57.42160       10.11420        133434.00      0.02876      0.14239
      23.45480       80.16480      -40.50010       35.04900      211.00000     -108.97000        566201.00      0.07474      0.43188
      69.41440       -0.52040       68.97720       -1.94992       28.75700       69.45840        293846.00      0.03408      0.52503
      22.95600      -10.47960      110.86500       17.20040        8.04888       62.10440        185950.00      0.03794      0.24597
     -41.50960      -65.99800      -51.07540       38.82390      -36.80120      -34.78700        201423.00      0.03407      0.38920
     -17.86080       85.44360      -29.63800       27.46280      -66.60620        4.92472        239730.00      0.03384      0.25204
     -33.06880      -41.84520      -80.17770      -65.18150      -47.25830     -209.17300        138807.00      0.03489      0.28578
     -46.64560      -66.82080       53.43280       73.01650       78.55940      -90.85020        158994.00      0.03536      0.14172
     -40.83960       -3.55600      104.60200      -23.48360       47.71910       48.57980        328601.00      0.04452      0.31995
      52.09200      -67.93600        3.55824        0.17673      -55.53710       47.46460        442059.00      0.07677      0.53004
      55.12000       46.38320       73.05300      104.63000       91.72960      136.55400        959740.00      0.07100      0.79715
      43.77720      -53.28880       66.49160      -14.00470      -12.46580       38.93740        112907.00      0.04799      0.17952
     -79.01280       21.67800      -15.98400     -179.77800       76.11070      -53.51760        889009.00      0.07657      0.56622
      12.41520      -19.46360      -94.03540       12.09880      -66.38760     -136.67800        413718.00      0.04877      0.54111
      56.53160       57.51000      -32.41070     -105.77100      -80.43580       55.72380        264929.00      0.07148      0.23858
     -24.15200      -74.23800      -49.92470      -43.79610      -22.33480      -43.80440        118858.00      0.04646      0.14374
      40.89480       44.77080       90.14820      -74.45560      -84.71330     -153.23000        481095.00      0.04642      0.53978
     -72.15880      -47.93440       10.00540     -137.16800      -32.76690        3.39377        134947.00      0.03459      0.22449
      20.11600      -48.19280      -77.71590        4.99598        8.33648      -32.83840        361426.00      0.03548      0.25361
     -80.78520       21.29040       10.46190     -113.42400       -1.88584       28.60240        213874.00      0.04288      0.23786
      -9.45240       59.28800      -66.80660       -4.22127       37.51080      -72.65770        160378.00      0.03042      0.24103
      60.29400       39.38480       64.39940      139.20700       90.34990      127.73600        649715.00      0.05600      0.45307
      53.45680       -8.05120      -67.43840       47.66260       26.43990      -72.81570        135890.00      0.03562      0.23111
      23.90680      -39.63040      -80.54410      -19.46520      106.21900      205.87100        190506.00      0.03084      0.18309
     -17.17280       24.13680      110.55600        1.57267      -38.07410     -132.58700        388221.00      0.12011      0.39997
     -67.69600       51.72480       17.75610     -126.38400       50.13030       83.68380        428607.00      0.11605      0.78969
       7.72040      -13.50720      -94.04950       26.96510        7.02330      210.28800        485968.00      0.06135      0.52344
     -17.26920      -71.78880       62.78790      -53.97480     -151.32000      115.48800        294300.00      0.04884      0.31106
       6.97040      -19.33360      106.89800       12.46540      -26.64650       94.78780        151046.00      0.05266      0.22959
     -23.84240       -2.89680      -90.30820      -71.51850       13.61820     -163.95400        102988.00      0.03758      0.22508
      17.89560       60.10800       88.22060      -33.30220       44.79120       21.00090        421289.00      0.03351      0.44346
      -4.39160      -87.94400      -13.28800       -6.11579       43.84700        1.90015        398929.00      0.06286      0.52599
      21.90160       58.44440      -62.01790      -63.24910      -12.77070       73.04790        107403.00      0.03254      0.21971
       1.17560       89.85200       -8.85071      -46.46590     -199.20300       -4.14946        299579.00      0.03326      0.40447
     -43.58200       70.91680       46.65360      -67.20940      108.45400       59.63800        185049.00      0.06133      0.29581
     -15.94400       88.14000        0.64221       58.99690       -0.55236       -2.97955        346388.00      0.06963      0.64609
      34.95520      -11.76960       95.34360       57.50620       43.73000       96.56160        150626.00      0.03514      0.14302
      56.18680      -43.23720       47.38680     -146.26000       55.51850      -66.20350        371408.00      0.04738      0.52464
      49.89200      -59.34480       30.63060      -76.23210       29.20130        3.34037        560672.00      0.04616      0.43968
      13.24680       81.00840       54.33610       31.48140       68.51510       29.39500        101607.00      0.03323      0.11036
     -54.85000      -57.02560       39.74540      -24.84850       53.12410      -38.86420        271992.00      0.03539      0.14619
     -52.64360      -65.59720       16.95380       44.92900       48.93260       40.58480        733228.00      0.04334      0.76220
     -62.13000      -51.18440      -16.12160      -22.92090      -49.81520      -30.86590        245563.00      0.04097      0.31383
     -16.36440       86.09120        9.07514       -7.29904       71.41460      -39.42650        251618.00      0.03585      0.30996
       8.64160       64.88320      -53.95680      -33.00540       15.20110      -48.90460        164480.00      0.02935      0.24137
     -23.85640      -82.50760        6.14259       40.24680       57.13160       29.23730        156300.00      0.03167      0.18764
     -18.83400      -82.00000       15.91210       82.18610      180.56600        8.42370        215126.00      0.05026      0.29830
     -24.10600      -80.39000       -3.47501      -15.54760      -34.38270      -65.37120        296023.00      0.03356      0.31705
       4.55600       84.10960       34.64850       -4.77601       52.24370      -10.16280        290231.00      0.04308      0.25032
      -0.77440       83.56320       36.74490       -3.63571       28.16170      -14.11610        294419.00      0.03936      0.15004
      64.77240      -13.10080       47.80360      -82.15060       63.76470       18.21070        515997.00      0.04881      0.55463
      -2.74680       50.59880       89.90050      -53.23460      -16.42890       14.99640        282016.00      0.02950      0.32398
      33.64800      -66.76200       33.70120      -48.63060      209.04800     -161.79000        961145.00      0.05550      0.59370
      64.08080       37.21800      -19.36930       50.46160       25.91080      -89.91520        255149.00      0.03269      0.31979
      -5.91160      -77.46720       35.81190       48.72480      168.82600        2.35241        290698.00      0.03562      0.32183
     -50.66120      -59.14720      -18.07190      143.80500      180.98500       13.97700        669323.00      0.08006      0.70055
     -52.94200      -55.34000      -18.89300       57.51990       56.11080       60.16900        134405.00      0.03337      0.18577
       1.64120       25.58640      100.38200      -19.07600     -129.45900     -170.09700        411352.00      0.05961      0.40896
      -5.83200      -75.19880      -32.54800       39.84640      152.49000       39.41180        144606.00      0.03292      0.14110
     -55.80000      -53.44560      -12.11590       69.76710       19.50070       39.06020        910951.00      0.04765      0.36113
     -44.67360       65.55240        5.82451       38.22450      -71.26780       36.57650        536870.00      0.05521      0.54727
      17.98360       62.51920       69.40750       10.98440       38.57570        5.63136        134449.00      0.03263      0.28344
      17.13480       34.73600       92.84020      -13.06260      -42.63870     -112.53100        174023.00      0.03313      0.30128
     -51.22200       43.07840       56.11050       41.80420      -25.45850       57.46900        708076.00      0.04647      0.45492
      44.03720       50.04560       57.03240       48.12990      -25.59480       95.21770        373772.00      0.05271      0.67537
      48.46800       60.78200        1.34798     -131.79300     -126.23100       12.21660        599456.00      0.06211      0.33705
       5.18000       34.40400      -73.43220       29.07470      -41.48210      -12.10850        128564.00      0.03307      0.18088
      16.52520       73.92720      -23.43370       45.56320       20.96630       43.88470        123641.00      0.04005      0.14103
      13.79720       70.35800       54.19870       19.52020        1.33952      -31.44440        163010.00      0.02895      0.24190
       2.84560       39.01640       90.32890       33.92180       -2.36859       65.47610        108815.00      0.05939      0.18007
      43.85320      -48.22480       40.07810      -62.81990       76.42480     -153.83000        261371.00      0.05733      0.24247
     -54.16320       50.45360        3.26499     -142.64700      131.82800      -28.83680        799571.00      0.08346      0.44984
     -64.59720      -26.11480       30.07070      -26.87040       31.46100      -24.36600        139234.00      0.02697      0.14166
     -13.14520       68.60600      -32.28100       29.63740     -164.35200       23.20100        356816.00      0.04838      0.25127
      24.77160      -38.11120       72.41750      -46.24070       29.63570     -110.55300        275676.00      0.04868      0.31328
     -62.36920       21.35200      -18.46590      -53.08370      -47.48820      -11.89870        158641.00      0.04103      0.14159
     -26.01120      -33.28160       76.35200       75.09480       33.99650      -69.34950        338166.00      0.03678      0.55583
      55.78960      -35.70960      -13.85210      -65.00580       67.94730      -69.64350        546407.00      0.07079      0.56880
     -19.59960       21.63080      -71.57380      -20.27420      -46.04180     -100.39600        110096.00      0.03868      0.11058
      -1.86680       77.24880       14.12220      -21.74110        5.82221      -33.61160        148354.00      0.03416      0.14399
      10.57400      -32.21440       80.26500       -7.20070       72.21540      -24.77600        310199.00      0.03755      0.52158
     -30.55280      -68.64480       -1.26949      -21.38810     -172.05400       13.33610        162091.00      0.06796      0.34907
      34.64840       30.18240      -58.01470      -68.65970     -121.76600      258.87100        259790.00      0.03343      0.18851
       2.30440       57.80240       67.52090       11.15720      -10.61440       62.94670        103053.00      0.03436      0.17839
      -0.97160        5.38480      -79.75060      -22.19500      -68.38900     -160.16100        135583.00      0.02986      0.29646
      45.65960       49.78760      -20.61950       70.82790       67.32790       44.98510        400302.00      0.04165      0.25290
     -36.59760      -61.05320       25.45570     -100.29500     -216.31900       12.70020        743014.00      0.12610      0.68773
      -2.34360       57.02840       66.91020      -43.08690      -92.90670      -58.08880        117444.00      0.03300      0.23082
      65.05040        1.57200        8.78026      -22.44810      -61.48550      -10.74910        194100.00      0.03094      0.14569
     -36.35280       61.53200        1.53346      -23.43260      -23.03840      -37.43560        257467.00      0.03473      0.32657
     -40.44480      -39.31960      -47.46100       79.51700       33.63890      108.94600        382864.00      0.04066      0.41960
     -12.60040       56.82760      -42.75330      -12.32370      -17.27110        3.05018        292024.00      0.03496      0.33261
      12.92480      -28.74520       78.60960      -21.24200      -31.31610       35.40440        659905.00      0.04607      0.20580
      25.89680       43.70840      -51.56100      -31.25480      -12.78920      114.62000        329353.00      0.05377      0.32299
      32.21720       46.30960      -43.33170      -48.98600     -161.44700       65.42960        143076.00      0.03032      0.18673
     -23.86320      -21.18680       79.88140      -38.94460      -29.30740        6.54539        219836.00      0.03873      0.30748
       5.30120       71.07480      -16.41480        4.17044     -222.77800      -30.86900        271773.00      0.04682      0.14874
      -8.67040      -66.86280      -29.96350      -21.74810      -45.26680      -41.05280        107498.00      0.04658      0.22658
      40.85920       28.61240       64.86900       -2.48477       64.82360       17.01440        367651.00      0.04189      0.42343
      15.27600      -50.20760       57.82300       -4.69586      182.99400     -102.77900        707558.00      0.06065      0.43380
     -25.34160        1.03120      -70.96770      -89.01940       36.94610     -225.58800        635089.00      0.09706      0.67320
      13.57680       17.00920      -71.61600      -20.10200       -4.78549      -17.89060        125847.00      0.03573      0.23039
       5.37920      -34.13960       74.38630      -17.87520      -86.66070      161.87900        175886.00      0.03548      0.18726
     -27.90880       37.26240       69.84290      -67.68660       12.36230       78.94890        142579.00      0.05369      0.28622
      48.09880       47.52640        0.10489     -177.28300     -111.03800        1.01688        294306.00      0.03922      0.14866
     -41.86680      -32.12080      -46.22870      -51.74670     -135.30200      -49.73650        210421.00      0.04002      0.31281
     -55.82440       31.44160        1.63920       71.30440       22.37100      -13.08160        166240.00      0.02845      0.31074
      41.31760       42.60800       48.02000       99.93470       80.60430       59.83860        200942.00      0.04004      0.14671
      38.38440       57.13640       21.06130       22.35020       18.01080      -17.79410        212212.00      0.03124      0.18786
      18.45760       53.36120       60.56070       -7.68613       57.08750      -37.71880        109376.00      0.03525      0.17737
      48.03040       20.92640      -39.46440      -33.24760      -38.87200      -40.43250        102129.00      0.03825      0.14003
      16.66520       68.37520       28.58180       18.29500      -99.68960       18.77000        645778.00      0.05705      0.57708
     -10.69320      -41.90440       66.56090      -11.32250       73.84800     -160.33900        349741.00      0.03499      0.25293
      16.24160       24.03440       82.21920     -112.59500        0.75278     -223.11600        509907.00      0.03598      0.69720
      29.88600       53.47000       49.29740       25.72510      175.31500      101.39600        268133.00      0.08597      0.37416
      43.49000       50.52960       17.98030        9.58571       47.58810       -9.52360        106636.00      0.04197      0.29112
      24.46920      -40.57760      -51.79780       49.72500      -54.59200      -93.83150        138191.00      0.03813      0.14056
      31.64920       22.72440      -57.00060       11.48230      -10.82580      109.50500        175361.00      0.03524      0.14573
      26.54960       -2.99960      -67.18270      -53.48340       53.55790      180.69700        722833.00      0.07202      0.73012
      41.29880       49.26600      -13.47240      -15.51210      -23.24270      -55.66900        171043.00      0.03379      0.14844
      -2.39040      -30.62440       74.00850       -7.05686       14.83440     -138.15900        121489.00      0.03316      0.10998
     -20.68960       54.70480      -30.94210      -51.84240       41.83230      -56.23130        131940.00      0.02817      0.18519
      -0.39000       -0.72400       84.86980      -61.32500      -37.78140     -241.08800        852474.00      0.06762      0.73643
     -41.36040      -50.56240       -9.94440      -60.98350      -48.22650        2.25298        759928.00      0.06866      0.59531
      11.74920      -55.84640      -37.57590       39.17160     -114.50700     -184.73200        207066.00      0.03514      0.14359
      22.60920       61.55920      -13.43030      -66.42730     -118.98700       52.83690        296189.00      0.04263      0.39856
      19.04520       48.37000      -42.12560       42.92980       90.27430       26.78610        634339.00      0.03978      0.35250
      56.58000       17.84600       14.48120     -159.64500      -21.04430      -43.31700        510056.00      0.03331      0.26973
      32.56400       49.18840      -27.30110      -32.64040      -96.36090      125.06800        128626.00      0.02884      0.29853
     -30.29680      -48.44160      -37.53850      120.15000      142.54700      158.70200        777023.00      0.09384      0.43853
     -29.50240      -33.62680      -53.54460      -31.76710       33.69670      -10.54730        134017.00      0.03329      0.11085
      -8.89320       48.40960      -44.74670       29.47540      -11.60470       74.86730        470477.00      0.03485      0.26661
      12.21880       18.27160       80.35260      -19.12440      -62.95480      -53.83450        109537.00      0.04062      0.14108
      21.45160      -17.48520       71.92350       -8.57141       59.92390      -23.84810        555321.00      0.05255      0.55706
     -54.80160      -25.34240       21.30000     -167.39800      -90.54140      105.02500        439991.00      0.04754      0.51016
       2.08440       58.93440      -30.28410       14.87800     -160.94400       28.69800        105032.00      0.02952      0.10992
      28.60840      -44.93880      -36.85030      -92.53310       84.15860       74.09010        127539.00      0.03302      0.23636
     -13.82360      -48.37720      -48.60830       11.94000        2.99463       67.48230        133313.00      0.03404      0.23458
      52.89920      -13.64720      -22.02420       -8.84645      -26.26600        5.38435        129949.00      0.03772      0.23054
     -23.06240      -59.09680      -20.12400       80.07710      114.64400      115.10700        188128.00      0.03340      0.18627
      24.32880       -4.65160      -64.93340      118.10200       57.03460     -214.40400        155882.00      0.11623      0.35130
     -23.95240      -61.11840       -5.77943       16.37100      -52.19260      -85.44790        251626.00      0.02852      0.31865
      22.99160       33.12160       68.15860     -118.58000     -111.35800     -188.25600        566231.00      0.06699      0.43544
     -46.62760      -12.64080       48.44390       12.34610       32.08070      -17.16980        236822.00      0.04292      0.32285
     -45.20080      -43.25640        6.70999      135.66900      124.41000       14.54930        147253.00      0.03302      0.23141
      14.96120       63.02040      -10.57740      -47.03500     -248.13100       52.02250        269649.00      0.09233      0.38211
     -11.10800      -25.73560      -65.87800       -8.68843       17.01650      -66.98060        545612.00      0.04817      0.34364
     -54.30200       19.49280        5.52880      -78.54860       41.67280       46.81430        125277.00      0.03178      0.14520
     -35.75320       -4.89240      -53.49430      -45.97200      -25.22360       18.51180        171179.00      0.04315      0.22966
      10.32280       17.87760       77.94770       64.93330       -6.30531      185.97600        438960.00      0.04005      0.44782
      10.46120       34.61800       70.93350       -4.88740      -54.89620      -31.54940        899327.00      0.06030      0.61819
      10.79760       62.18040      -10.56800      -20.83210     -232.04200      108.52000        154574.00      0.04653      0.23201
     -21.53120       55.35720      -14.48010       73.28300      -87.51170       19.22120        171659.00      0.03349      0.31443
      -9.09800      -15.45440      -67.48760      -83.39940      -53.96040     -209.09200        111681.00      0.06631      0.27425
       2.34400      -62.77840        1.07113      -72.01250     -131.69000       39.39860        114466.00      0.04406      0.29169
      32.82240       43.82640       39.17120      -39.96140      -70.65920      -21.05740        685380.00      0.10591      0.54848
      -1.49800       38.11680      -49.78420      -15.17230     -156.02100      135.22300        660353.00      0.12169      0.54570
       2.84360       62.51920       15.07690      -15.04280      -79.60590       -6.71495        224772.00      0.03341      0.50616
      18.58440       48.80360      -30.75210      -81.92480     -103.71000       89.41000        256655.00      0.03108      0.19144
     -26.08040      -50.16320      -23.82790       29.82190      118.78200       26.27320        252238.00      0.03410      0.19829
      19.13280      -49.80440      -27.15070       -5.30364       65.35070      111.70700        227998.00      0.03195      0.31922
     -11.34840      -60.44480        3.56994      -22.71560     -106.34400      -34.54430        120054.00      0.03290      0.17807
     -23.49240      -32.85760      -49.59420     -125.25500      -33.64280      -32.60090        287916.00      0.03387      0.25272
      43.99920      -26.81640      -12.26620      180.56000     -164.08000     -124.91700        417844.00      0.03746      0.42365
     -40.70160      -36.02760       23.07060      210.37600      160.96500      -11.50850        343455.00      0.09116      0.40045
      34.05760      -42.49760        5.54205      -38.62750      -41.37450       15.94390        374683.00      0.03414      0.33950
     -25.52200      -37.33840      -42.69140     -110.57500     -170.60000     -120.56200        143984.00      0.02965      0.29565
      -2.18720       39.65320      -45.32640      -29.11710      -34.77000        2.62222        247775.00      0.04719      0.19070
      -3.02400      -30.26240       61.79840       -3.83221       93.62390     -167.15400        990366.00      0.06874      0.46349
     -22.30320      -47.79280      -31.23370     -193.38300     -174.03800      -70.44790        243852.00      0.05304      0.37347
       5.31520      -57.81920       15.87310       88.88970      112.42400       -8.77298        466043.00      0.06863      0.33296
     -25.58560      -32.19760      -47.01940      -71.63120       13.39850      -38.72260        177994.00      0.15554      0.42787
     -33.67320      -45.10160      -14.47820      -84.46220     -206.11100        7.36493        249739.00      0.04193      0.18685
      10.46400       59.24880        2.67060      -39.49100       52.65800      -19.29880        348204.00      0.04116      0.42862
      14.00360      -47.94480       33.71600       54.53010      -23.41420       43.11760        103396.00      0.03099      0.17677
      21.76440      -34.38800       46.30260       73.43380     -154.85700      124.59500        345448.00      0.03391      0.19706
       7.28360      -47.72760       38.51820      -51.25180       96.59030     -169.27500        346971.00      0.04592      0.32421
      27.21640       44.87400      -22.01230      -40.46390        1.93360       32.90950        562750.00      0.04699      0.34394
      22.54160       42.70480      -30.90060       -4.68982     -162.56000       47.96420        721702.00      0.05236      0.59755
     -15.29760       50.59640      -19.16550      -82.36710      117.09300     -132.33300        307243.00      0.04449      0.25033
      26.55960      -45.94800      -13.02880       53.06790     -252.20000       33.17010        696974.00      0.09779      0.70659
      -9.38000       45.34960      -32.66400       74.74020      -67.89550       -2.32458        379631.00      0.04018      0.15333
      30.74520      -40.07880       19.71700      109.97700      -84.35680        7.58026        240121.00      0.04527      0.38883
      33.42240        4.92040       52.94660     -122.22000       47.41390     -237.30500        276936.00      0.04063      0.39424
      33.12080       35.23440       38.47150       19.08980      -27.67750       89.86830        751474.00      0.05581      0.34709
      45.34000      -16.23120       -9.22705       65.62030      -30.26910       18.57160        108055.00      0.03266      0.13547
     -21.77200       38.85200       45.75240       80.97950      -78.35930     -119.30000        101914.00      0.03309      0.08511
     -32.38160        4.64360       54.70500      -78.05520       64.18200       96.63140        290622.00      0.03231      0.25211
       4.06800       -1.38000      -62.60980       -8.83149       59.38630      -49.66930        116900.00      0.04537      0.17579
     -18.46120        8.75800      -56.07740      -54.57110       72.55770     -121.93400        223758.00      0.03370      0.19136
       0.04840       -5.49280      -62.86210       11.62260      -42.89750      236.35600        299369.00      0.03883      0.14987
       0.75440       22.04040      -55.25980      -12.17400     -117.12000       26.05330        211150.00      0.03397      0.19595
     -23.77600      -43.08000      -30.42700     -103.73200     -113.31300     -163.32300        153277.00      0.03790      0.17851
     -31.25040       -4.19560      -46.64390      112.63100      -92.92680      257.95200        286625.00      0.06907      0.39116
      13.44960      -37.92240      -42.72660      -95.77610      113.61400      174.15600        547954.00      0.05292      0.43875
      42.82720       24.59280      -10.90940      122.27400       -5.52388     -105.17300        668588.00      0.06980      0.73206
      -9.52760       46.60080       41.54080       -1.24942      -53.64090     -136.79200        398429.00      0.03408      0.33742
     -11.32960       31.96360      -44.23190       19.62310      -72.29340       14.33030        115458.00      0.03314      0.14132
      -3.98240       55.35160       20.21740       28.12210      -99.52620       13.85660        698338.00      0.07734      0.56615
      -8.19040       51.62960       30.56600       14.94430       80.29510       16.88920        108541.00      0.03639      0.23133
      -1.66120      -54.54560       16.93040      -41.25780      265.61900       -1.43561        180870.00      0.04089      0.18669
     -25.82120      -46.14720      -14.88080      -57.53840       27.37880      -69.20090        948747.00      0.08197      0.58878
      44.06120       20.78160       -4.43440       13.51030      -18.94600       41.72950        929192.00      0.04704      0.47934
     -26.91680       42.31240       19.87740      -71.95200       35.58430       61.94230        373230.00      0.05257      0.33529
      27.69640      -18.35920      -43.54550       64.03460       -9.46133     -154.51900        155774.00      0.03333      0.14573
     -17.14600       49.54400       16.42050       97.16350     -172.49400      -16.97170        362055.00      0.04748      0.41383
     -32.92960      -18.06400      -38.02830      -79.57820      -47.25440       11.79690        136158.00      0.02719      0.14642
      24.48680        1.03560       56.91640      119.09000      -10.82970      142.33400        239075.00      0.03270      0.19023
      34.56960       -9.23840       40.99650      -64.07970      -13.23930      -52.36310        101602.00      0.03318      0.11008
     -15.77600      -50.81680      -12.24260       28.37460      205.39800       88.78220        961543.00      0.09359      0.58306
      37.85880       33.05920        7.73882      -79.14680      -68.03690      -35.88830        271565.00      0.03338      0.24032
      11.30560      -16.60680      -56.17450       14.13610      -56.40710      -99.20640        431968.00      0.09738      0.39720
     -29.60440      -33.78320      -28.70350      -21.54010      -22.71830       52.89420        100168.00      0.03176      0.18062
      15.62120      -47.91200        7.94345       92.04570     -134.60100       12.83120        236671.00      0.03341      0.24103
     -28.30200      -18.52160      -41.30630       70.03150       -5.04912       92.77640        169487.00      0.03045      0.11310
     -22.52080      -46.37200       -7.65913      -24.84850      -61.46750      -98.77880        244017.00      0.03068      0.24091
      19.25040       29.19760       50.83510      -46.92770     -126.63600     -178.62500        188407.00      0.03074      0.18674
      -3.17160      -19.47800      -54.54030       37.79770      -51.10100       53.64650        872846.00      0.08386      0.45567
      -2.87240      -47.97600      -21.17940        7.14462      177.58300      -33.18990        161313.00      0.03412      0.23574
      -2.66920       27.31240      -44.63660      -36.00100      -77.19570      -42.36750        127200.00      0.03592      0.23128
      -2.43520      -49.96080      -11.85000      -68.57540      151.79800        4.33468        125808.00      0.03669      0.22887
       4.15200      -33.55320      -43.74400      -31.14910      169.79200      140.00200        273119.00      0.05247      0.31001
      27.45760       34.37120      -19.59970      -84.33430     -104.04700       61.50300        173776.00      0.03420      0.23295
       2.42800      -17.82480       56.49260       18.14510       56.52710     -182.24700        414708.00      0.04870      0.32855
     -37.94960        6.28040      -23.06420       20.61780      -40.56170      -53.75340        102073.00      0.03352      0.08678
     -23.18760      -14.15960       49.13600       20.21970      -68.63690      -15.56940        262051.00      0.03348      0.19146
      14.22760      -28.28320       43.36830      -57.15300     -106.24000      140.46500        119591.00      0.03321      0.18315
      17.36000       45.45400       -7.99312       52.53130      128.63200       55.28040        132461.00      0.02944      0.18001
     -37.40720       17.69360       23.40110      218.92800      -29.65660     -154.54300        293603.00      0.04189      0.31993
      18.50640       16.57280       54.85550      124.47900       32.37290      203.63400        298869.00      0.04689      0.19175
     -19.24320       -1.31760      -49.16060       87.03340       86.48940      219.27300        100628.00      0.03220      0.28204
     -18.38560      -13.18200      -48.77810      -20.99940      -84.03430      -27.38920        170578.00      0.03130      0.18692
       9.99760      -38.83320       31.79230      -10.62130      159.05500      -19.05330        138240.00      0.03314      0.23431
     -14.54880       34.42200       42.30980      -26.00080      183.95500      112.74900        230758.00      0.03800      0.23831
      -2.73560       38.35440      -29.81340      -36.58610      -56.39420      107.78200        240118.00      0.03162      0.14919
       9.08480      -42.97480       23.79770       17.60700      -28.79260      -56.25010        314177.00      0.02967      0.25699
      39.97280       17.16640        2.40803       82.60250       44.26750       -7.63182        430908.00      0.04337      0.44234
      32.78040       20.83680      -22.83870        3.26754       16.74610      -50.43570        100987.00      0.02989      0.08725
      39.40040       14.18360       -7.21252      203.33700       88.54200      -59.04950        126254.00      0.03984      0.22190
     -28.74000      -36.65800       -4.59974      161.63600      180.67700       54.94820        577267.00      0.06756      0.43599
     -13.10320      -25.40320       46.29820      -80.25840      -14.26830       80.09200        491236.00      0.05576      0.33297
     -40.77600       -6.23160       13.62650      123.87900      -71.97640     -110.89700        131915.00      0.03328      0.14286
     -25.32920      -17.78440      -38.87300      123.32200       29.35420      118.97700        211917.00      0.03372      0.18593
      20.79680      -22.25840       39.86970       -7.44782       55.85570     -177.81600        159325.00      0.03588      0.23144
      17.24120      -18.45120       46.43470       25.19330     -138.09200      183.24800        540695.00      0.04418      0.33781
     -38.47280      -11.91960       19.55150      162.86300       74.38030      -11.17270        234674.00      0.03239      0.19668
      -5.98280        0.82400       58.90620      -89.68980       12.06920     -278.28500        502489.00      0.08871      0.41294
     -15.11240       30.86000       42.63140      -38.15540      107.01800      -26.69130        124436.00      0.03907      0.14206
     -26.66400      -35.43480       15.02780      101.66100      154.73000       79.15270        637747.00      0.04971      0.27110
     -25.65280      -10.35960       43.69250      -16.36960       -1.22928       80.25230        292163.00      0.03713      0.19179
     -32.42280      -29.39960       -6.87217     -155.80800     -112.27100       51.99590        264993.00      0.04248      0.14886
     -16.84400      -30.86200       36.47510      -93.00740     -173.48400      137.62000        151748.00      0.03268      0.22315
     -22.10360      -34.82840      -23.00210       27.65110       -1.20951     -102.10100        209961.00      0.03371      0.14748
     -24.34840        3.46280      -39.26120      -74.44490       -4.36237     -165.91500        173815.00      0.02883      0.19358
      18.70400       42.02000        2.70595     -185.41900     -233.91200        0.37897        227371.00      0.04390      0.24154
      29.40000       -4.22440      -32.85980     -110.72800      -26.76940       13.13580        302735.00      0.03264      0.19932
     -32.15240       14.52280       28.48180      -24.92440      144.05500      143.11400        107009.00      0.03974      0.18117
      -1.91080       38.67480       35.38420       23.64650     -106.37900     -206.79800        204263.00      0.03200      0.24543
     -26.11720       27.17200      -16.21230      -48.59930      171.92200      -32.29770        198324.00      0.03372      0.14762
     -10.13640       32.01560      -29.30370      135.64700     -167.70100      194.71200        590046.00      0.06785      0.54816
      37.09800       -7.76520       -8.14082     -277.08700      169.36300       22.12120        166699.00      0.04209      0.18212
      19.25280      -33.63240      -21.03840      -34.91200       73.67540      107.91000        250184.00      0.05781      0.31035
     -26.58880      -11.24480      -34.77110     -130.36700      -86.41220     -157.49400        105455.00      0.03198      0.28336
       3.65120       40.63240      -17.16380       -7.06645      102.11000       40.82170        129531.00      0.04190      0.18057
       0.00440       13.50880      -46.34240      -22.52790       86.97470     -142.95700        157303.00      0.02956      0.18458
     -15.54920      -25.05840       39.28570        6.78095       27.16330     -186.58000        163884.00      0.03305      0.23197
     -26.37720      -33.90040        6.00606      178.92200      108.12400      -63.72760        288129.00      0.03405      0.25755
       8.15960      -39.82320      -19.71870      -17.42590     -120.90700      -44.94690        152675.00      0.02715      0.18396
      10.10320       26.99800       45.66510       89.91570      128.08800       41.33960        119271.00      0.05472      0.27021
     -14.16400       32.74680       34.63040      -34.52570       99.91830       63.20190        594933.00      0.05512      0.34711
      -5.93200       -1.05560      -49.32680       24.25250      -10.03330      247.36900        763854.00      0.05574      0.35532
      -7.93440       42.29560       -3.39061       16.41910     -169.45400      -83.01080        142167.00      0.03913      0.17759
      -1.46240        8.53600       54.95760       44.41130       63.64720      -33.32110        527585.00      0.04812      0.33136
       2.98400       37.29440       34.88350      -50.08990       64.47800       70.31370        498705.00      0.04752      0.25956
     -25.47800      -33.91600        1.29282       50.09960       50.07740       75.19980        129009.00      0.03062      0.18269
      29.52280       26.76440       15.46880       49.47280      -84.56590      -64.09080        452011.00      0.03092      0.33796
     -11.81920        9.94480      -43.32920       11.53700      -66.35770      -64.86070        195001.00      0.03354      0.14569
       6.84320      -33.43680      -30.90110       73.36260     -193.49400     -134.69600        144621.00      0.02623      0.18527
     -11.42000      -41.73280        0.95432        1.71300      124.11800     -140.75100        111844.00      0.03258      0.17292
      -7.58240       -9.94760      -46.78440      113.97200       25.64860      250.35000        349600.00      0.03834      0.31975
      -7.87480      -18.12680       44.89660       90.21480       96.89210     -213.92800        118589.00      0.03304      0.14033
       2.20160       42.50200        7.87187      -16.38520      164.91600       60.97100        216007.00      0.02714      0.24291
     -35.07800       -9.02360       -6.30971        0.20987       42.73480      -59.97710        280769.00      0.03616      0.25900
     -22.99640       -7.51800      -35.49560      154.09200       -0.93076       40.51610        197746.00      0.03033      0.14955
      12.52800       36.91240      -12.08570       59.34410       93.79530     -134.86700        253504.00      0.04100      0.19745
      25.01280       -8.89680      -31.08220       -2.25383       84.29790      163.56000        137455.00      0.03305      0.18273
      -8.13760       -3.46400      -45.67000       28.58260      -45.99310        5.06649        118801.00      0.03313      0.23401
      -1.61600       40.31800       -5.21238      -11.39870      213.00300       90.85460        154142.00      0.05018      0.28535
     -28.34160        1.01680      -26.41780     -175.77400       16.66300     -135.30300        650348.00      0.09206      0.54863
     -27.78880      -11.81600       28.63840      113.70600        0.16204      -75.73260        109682.00      0.03397      0.18547
      -8.60720       21.79120       43.89330      -41.08330      -84.93490      -93.96940        104058.00      0.02655      0.17793
     -16.11720       20.63480       39.44710      -11.43110      109.50900      113.29600        272815.00      0.03257      0.32155
      25.92440       15.40160      -25.04700      144.60000       72.55620      -12.96060        994236.00      0.04538      0.36644
       2.53160       -1.86000      -46.26590       40.74980       55.28420      224.81900        438872.00      0.04472      0.19995
       4.61960       33.07760      -21.89720       22.32300      167.23500      -79.74280        191951.00      0.03390      0.14957
      21.10800       -6.89280      -35.16350      -58.72410      -73.49840      164.01200        253074.00      0.03364      0.19125
       1.60640        5.90600       50.12740      -14.17100       -8.82020       68.54420        396215.00      0.04016      0.26079
       6.37640       33.17520      -19.72950     -126.71900     -107.23900       60.77060        698283.00      0.05955      0.46315
      -5.08800      -38.31720        9.98157        8.89470     -105.15300      157.77500        100233.00      0.03294      0.22940
      26.86040       23.75840       12.60610     -176.42800     -110.04700      -49.62570        134197.00      0.03319      0.23553
     -27.45760        5.52760       27.99820     -130.14400      -31.88970       97.48990        262738.00      0.03160      0.15042
     -19.47280      -30.28920      -16.47330      -40.02600     -185.66100      -32.94430        430649.00      0.04375      0.26005
       4.45720       38.22800       16.49840      -73.51800      -72.96980     -158.59900        272987.00      0.03377      0.19184
      25.56680        4.24560      -27.52960      -43.37230       -6.03068      152.50600        650834.00      0.04865      0.45618
      -5.29000        3.05880       47.46870      -25.71090      -19.49770        9.68398        436798.00      0.03797      0.26858
     -32.47040       -5.65920       -6.02473      -83.40260       57.98730        2.52444        105709.00      0.03290      0.22831
      23.46400       26.61880       -5.08593     -134.78900     -185.16400      -17.59740        113704.00      0.03977      0.21993
      -2.37760      -25.93760      -33.23760      -14.75440      -25.95010     -146.51100        137347.00      0.04304      0.14102
     -17.92400       18.18160       33.36300      -13.71460     -197.38300     -121.93800        561815.00      0.04083      0.26538
      -2.85520       32.80560       26.46730      -41.75410      183.43900       29.55560        139120.00      0.03490      0.14068
      13.70920        6.23120      -37.11890      -68.87640      -16.57770      201.55900        128145.00      0.04124      0.14015
      -8.18720       -9.36360      -40.59200        2.20596       17.58550     -237.15200        152729.00      0.02671      0.14398
      20.16080       28.94360       12.38510      -49.19720      -75.72050       37.25580        271925.00      0.02931      0.25374
      23.37920      -17.90840      -17.10710       -4.08128       37.69790      -57.24440        100652.00      0.03314      0.10984
      26.16960        1.66080      -21.63330     -114.81800       93.14420      181.27400        102950.00      0.03093      0.14219
     -16.91640       -2.01120       37.71580      210.47300        8.42422     -188.95500        189685.00      0.03609      0.18515
      20.30440       23.12640      -15.28420       25.44070      123.87800       49.29610        162651.00      0.03370      0.19142
      16.84680        5.50240       37.13620      -29.78990      144.72400      312.82200        112299.00      0.02963      0.17619
      -3.56560      -33.67640      -15.33050       33.41820       34.35620      173.06100        540168.00      0.05183      0.26356
       3.88720       -5.13840       42.19190       48.52570      -84.71150      186.62600        434341.00      0.03835      0.19858
     -16.11280       28.27480        3.71529     -126.93200      192.24800      114.23800        126335.00      0.02772      0.18036
      16.06240      -27.14640        8.26287      171.21700     -114.06700       63.78360        117691.00      0.03305      0.18043
     -22.87120       20.11040       10.38050     -174.98600       71.51910      -23.99370        107521.00      0.03668      0.14165
       5.61480       33.76840       -4.17347      -10.25980      -71.07930       58.12570        829267.00      0.04443      0.28121
      -6.04600      -22.83120      -30.66890       66.52010      127.19500      277.08000        216566.00      0.03356      0.18898
      20.35560        2.88600       30.92670      111.14200        2.56594      304.29900        184129.00      0.05074      0.23195
     -24.99560       -4.90440       22.24820       73.04760      156.49800     -182.49200        558321.00      0.04245      0.44217
       2.45040       33.05440       15.99130        1.58937      -82.46500     -217.19000        169486.00      0.03341      0.14528
      21.00360       -4.58680       27.48310      -50.15470      -98.05630     -197.78000        115337.00      0.02653      0.10713
      -1.48480        8.95120       42.20560      115.20800      -55.39530     -282.38600        540634.00      0.04744      0.42437
     -18.82320      -24.67440      -12.93230      -81.85050     -133.86400       -8.78103        113535.00      0.02877      0.08510
      -6.87920      -33.26480        2.29203      -12.94370     -192.60700      166.82100        187043.00      0.04298      0.14517
      24.11520        5.97680      -18.70830     -173.28100     -303.29700       82.24220        437375.00      0.05367      0.32358
      19.68520       21.27440       18.99920       12.71520      255.82300       43.85160        109629.00      0.03326      0.14269
      14.31320      -25.92080      -12.15810       -4.41882     -142.01400     -105.84000        110220.00      0.03077      0.17586
      -5.59720       -3.77680      -36.89850      -68.96950      -42.83770       -4.23186        189887.00      0.03385      0.14903
     -10.96600       29.13760       10.43080      209.20900     -290.68900      -35.79090        750139.00      0.05871      0.70671
     -15.92480      -24.22120      -16.71800      219.36700      161.44200       53.84360        171395.00      0.03997      0.18414
      11.50720      -11.03680       31.97530       79.13330       16.12070      -96.11390        556904.00      0.05165      0.34615
     -13.33760       24.73960       -9.60500      -11.79710      196.93300     -166.08000        473252.00      0.03944      0.26230
       9.06080      -21.46000      -26.29870      -27.75020     -158.36000       27.66550        620586.00      0.03545      0.20894
     -19.89080       17.12280      -10.64420      120.40400     -245.37100      204.96400        166021.00      0.03174      0.23039
      -9.89320       -4.09760      -33.97340       71.67380      154.87000      106.74500        298840.00      0.03513      0.19797
     -13.79040      -28.33040        2.57143      -40.83600      -34.36210     -118.91000        388359.00      0.03590      0.26042
       8.33800       30.58480        3.22430       98.51000      326.99400      -58.75370        116448.00      0.03833      0.22762
      10.12760       28.63880       -5.75618        1.11093     -165.94100      118.47800        226415.00      0.03502      0.19374
      17.04880       23.93640       -6.79076     -111.58900      -54.00000      184.58300        203968.00      0.03496      0.29846
       5.08040       12.34360       36.89790       43.86390      126.59300      280.02200        176214.00      0.02610      0.23684
       2.75600      -15.99120      -32.37380      -72.70150     -177.89600      -64.22780        343925.00      0.02744      0.20067
       2.62560      -29.65800      -11.64560       91.54580      178.37300        7.09234        432378.00      0.04104      0.26332
      11.84920       19.27040      -21.19490     -127.54300       52.53520      312.46900        618033.00      0.04523      0.44256
      -3.56520       -0.62160       38.05190       14.90970      116.82900     -211.73900        131989.00      0.03261      0.14150
       7.21880       17.98760       32.14290       82.20750      181.95100      122.17400        167036.00      0.03832      0.18677
     -20.26760      -17.06520      -13.59970     -233.79300      -76.15080     -266.07800        484251.00      0.06680      0.32959
      -2.03160       29.65920       -3.60668       -6.49865     -270.84000      -77.26290        120447.00      0.03421      0.17522
      12.06680      -18.40880      -23.27480      112.89000      -90.96930     -289.32200        119381.00      0.03309      0.23292
      18.19920       19.97400       -8.69504      -48.75620      279.09200     -125.53700        193936.00      0.04598      0.14623
     -14.67960      -24.68240       -8.26136       59.02030      111.63300      -86.40970        138975.00      0.03188      0.14440
      19.78400       19.21280        2.21657     -113.19600     -151.80500      140.89200        246772.00      0.03309      0.19707
      15.38720       -6.87720       25.11200      179.94000       69.79270      176.25800        245720.00      0.03937      0.14732
      18.34560       -2.06240      -21.41760      -40.96260      -39.82010      203.35600        126865.00      0.03763      0.14101
     -22.19440      -12.50920       -6.48434     -217.07100       27.97330      115.28500        457552.00      0.04677      0.33574
      20.91360      -12.15440        5.49649      -69.55960      241.67900     -126.41100        166677.00      0.03464      0.29880
      -3.93160       17.68720       29.00140       71.95150      119.16700      324.25900        216937.00      0.03696      0.23869
       1.98400       21.65560      -17.45670       44.82300      -19.13660     -219.24200        102991.00      0.02795      0.11145
      10.81120      -19.32360       15.27600      -20.87700      123.98300     -133.33400        124034.00      0.04264      0.18575
      18.35000       14.69360       -9.59073      145.04500       80.70030        3.36357        109559.00      0.03289      0.22810
      -1.14520       26.23640       -5.94590      -83.99930      265.17900      -94.61100        172018.00      0.03347      0.24242
      14.00400      -16.53280       14.45460      181.89600      -22.72800      100.10200        469144.00      0.03811      0.26496
      -0.14560      -24.48960       13.15420       13.90830      -55.17390      229.80000        475741.00      0.04054      0.20241
      12.52480       18.82640       19.81270        9.14152       93.93290      223.97700        138181.00      0.03377      0.11248
      -6.74240       25.15200        2.13020       12.30610      -49.18010       81.67750        432835.00      0.03731      0.15761
      19.93000        6.50800      -12.53350      -74.70790     -197.63700        7.82650        127727.00      0.03366      0.11328
       5.55320       26.36000        4.83677     -166.78600     -316.08000      -49.41800        144217.00      0.07395      0.22726
      -4.51280       15.34640      -21.44160       22.81970      108.19600      125.28200        202495.00      0.03367      0.24770
      -1.39120      -24.96080      -12.02000      107.39700     -185.25800       70.25690        166969.00      0.02681      0.11362
      13.57440      -10.42240      -21.43620      -90.62830     -159.55500     -121.19800        109535.00      0.03335      0.18542
       8.06760       24.50680        8.64725      -20.72070      -43.97350     -140.88200        246311.00      0.03393      0.15000
      -3.01000       24.35880       -5.30069       -9.72666     -268.84500       94.69390        333383.00      0.03834      0.25223
     -18.85760       10.63040       -5.75364     -231.83700       94.77470       50.33910        177983.00      0.03147      0.14537
     -20.29560        6.96960       -5.24600     -271.38600      -50.76480      -70.53480        205290.00      0.03460      0.23819
       6.96880       -9.66240      -26.50330     -116.65600        5.85386      197.55500        108181.00      0.02834      0.14366
       1.99880      -23.01800      -13.08300       48.85680     -337.62700     -119.62000        519184.00      0.09375      0.25701
      -7.20760       22.66560        2.65909      -52.23130      161.32700     -198.01900        263725.00      0.03934      0.19185
       0.36640       23.97000       -2.76385      104.19200       26.40010     -193.14400        165578.00      0.02799      0.11323
      13.94840       18.32680       -3.42893      132.64900       81.27150       65.22230        260902.00      0.03222      0.32184
     -19.92120       -6.77600       -2.59078      186.23200      262.76900     -165.10600        718815.00      0.08087      0.43945
      15.36560       15.19760       -3.19342      251.80800       44.75510     -148.04100        127203.00      0.03089      0.14007
       8.28000      -10.03080       21.98680      -43.31480       68.95180     -262.49200        118342.00      0.03232      0.17899
      -2.51840       14.44440      -18.03560      -52.03380      189.85400     -110.20300        186550.00      0.02973      0.18631
      -0.14080       19.25560      -11.51130       -9.04803      269.97300       45.27450        325451.00      0.04646      0.19368
       3.96600       18.80240      -11.75770     -114.04900     -208.05800     -111.13400        905983.00      0.07967      0.45786
       6.52440       -6.20200       24.56100       85.01410      -90.08910      229.82300        700660.00      0.09953      0.43181
     -15.89200       -8.67360      -13.00520     -286.99700        0.30822      111.30000        431085.00      0.04332      0.25801
      17.06440       10.35960       -1.77729      324.12600      202.60500      108.24900        125685.00      0.04399      0.22464
      -5.67400      -10.38480      -22.98050      -90.85320     -128.00300     -125.53300        118027.00      0.03309      0.10950
      18.50840        5.02400        3.38172     -209.23300       73.89290     -157.68700        140172.00      0.03267      0.14488
      -8.90160      -18.12160        9.31634      -61.58140       18.43990      368.49300        257333.00      0.03780      0.14754
       3.24040       19.93560       -7.56328       26.76750       97.46230     -163.77600        268867.00      0.03727      0.19437
     -17.47720        4.47480        9.14171     -209.61000      114.32100      269.69400        417659.00      0.05559      0.32303
      -4.58760      -18.41440       12.05590      138.94100      278.91400     -120.91700        364462.00      0.03434      0.25608
       3.95080      -16.99320      -16.14730      -51.37040      258.74200      -29.07420        272439.00      0.03418      0.24902
      -3.98280       15.47200      -13.88480      158.32800     -336.27100      148.26600        673549.00      0.06893      0.26504
      13.39400        9.14160      -12.46990      157.04300     -138.42400      192.50000        297316.00      0.04555      0.15084
       8.65240       17.77760       11.97150        9.82163     -179.11400      122.13400        661112.00      0.04615      0.27189
     -10.10840        2.88560       22.01590       98.63280     -140.15800     -231.30100        189590.00      0.04401      0.23845
     -11.43480        5.97440       19.77780     -149.30800      192.63000      286.39900        711218.00      0.05969      0.34420
     -14.97360       -7.41720      -11.69620      102.79600      131.98600     -162.07100        119708.00      0.02813      0.18775
       5.59080       14.72760      -13.67260     -103.48400      235.29100       23.19730        291153.00      0.02953      0.19835
      16.58640       -6.29120        1.86366      198.09300      -14.68720      277.69400        188784.00      0.03020      0.24293
     -15.30280       -9.92920       -7.32214      321.47700       -3.30380      -48.94480        141016.00      0.03166      0.10998
       1.46120      -18.51880        8.89200       -7.75786      -11.77280     -186.17400        140132.00      0.04320      0.14458
       2.08200       12.35760       21.17350     -244.58400      -54.56590     -186.49000        112990.00      0.03314      0.10983
      -8.15320      -16.60720        7.88836       46.97140     -272.67800     -170.66800        563705.00      0.07674      0.33436
      -9.01520      -16.95080        3.66220     -212.44500     -155.08600       36.40820        160120.00      0.03769      0.18508
       6.91000       15.37880       -9.74545     -243.27300      203.55600     -122.92300        223424.00      0.03393      0.14544
      -2.16080       -3.93280      -23.13660       26.05270     -211.10900     -270.14700        493394.00      0.04931      0.15457
     -11.54440      -14.84320        0.10825      -53.02700     -224.35200      194.78300        174922.00      0.03357      0.14595
      10.12840       -0.89760      -17.71140       33.42960      186.74800      230.43800        147605.00      0.02707      0.18587
       5.58200      -12.09320      -16.86040       46.05870      318.02600      169.66400        141767.00      0.04245      0.18040
      -3.65320       11.58360      -14.32610      341.92600     -207.85000      105.83100        402246.00      0.05839      0.31848
       7.06280       16.77360        4.41391      -77.01300     -218.34000     -166.53100        167392.00      0.03615      0.23943
      -1.88320       14.90480       -9.68124      -17.19360      125.52500       27.86930        242844.00      0.02757      0.14911
      -2.76880      -13.70800      -15.19250       80.68770      -66.15590       85.59790        227304.00      0.03052      0.15156
      13.94920        2.04960       10.29210     -163.81300     -318.06100      -73.33600        263919.00      0.04517      0.24361
     -12.04280       -4.17360       13.22750      -45.10810     -236.37600     -144.41700        309472.00      0.03404      0.19727
      12.11480       -3.48480       12.51840       39.97250      112.42500      292.12200        412609.00      0.03058      0.20238
      -9.00560      -11.42440       10.16150       17.62600     -202.16200     -111.01800        153228.00      0.03179      0.11361
      11.85800       11.49720        3.31068      119.00500     -315.98400      132.59100        434363.00      0.07176      0.25246
      -7.97280        8.81360      -11.80000      -77.70720      150.64200      -88.37500        381198.00      0.02829      0.25632
       7.25000        0.30160       18.85420       49.48480     -293.07800      191.07700        194041.00      0.03327      0.18407
     -14.10680       -0.05320        7.45788       -2.75622      216.90800      203.56400        622198.00      0.03189      0.20981
      -5.13320        1.75320      -18.41140       36.33410      240.38600       46.68310        218224.00      0.03482      0.19364
       4.54880      -15.65840       -4.46465      -11.45150     -234.37700       12.53870        112690.00      0.03057      0.23144
       4.27840       -7.55520       16.70020       -8.96578      335.64500     -124.44800        135530.00      0.03313      0.18181
      -0.89760      -15.89560       -7.96594      243.04200      165.18900      -39.03070        355036.00      0.03448      0.19957
      -5.09760       -5.78880       17.18980       31.95950      -85.29140     -237.64700        542932.00      0.03892      0.15681
       0.50440       -5.04520      -18.22280      116.11700      -84.83180     -242.75900        462770.00      0.04401      0.15684
       5.47440       -5.58440      -15.41300      -12.93980     -319.27900       98.94370        134866.00      0.03241      0.18143
       6.19760       11.27320        9.71040      -68.76140       67.98090     -314.52100        169115.00      0.03376      0.11399
       2.02520        5.66480      -14.64290       93.77630      214.73600     -229.61200        132843.00      0.03338      0.11109
      10.97320       -5.47960       -4.88434     -188.01000     -139.15600      176.14900        145219.00      0.03337      0.14379
      -2.19480       11.45640       -6.83467      373.09200      -93.78320      133.62000        329536.00      0.06327      0.24812
       0.90120        0.62760      -16.26380     -268.90200       65.78880     -162.27100        459014.00      0.03734      0.19967
      -4.16040       12.45480        1.90666      130.71600     -268.64200     -249.17200        126343.00      0.03860      0.17953
       1.24080        5.54240      -13.53650      -62.71440     -335.54500       74.85410        106327.00      0.02994      0.11043
       7.99400        1.03320      -11.15500     -232.99200        3.69815      258.65300        295197.00      0.03501      0.15054
       2.23280      -13.03680       -1.25426      198.05000       15.76630      375.05500        171314.00      0.03332      0.14329
       4.56320        2.87200       14.65200     -214.84200      -91.96110     -250.07000        122034.00      0.03091      0.14564
     -11.01000       -3.69200       -0.44190      -59.40800      138.71500       38.52030        645549.00      0.03475      0.21814
      -2.67880        2.54520      -13.91830       54.58050      -75.58360      291.89500        694651.00      0.05773      0.20507
       5.23200        7.05720       -8.59202     -120.28300      -53.43240     -360.84800        124604.00      0.03316      0.10996
      -5.32440        0.31680      -12.15120       86.00490      260.09300     -143.86300        207814.00      0.03156      0.11491
       4.96000        2.86720       12.92900       57.75880      143.36500     -284.87900        103078.00      0.03880      0.11027
      -0.21400       -1.88680      -12.51410        0.77407     -158.60400      268.01700        174878.00      0.04289      0.14608
      -5.60560       -5.17720        7.23324      215.71400      116.70300      -16.49900        991550.00      0.03311      0.16854
       7.37160       -2.94880        5.77437        6.47989        0.45319      440.90800        454011.00      0.04651      0.19813
       4.00800        2.19920       -9.10068      213.72300      233.72400     -248.81300        182335.00      0.03787      0.14364
      -5.10760       -7.75720        0.98906      150.44500     -252.62300      206.38000        127227.00      0.03370      0.18147
       6.97040        3.58720       -3.59016      236.55400      176.71300      172.49600        342909.00      0.03421      0.20020
      -3.36400       -1.31080        9.80334      111.81900      242.65400       -1.63703        121869.00      0.03390      0.08827
      -1.23760        7.79480        1.00044     -150.55400     -296.66300      227.34400        408498.00      0.06744      0.24840
      -5.72360       -1.43720        5.07326        3.88439      -82.51290     -329.28600        101542.00      0.05326      0.17381
      -3.21200       -4.21520        6.15996      -86.74490      -53.82410     -427.93300        714256.00      0.04500      0.20759
       5.11440       -4.60160       -0.84696     -179.32800     -275.90300       94.62220        181734.00      0.03382      0.11440
      -1.16400        3.09080       -3.88996       69.31300     -112.50800      402.07000        111913.00      0.02926      0.08554
