    -376.20700     -737.41600     -939.46900      -43.94490      -18.61910      -73.54750        78272500.      0.95925     17.83370
     -98.53520     -539.83100     -819.27500       -3.51276       67.28380     -107.15400        72592900.      0.65535     17.17030
      33.53120     -364.23600     -778.40000       84.83140      -20.98080      -11.32190        23083000.      0.42430     10.17530
     607.34100      561.40700     -600.55200      -33.67990      -75.83620     -124.94100        26387300.      0.48572     16.07580
     616.37500      502.17300     -598.19200      -47.23170      -36.71890     -130.37600        36483800.      0.36142     15.72120
    -327.87800      100.70300     -795.79300       -0.72951      -71.51570       -9.34619        17284600.      0.43628      9.66597
    -124.32800     -427.03200     -755.49700        5.90337       87.47920      -98.22330        49260100.      0.40675     17.87970
     471.53500      596.25500     -607.94900      -16.73830      -57.57830      -95.37370        30795100.      0.31959     11.96340
    1079.80000       -6.14320     -246.31300      -10.72170      -52.32640     -104.98300        15096400.      0.27658      8.02185
    1036.84000     -177.58800     -244.25900       -5.14564       15.91890     -102.15300        49403300.      0.56351     13.35680
    -111.23000    -1064.69000      -63.18550        6.69007       14.51280      -81.06490        19706400.      0.25659      8.75770
    -380.07800     -198.02600     -604.71600       14.89250       21.20480        7.96128        32393300.      0.22617     13.14830
     195.72500      -80.89960     -685.41500       11.99980        0.24161      -12.00820        54387700.      0.55122     11.13240
     858.12900      269.93700     -300.06200      -39.51950      -62.59730     -123.12800        95358000.      0.60108     19.89670
     236.26000      204.63700     -637.79200       80.42960       80.59120        5.02211        55654200.      0.61659     18.84340
      27.12520     -172.70500     -675.84600      -21.12600       30.95750       29.26470        86917300.      0.74825     18.90060
     267.88700      -16.11800     -645.61100      114.94900       71.31390       -6.83301        57180900.      0.48954     17.75610
    -348.66200     -366.31000     -519.77600       -5.27545       16.85190       22.46640        99745000.      0.78648     19.21160
    -267.40400     -364.27900     -515.62100       10.69910       15.88380       20.79050        28995100.      0.32757     15.49310
     -10.66480    -1160.08000      235.79000        5.51416        5.39896      -63.22270        78157700.      0.66585     17.87690
     223.50700      173.91200     -584.12400       57.46480      101.13500       10.76030        61810300.      0.43609      9.20957
     285.03200      143.53700     -558.67700       63.02830       68.53520       21.89570        85513900.      0.65178     12.22160
    -394.65200      638.67800     -392.22700        2.44894      -51.19490       -4.12640        41556000.      0.43460     12.51470
    -297.61800     -310.43900     -447.78800       -9.08754      -24.20450        5.27898        17809900.      0.31781     11.79720
     -97.06200    -1017.98000      288.09700       -2.70523       26.02700      -64.24150        36691900.      0.58075     12.15520
    -227.15300     -895.17100      237.52500      -29.17510       46.80670      -72.45470        38683400.      0.53448     10.99520
    -478.59400      253.34800     -393.61800       25.81580      -77.66240       12.04040        73751300.      0.37598     24.62790
    -243.57200      -97.97520     -526.90300      104.51900      -34.76050       19.46860        15661100.      0.40669      7.73153
     315.24000       25.61280     -464.67600      132.68800       38.75140       37.95910        50054700.      0.45424     20.09650
    -187.70200     -763.56000      254.51000       -8.82911       69.42700      -90.20290        15769800.      0.35379     10.36650
     310.11700      -66.80840     -375.22000      -49.76820       20.27700       20.03410        11344900.      0.24538      6.86984
    -105.47800     -693.12000      224.69500        0.00195       87.55030      -76.99020        24338800.      0.43163     14.81810
    -221.78400       49.66360     -418.88300      -55.05150     -110.00900      -15.52910        16047200.      0.25715     10.49190
     -81.53360      169.61700     -425.04800      -47.42660       23.55080      -11.67050        25410300.      0.52434      7.41370
    -195.85900       36.39560     -409.29500       18.47830       79.27570      -23.50570        29639400.      0.42084     10.00650
    -306.38800     -221.06400     -277.57800        0.86682      -84.16820       46.46490        62442200.      0.86784     18.10980
    -273.08100      511.02600     -198.27100       29.45220      -85.18780       10.12830        65470900.      0.49802     14.05060
    -111.24200     -230.09700     -340.95400     -119.90800      -39.89320       -9.70165        13281700.      0.25732      7.83632
    -570.50200     1053.81000      338.45700      -41.17050       90.06690      -96.53200        20095700.      0.33587      9.39134
       9.11320       75.08520     -413.27000       28.03720      -20.83010       41.05840        96532900.      0.50087     10.67630
      79.21880      220.22200     -343.73900      -92.83150     -126.68900       -2.00219        33732900.      0.29701     16.61220
    -457.17200      188.31100     -126.85200       33.00210     -119.50300       18.55790        67069000.      0.68400     15.73120
    -112.33800     -353.20600     -176.83900       43.99830        9.42745      119.91900        46537700.      0.88174     16.26850
    -162.93500      -88.18040     -346.21800       86.90750       44.14300     -129.55300        81442500.      0.51910     15.77260
     -15.00160     -307.95600     -253.59200       33.92380       39.17740       71.65530        86634900.      0.39890     10.41000
     -44.98560     -309.57600     -215.08000        9.93149       10.71200       87.33060        23953300.      0.21103      6.57484
    -188.32300     -194.48000     -254.06400       29.93760     -132.50000       48.84010        40167000.      0.60381     16.93190
    -143.94100      107.90400     -315.42600       83.91990       50.55380       36.23330        39364600.      0.51464     10.51240
    -111.47100      765.76200      244.30600      -74.26180       -0.33998     -107.23600        58631600.      0.65865     15.06920
     221.15400      401.66000      -28.72780        4.91698       26.43660      112.04900        26364300.      0.25575      7.70094
     -31.90960      -97.98280     -333.83700        7.53678       19.17070      -75.14120        67498800.      0.68943      9.15150
     287.28400      167.86700     -170.53700       53.89530       46.40620       77.62420        78495000.      0.57379     11.50480
    -122.27000     -406.42600     1358.22000      -63.14710       16.58490      -55.62280        14506300.      0.21009      7.91920
      82.04840      399.19500      -83.87010        0.26339      -44.51400      -99.77790        16317500.      0.23356      8.45324
     383.61300      155.08400       43.37840       19.06680       21.44500      130.88200        96842300.      0.45283     15.90440
     -20.82000       10.62760     -330.29400     -123.02500     -137.49600       51.38940        86928000.      0.59872     19.82970
     145.20600     -277.58000     1158.00000      -90.20940       -4.40453      -86.50360        10310100.      0.22303      8.64414
     -18.28480     -172.74200     -279.09200       19.43090      -49.28950      120.54400        39458900.      0.38721      8.57018
     -77.40160     -360.83900       35.26670       -5.27070      -14.33370       -9.99000        15445300.      0.19396      6.40728
     -57.37720     -313.30200     -102.45700       28.99680      180.68600      -70.21040        83029200.      0.67936     13.94960
    -101.94900     -273.61900     -147.45100       40.89990       97.17380       67.08840        30800200.      0.46272      7.72631
     229.21000     -293.04800      174.37500      -83.89930      135.31400      -97.24670        67933700.      0.72670     16.66200
     329.53400      280.11800      161.87600      -37.04170       12.60740      110.95200        73637800.      1.04840     16.58340
     -13.83560      141.63600     -278.40400      -11.83400       13.83030      -43.38520        18282600.      0.27909      5.76895
     283.87600     -132.09000      -95.14770       43.21010      -23.41800       23.50410        92482200.      0.42518      8.86728
     278.55100     -172.67800      -24.56910      -50.69350       42.69060       66.05440        24700600.      0.73449     10.90860
    -116.01600     -243.05700     -160.65500        3.41046       42.43620      -61.04130        98097600.      0.64575      5.83265
     -51.45960       22.24520     -298.43700        7.22040       43.40080      -80.57140        60707900.      0.39632      7.24646
     -28.35440      -20.74400     -301.65900      -27.60720       99.18570       24.62540        68809000.      0.33644      7.45730
    -255.86600       84.74840     -166.47100      114.07300      -90.22970       49.35660        22336700.      0.25301     10.72120
     271.89200      270.24700       65.32780       34.75950       -6.45715      136.42100        28488000.      0.44107     12.26230
      -2.20560       95.17520     -278.80000       27.11880      133.99600      -71.41820        17272200.      0.30301      8.88304
     162.00100      309.25600      -52.99690       38.71440       26.24530      -96.64020        37690800.      0.38537     16.75030
       0.18840      745.10400      506.56600       46.37640      -75.28950        7.84729        34679900.      0.59552     11.78300
    -244.37200      402.09400       82.08080       21.58250      -72.94620      -78.40560        84661000.      0.44399     14.26850
    -270.32000     -341.23500      962.02800      -57.86470       73.93170     -105.46800        10761200.      0.28612      6.61146
     162.60000     -259.70600      441.99800       -2.51656      158.15900      -86.09040        15964400.      0.27365     13.49640
    -112.48600     -309.71600     1050.28000     -117.88500       -1.31566     -107.32500        82030200.      0.68054     16.24120
    -259.61700     -107.17200     -115.16600      -46.90140        8.01960      -28.78540        21633200.      0.31734      7.79056
     -55.25760       92.62680     -270.37400      103.09500       40.52310       97.48750        95421700.      0.62513     13.22260
      80.99040        1.04000     1306.20000      -61.89400       14.79240      -28.85280        20239100.      0.26800      9.90590
     143.07400      500.33000      316.92700     -109.58200      -41.76790      -93.12220        52657000.      0.48996     16.21200
     -58.13240      709.27800     1338.33000      -63.05500       42.55470      -75.56670        17182200.      0.42802      8.46020
      60.71920      146.70600     1394.42000      -90.93640      -14.92950      -53.36480        58619300.      0.42554     15.04940
    -207.88000     -227.74700      -34.74740       29.08590       39.24240      -29.32680        63305800.      0.36428      7.40731
     303.69400      -96.66680      147.08700     -159.08700       55.27950      -71.05380        68115200.      0.65985     18.78570
    -136.60200     -279.18900       14.01990       56.00250      -16.99270      -81.09410        63203200.      0.51826      8.56490
     -31.06440       -7.55360     1345.50000      -83.59790       30.82910      -93.34890        38970300.      0.33769     11.31080
     117.85800      -95.62200     -227.07100      -69.62510       87.36900      -47.97710        37815300.      0.69912      5.86271
     317.02200       41.58880      299.15400       37.22100       58.12750       83.63320        57042200.      0.41156     26.95230
    -621.06800     -118.33500      993.54700     -121.06000       27.29170     -139.45000        12983000.      0.18028     11.60680
      30.45960       78.10880     -253.92200       -1.42592       18.61720      106.62000        13294300.      0.25077      4.20139
    -298.22200      172.87500     1533.62000      -64.13690       22.59030      -64.67180        62401600.      0.57678     15.96320
    -488.25600      -83.92960     1254.34000      -42.26750       66.87270      -99.76140        32717000.      0.24690     11.73110
      12.51760      258.94800     -124.01400       62.88000      120.90200       51.84300        23443800.      0.43163      7.27670
    -566.88000       81.56000     1361.42000      -63.40230       69.77420      -81.49440        12284300.      0.21544      9.21141
    -211.41600      239.04000      -42.72280       21.27300      -18.59270       81.37400        25502400.      0.35705      4.53742
      -1.24920      252.58500     -134.84600      -19.98550      -62.08490      -16.19170        37663700.      0.34291      6.69638
    -654.47200      156.28600     1326.96000      -69.46610       60.40010      -89.94230        12604900.      0.27725      8.53482
      64.04680      299.78400      -60.17580       63.93170       80.75700       66.73520        18560800.      0.36626      7.02876
    -124.04600      401.21700     1414.34000      -80.87210       -1.00336      -83.98850        46108700.      0.58537     13.64100
     -14.52040     -193.27300     -177.61600      -47.21850       22.86430     -102.89600        36891400.      0.42068      6.41075
    -209.43800      238.78700      -34.84950       15.71090      -17.41320       85.11860        60883100.      0.49440      6.80116
      -4.52400        6.24520     -261.59000      -54.48250      116.92600       26.09310        29654000.      0.34921      4.69725
     227.11100     -108.79100      352.06300       17.28610      -55.78870       43.76360        24626300.      0.28176      8.01936
     129.84000      337.26200      131.40800      -24.09720      -25.69850       12.20900        55288100.      0.41229      9.68428
     167.75500     -142.22400      464.54200      -15.14090      175.49100      -86.92280        87966200.      0.61511     19.38800
    -272.66600      -28.33000     1303.19000      -95.45930       48.03100     -121.26500        44322000.      0.27753     13.01610
      63.28000     -228.05600      383.06700       47.97560      -42.80580       73.00320        12662700.      0.27468      5.34787
     -56.41040     -196.17000      920.22500     -112.03700       97.77570     -123.67300        38158900.      0.38960     12.06630
      60.37440     -266.59400      121.70600       28.62130        2.92601      -19.19020        47279600.      0.35343      7.52825
    -247.24700     -163.36200       78.87970       52.67720       17.71740      -66.15780        59113100.      0.72425     10.87260
    -475.50900       54.88120      368.16400      -90.18870      -10.70760      -55.60870        60491700.      0.38360     16.48580
      73.32160     -188.87100     -143.66500       -7.86106       84.10830       60.56230        64240300.      0.36176      7.76223
    -141.87800     -210.83300      439.76700      -14.72720       61.17680      -18.99910        20921900.      0.39578      9.21565
    -128.75500      206.78200     1326.15000      -88.78530      -29.35310      -39.94590        60330600.      0.50405     11.60720
     208.45600      -93.83080      325.22300       75.81850       29.52480      -84.86990        67007100.      0.82130     18.11110
     253.93400       -9.93880      229.44500       81.71090       64.54510      112.26200        36266000.      0.42542     13.35840
     -66.23480     -121.79300     -197.26600      -31.05820      -29.87470       85.36130        33526300.      0.28070      5.09631
      26.02240     -204.30400     -121.50300        6.20641        0.07139       -2.04166        41905100.      0.26129      5.59068
      15.67960      261.83400      -70.60950       46.52660      -58.09540       97.21310        16954700.      0.22952      5.41282
     233.18000      -71.05480      216.98800      -77.72500       46.73440       25.85730        98730100.      0.56888     13.80950
    -168.18300     -204.87000       74.49600       86.15270       62.41090       23.64000        31155300.      0.30012      8.24322
    -378.74800      302.06200      304.72100      -35.01420       77.66720     -105.41800        91200100.      0.51789     13.09600
    -110.21200       -8.39040     -208.94700       34.68420       -4.01720       52.24880        48900700.      0.32823      5.61266
     -35.93880     -198.31400     -124.50500       16.18880     -152.84300       -8.89652        36747600.      0.32789      6.51310
     205.95500      131.06800      747.95600     -162.92900       66.43700     -102.57100        37982700.      0.49000     13.04930
      24.31200     -136.84000      740.22200      -52.02340       13.51600       32.64550        22833800.      0.25819     10.83170
    -568.16600      846.91600     1024.07000      -63.80550      -40.04060      -37.04800        15373000.      0.26134      5.34040
      38.37640     -244.53500       49.62640       77.56880      -78.19450      128.12800        62593900.      0.49560     11.90940
     117.15400     -202.66400      152.51700      -20.72770      117.95000        3.58179        16044500.      0.19463      5.55236
     189.76800       73.02440      389.64100      -55.02510      -86.62370       93.15340        26724300.      0.64460      9.03105
     133.14400      -15.29720     -168.84800       -6.43623      158.37900       23.69920        10515800.      0.34798      3.67226
     -59.75440     -212.47900      208.83900       34.92490      -54.95730      176.99000        29865500.      0.22170     10.75680
      -6.39040      108.78600     -193.62500     -157.49700      107.55400      -38.49640        10333100.      0.37276      5.60107
     154.91400       11.91600      450.53600      -32.97470       23.77600       26.05560        42577700.      0.33676      9.01357
     113.88500     -184.98400      165.72100      -25.02030       63.87000      -31.56620        59015000.      0.79938     10.47680
     155.04800       -6.82320      399.75900        3.61635       33.26430       33.98230        42221100.      0.35552     11.35250
    -397.82100      662.06500      910.51500     -131.28900      -38.50170     -136.03200        64134100.      0.39004     11.80850
     -76.96240      310.57900      246.98100       17.18340     -115.29600       42.49190        50091700.      0.39627      9.24203
     136.54100      199.51300       14.43650      138.88100      100.79300      150.85900        49480700.      0.48013     13.29330
     -18.33440     -174.40200      255.27200      -25.09200       37.99540       16.40150        81035900.      0.57607      7.62546
      -4.27280     -145.86200     -151.71900      -30.69480      -56.07990       48.03640        15014100.      0.24192      3.36410
     187.46700       91.47920      169.59900      118.79200      -46.82520       30.81370        83013800.      0.63550     16.34160
      53.52600      132.26000     -149.23100     -240.79500        5.64050        7.24072        23761700.      0.35567      6.80267
    -137.15300     -103.94000      853.44200      -52.02160       95.86460     -162.55700        80980900.      0.50454     16.98840
     -52.56400      165.97900     -123.73100       18.40820      -77.42440      -31.68900        21648600.      0.29307      4.66577
     146.69400      187.11400       38.21990      124.90000       71.62890      158.39100        34839700.      0.35139      9.69312
    -136.08700     -150.89700      -56.01760      -72.90270     -132.18400       39.80660        12187500.      0.25713      7.78317
     130.61500       37.65680      336.08500      -80.41770      -98.65060       59.51000        14253100.      0.39027      4.83552
     -44.53080      153.49900     -132.43600       -5.76747      -79.34210      -50.04260        29815300.      0.35429      4.70811
     135.54200     -119.30600      -72.29340      -57.45310       55.42140      -51.81900        64558300.      0.46000      7.48486
    -197.29000      -77.07160      186.02900       10.24320      -14.17550      -22.05970        50247500.      0.46442      7.14672
      52.50360       44.92000     -185.09900        7.09116       19.97810      101.47100        22239200.      0.36563      3.47567
     174.89100      -70.26520      156.06200      -72.73560       22.13750      182.92800        79989400.      0.50068     11.48490
      43.14760      470.28900      850.16100     -175.20600      -20.09110     -128.52600        67219200.      0.60189     12.15270
      -2.52560      158.73400     -120.93500       44.01100      179.40200       31.48650        10457100.      0.21154      5.13900
     182.56900       24.08080      -45.39580      -54.91220       83.87710       94.22800        10751300.      0.31030      3.80823
     -42.65080      -62.96640     -185.10200       37.30930      -35.32760      152.89200        75979700.      0.44988      5.89430
    -198.59600      -41.80880      396.36900       17.49680      -29.98900        9.19693        92374800.      0.57251     10.02980
      84.32080     -144.61800      -93.25620       44.41270       23.81530      -41.29780        85671500.      0.42313      6.37743
     138.08200      -23.06000      251.95000      -27.12060       -2.77534      -58.80240        20075200.      0.24015      6.07230
     103.93600       84.52840      339.11900       44.26380      -26.83160       97.77130        95890000.      0.41026     11.11120
      84.73320      132.29700      435.32800     -128.00100      -26.20360       79.66660        37603600.      0.49271      9.99366
    -183.99600       92.81600       -4.16268       22.55010      -22.90810       48.98750        21046200.      0.28602      4.77414
      63.25720      -46.15560      293.90400       52.46800      -42.53850      137.11500        33179300.      0.33479     10.98530
     107.47400      -32.68040      272.49300      -45.75040      200.57900     -120.76900        75893900.      0.68327     13.91620
    -111.51900     -147.79000      -44.01680      -85.01310      -14.27040     -147.78800        13865600.      0.31731      5.10501
     -91.12680      209.49100      212.79400       13.22420        2.97330       38.06540        79034200.      0.40818      8.07363
     -99.46920     -118.15000      209.41600       92.95780       64.96280      -87.84330        68703200.      0.45254      9.24446
    -148.73700      -18.28640      421.98300       48.85550       67.56610      -10.00610        27999800.      0.39539      9.77443
     -90.89680      -98.63880      239.97400       87.82430      122.68700        1.61336        46409100.      0.46655      8.45474
     -60.58480      -51.72840      318.08300      -53.85210       85.29280       43.71140        30356000.      0.40528      6.23873
     -70.14400      -53.45320      311.05800       90.56760       55.93660      -58.57520        59635200.      0.44014      6.84463
     -76.87480      202.04400       34.47480      -16.39840       39.35190        6.99805        92562600.      0.47834      6.18138
    -377.77100      -37.72320      734.67300       -6.92160      102.10600       44.80330        39255900.      0.42174     12.86270
     -15.49440     -108.32400      236.91200       32.80510      -93.00150      113.63300        55759200.      0.51953      8.61049
    -140.23300      -95.69320      -59.97410      -51.80900      -53.03100       70.55510        32599500.      0.28810      6.92954
    -105.65500      494.32900      568.64600       29.74100      -85.71110      -50.22700        14657300.      0.42515      4.97554
      99.19960     -143.60000       54.31570      -29.32920      102.08200     -100.75300        35688900.      0.31797      6.61865
     -30.95360     -183.78000       49.32400      108.25300       -1.60865     -157.47000        77095900.      0.47063      9.44741
     -77.14960      175.00800      188.58200      -11.15160       86.47320       71.75690        15003600.      0.38083      3.16585
      59.66600      -31.09000     -162.23600       99.45270      -65.68800      -76.55500        91884000.      0.49539      5.89306
      70.92600      145.55000      -69.50780        6.98742        4.67813     -112.44900        52624600.      0.38038      5.52123
      66.64560      -60.67520     -143.01900      -69.10080      -69.62840      -19.97810        10110300.      0.24470      2.35435
     -23.81280       76.49400      319.01100      -45.27300       45.84880      -64.23030        46486400.      0.53562      8.72741
     111.59900       40.97120      198.42900        8.08725       -4.37646       79.36160        69963000.      0.38158      5.82652
    -409.95100      474.86700      652.91400       -9.73159       83.75160      -48.75470        88918000.      0.48323     10.25200
      34.89120       90.56160      254.63600       -0.75833      -19.99990      -44.18100        76254300.      0.37998      5.92790
    -193.52200       -3.00480      554.18000        0.84249      -51.62880      111.10800        95371500.      0.43660     13.01070
     157.73400      -10.02840       27.54470      -94.09310       43.88650      -61.88020        21690400.      0.31200      6.16610
    -138.94700       84.43280      150.28300      182.05000       22.44330       33.44080        81118900.      0.72425      9.03099
      84.13040       61.72800      192.87500      -13.86050     -177.58700       14.90530        50293600.      0.50487      6.42654
      -0.87000      157.02200      -45.93740      -35.12660      119.48200     -148.58500        11474500.      0.29338      4.69844
    -167.03900       48.68880      523.84900      -25.61690       86.17240      -88.60400        30278900.      0.33520      6.58630
      63.97120      138.24800      -46.95080      -26.54300      -15.01060      -18.96280        15296300.      0.23093      2.55271
     -39.27280      210.85400      498.43900      -13.62640      -83.37330       79.69620        41266300.      0.54438      8.15052
     -64.46480     -147.56100       28.60410      -91.37400      -17.76550     -170.50800        33218900.      0.54944      4.38077
    -110.07100      123.87300       85.93830      -32.02880      -77.05320      117.19300        34705200.      0.30316      4.94711
     -61.34640      -56.44400      187.97600      109.84100      151.13100      -33.79130        72289100.      0.44086      9.57036
      76.79720     -126.15200       12.99250        3.95672       88.96770     -111.27500        27511100.      0.31673      4.84013
      27.99480      -79.94760      171.93700       63.70920      -45.44090      -78.14140        59194800.      0.41314      5.53320
     114.85600       78.60960      -44.83460      -26.34150     -128.95500     -103.76400        10613200.      0.24077      3.93480
      58.16040      -54.52200     -119.50600      -11.92900      110.71800      147.38300        57897100.      0.33710      4.33191
      81.33040       79.69320      -81.30510      103.94900      165.07700      -89.04350        92144400.      0.43936      9.44410
     -89.64640       43.42360      -99.72070      136.21100       48.41060     -181.91100        19110800.      0.33289      4.19134
    -101.05400      269.92400      933.10200       13.12370      180.00500      -32.41450        70468800.      0.62655     12.19400
    -102.46000       69.17480      138.03600      -25.20220     -112.52400       91.28710        43656300.      0.39858      3.81609
      -0.35840     -142.04800       53.47430      -28.86340       37.81720      -47.80340        79879100.      0.44628      5.96168
    -127.05000      171.93200      506.72400     -103.12500      -82.82630       42.31450        52233100.      0.32526     10.02800
     121.78900       52.08160       68.28850      -16.65320       71.30050     -161.56500        21417300.      0.39949      5.65899
       2.00000     -141.58300       26.34310       -9.66804       20.08790       10.60110        12066000.      0.22664      2.51891
      10.35600     -136.19000       56.92230      -27.32120     -104.68500       -8.30349        38434600.      0.37413      3.97031
      27.34400      -21.48760      180.07300       44.11120       95.75360      -17.33930        23627400.      0.30776      3.63115
     -22.37320      107.07000      147.52700       37.30790      153.42500       34.39340        13346100.      0.26085      3.15882
      51.63680       56.61120     -110.93000      -61.84030      -70.61490      -61.96070        34588400.      0.46283      3.70440
     -23.71120      -73.57200     -114.72300       44.91840      -49.29780      116.36800        11742800.      0.27655      2.37084
     -77.96360       52.53200      153.36700       89.34830      -30.34680      -53.16800        28517100.      0.20970      3.91846
    -122.31000       21.51520      -25.09080     -150.53500       37.22640       52.76420        11104900.      0.21094      4.10895
     -34.86720      138.46800       43.96010        8.36151       37.41650      -45.10650        39889000.      0.28104      3.13570
     -62.84520       67.53720      -92.43810      -37.67820      -91.74120      -87.70840        54029000.      0.48824      4.00120
    -109.16000       16.81040      113.79800     -148.42700      -79.47890     -135.48100        98823300.      1.20358      8.68146
      14.92400        2.77880     -133.26000     -102.34400       16.20790      -63.29110        16562300.      0.21976      2.00450
     -24.98440      136.76600       -5.10172       19.77140      -22.38490      -46.51700        54800000.      0.30159      4.33668
     -87.50520       92.97480      -21.67110       21.03150        4.30096      -32.83470        11596900.      0.22363      2.45083
      84.00120       11.91400      -89.35680     -106.31200      118.95900     -215.60200        80172700.      0.74945      8.45474
     -57.00280      101.48400      -55.92680       29.98810     -100.07900       13.94870        12796700.      0.21598      2.47275
     -97.83000       22.01200      124.62300       38.08490       -2.29604     -192.06200        26763600.      0.25306      4.80768
     -27.74640     -114.33900      -56.40450       74.80110        1.02658     -116.77000        98653400.      0.55737      4.46814
    -105.16700       77.95520       36.23290     -145.19300      162.36600       95.45510        56640200.      0.31443      9.13977
      -3.16280     -114.01600      -55.66620       -2.15212      -63.58280       91.51150        21191000.      0.35209      2.61005
      51.52680      120.44800       41.14120      -41.89750        9.74344       61.25670        10055800.      0.19786      2.45200
     -88.24720       73.22720       98.15240      -56.43750     -158.72300       88.66380        36463000.      0.27730      5.06125
      27.95840      120.23500      -29.34980      106.77700      140.51300      -95.91620        21903400.      0.21697      4.71180
     -61.81280     -105.57500      -20.70810      -52.88310     -107.81700      156.94600        28865000.      0.32010      4.78604
     -94.10120      -76.22280       38.76830       63.31250       71.59570       20.11390        45977500.      0.39325      4.11777
     -54.38960       26.53600     -107.48900      188.11000      -89.27700       20.68030        10018000.      0.27874      2.26924
      41.12640     -113.08500       21.99010       40.27350     -236.63100       -9.92444        55300000.      0.41494      6.10182
    -135.66600      192.21100      901.25400       28.83480      175.40800        9.96700        26717400.      0.40274      7.78748
      55.07920       96.10680      -51.90890       48.76140       94.61070       70.06360        74778000.      0.32385      4.54509
     -55.03600       46.40920      -96.94900      -50.16960     -125.47600      -36.42400        99496700.      0.55390      4.48754
     -62.33320        6.11400      144.75200      -21.88070      -85.98910      155.18600        76943900.      0.40187      3.28950
    -270.10700      161.69600      569.16400      -74.87440       50.91010      -21.65220        69791300.      0.37775      7.89062
      -4.26920     -104.69700      -54.88430       15.86580       30.51000      167.55300        23759600.      0.21657      3.66127
     -62.56800      -74.65160      -62.66170      127.28900      131.83800      107.07900        94235800.      0.63491      5.70460
     -28.83320     -113.31400       23.38570       -4.12617     -128.98300      137.85100        29294900.      0.29222      4.74426
     -24.57760     -111.97400      -19.25310        9.60147      208.55000      -39.41200        83837300.      0.48467      4.35134
     -43.86040       32.67000     -101.70800       -7.90602     -138.62400       58.30220        18400100.      0.33508      2.52920
      19.81720      -23.66160     -114.96800      -82.27730        3.87922      263.42500        83484500.      0.67834      5.31804
     -36.80320     -107.60900      -13.14710       55.59290       52.16570       59.59930        17106100.      0.22292      2.64356
     -83.93640      -62.91160      -33.57950       52.97110      -39.77280      143.33000        55708600.      0.36264      4.24446
       5.78600      120.50500       24.25430      -12.66280     -244.57500      -56.76630        84221500.      0.40190      7.32209
     -97.86560      -45.49200       14.16210      -88.95790       31.85800      181.29800        20501300.      0.21878      3.73577
     -71.80840       49.21720      102.36800       23.28850      -46.05270       19.69770        49046300.      0.33917      3.14521
      78.56360      -49.34000      -39.60270      209.70200      -79.96410      -37.77020        96501800.      0.35600      7.94946
    -398.87300      176.59000      809.82700     -134.67300      -22.80870      -61.77440        27759600.      0.27408      5.18446
     -83.37520      -67.76160       -1.94097      198.96100      145.47100       12.79960        74582400.      0.42089      5.74542
     -18.89040      -12.12240     -112.97900       29.63280     -107.71900       39.94710        14050200.      0.29269      1.85905
      -0.37160      108.11000      -31.31470       27.16930      -83.52370       12.16810        96197700.      0.34310      4.83131
     -19.63480      -37.74720     -107.21400        0.51440     -115.67200      135.35000        18481500.      0.26689      2.58257
     -57.44040       90.71960      -18.27290      -76.33730      129.25000      114.65300        81229600.      0.39416      3.29430
       7.34600     -108.29100        5.57314     -117.90500       35.62160     -127.12900        24105400.      0.31820      2.74628
      14.67400      101.42200      -33.54820      -13.48010        6.00854       10.80040        14930300.      0.26453      1.91682
      -6.98640       66.72560      -83.29010      -13.88030     -148.77000       55.01030        13218900.      0.22681      2.44836
      -4.97400       86.38480      -63.11090      -37.63910        2.18738     -173.42900        61784200.      0.38446      4.25766
      32.32920        2.26320      127.67800       72.31880       88.53710      -76.45120        11833200.      0.14045      1.92455
     -67.99520      -75.89920      -10.95450      -67.47590       46.62710      199.02300        19721200.      0.21993      3.42049
     -42.42800      -53.80360      -81.13410      -50.86040     -169.65300        5.68541        26858100.      0.29705      2.73908
      80.20080      -33.48560       50.96700     -128.59400       60.77900      -20.61560        10967500.      0.22190      3.22008
     -34.85600       90.42560       68.39490       45.41960       89.68380      -28.17620        34686300.      0.33241      2.99364
     -29.33160      -33.18520      117.92700      157.83000     -131.62400      -41.12980        58998600.      0.66394      5.08722
      -6.45320      -94.22360      -41.54350       31.66620      -12.18580      177.74000        31214700.      0.33615      3.78733
      46.85920      -30.75320      -83.70090     -173.59500     -163.69600       -1.02458        15550800.      0.27358      2.43592
      -2.93680      100.51100      -20.14480       88.12900       66.76080       88.28780        10285000.      0.23172      1.78743
      40.81680      -18.56840      108.51800      -21.42130     -146.42000       23.45910        41644900.      0.41808      2.97637
      16.95320       11.83400      -98.91130      -51.31330     -204.60600     -135.47200        34302100.      0.36682      3.61668
       4.03360      101.03100       17.92830       56.76290      -11.48330      163.44900        13648800.      0.33825      2.39721
     -38.79280      -10.67360      110.97000       25.64790       26.15720      199.64000        21543700.      0.24721      2.78447
      18.73480      -51.12280       92.26920       13.97510     -237.50000       -0.79190        54803800.      0.46525      3.92932
      67.04120      -38.05400      -38.31650      -59.86800       44.63640     -172.10500        14495000.      0.20755      1.92398
     -14.62320      -62.91800      -73.33690       21.29060     -176.07200       84.72890        45375700.      0.39044      2.90432
     -82.68880       -0.87720       16.58070       -7.37728      -66.79180      -47.23500        18034500.      0.26160      3.65831
      36.65000      -44.20040      -70.49460       72.41540     -175.74400      161.81100        64914800.      0.47595      4.02422
      -1.94120       74.88560      -48.36860       70.47840      -16.33490      160.15800        14292300.      0.27572      1.87514
     -17.85600       86.34560      -17.40980      -88.76760      175.84900      -78.94500        22291600.      0.20649      2.75462
     -68.61840       45.45960       -7.52329      147.90700      -56.78490       57.23120        14771400.      0.19618      2.67392
     -51.93200       -5.23440       89.27640      213.16700        6.49264      -15.51190        75471500.      0.45290      4.32025
      49.16760       23.78440       85.68940      -43.93380      104.06400      -26.02350        43532700.      0.30175      2.35316
     -54.30840      -57.12800      -35.01440      248.69300       11.37140      -46.58460        51796300.      0.39947      3.96695
      26.31280       85.59960        7.43331      -10.64300      -61.62560      -33.05670        61829300.      0.33233      3.41229
      15.76160      -75.47880      -34.96580       59.00810        9.22542     -205.53600        12842800.      0.22508      1.85350
     -56.31200       30.49640      -44.77950       50.02660     -120.46000      -59.28200        10412300.      0.18890      1.87288
     -13.45280       52.09360      -60.97440        3.67532     -109.68300       -0.72418        12662800.      0.19455      1.93739
     -10.62280       75.36600      -27.50090       29.34510      154.05200      141.14500        21174900.      0.25645      2.65571
     -49.52240      -12.45480      -61.21980       42.49150     -191.85700       97.54530        19984400.      0.24803      2.67515
      19.85760       67.84160       61.15600       93.73600      210.37700       -9.76702        49105700.      0.31726      3.09984
      -8.19080       73.62240       52.61430       51.22010      208.73100      -49.09060        35436600.      0.19891      3.01402
       3.70560       25.98960      -78.49150      168.59300      -95.87720     -221.76100        66616500.      0.44495      4.04041
     -31.96720      -54.86640       55.63980      112.51200      241.24800        1.40323        17615200.      0.24972      2.48955
      41.22160      -37.57760       59.48970      -23.85350      212.99400      -50.61660        58665400.      0.32234      3.18700
      40.66840      -15.25280       72.72960        0.99278     -159.74500       22.58490        25981700.      0.31324      2.07043
     -66.94280      -12.15200      -12.75350      -28.46390        0.94294       33.04070        11808300.      0.21277      1.93978
      52.42480       52.37040        2.49162      -10.40250      103.89400      124.50800        35150200.      0.31976      2.98904
      44.38200      -55.29200        7.58467      117.05600      -33.04370     -229.68100        83647800.      0.56396      4.26564
      10.08000       58.07320      -47.24540       66.86870       19.66530     -178.46900        33289000.      0.31760      2.89316
     -12.03480      -74.54960        1.74133      106.31300      137.12200      153.22400        16098500.      0.26653      2.49366
      33.94960       31.53240      -55.37100      134.43000      156.87600      114.70600        10474100.      0.27594      1.75329
       8.93720      -68.76800       29.00230       29.54580       27.22340      185.63600        57387500.      0.40361      3.15433
     -41.12200       -5.40480       67.18560      -10.34730     -120.99400        5.29264        20078500.      0.24026      2.05588
      12.89040       70.84840       18.23960        2.14539      250.01200      -89.81080        38200600.      0.29135      2.97039
     -51.18120      -15.63800       42.27600      101.55100       18.17910       97.04610        11497400.      0.18266      1.44080
      13.51440      -19.92320       74.87730      -55.55990     -221.89900        5.45314        44815300.      0.31294      3.04276
      30.09840      -24.49080       60.43680       34.72490     -200.87000     -164.40400        20272600.      0.35695      2.55056
       1.75240       44.02560       68.42770      -11.19290        6.27295       90.01770        53525600.      0.30499      2.44193
     -16.44640       57.75080       41.47590      -95.05510     -102.80400       84.33490        33488600.      0.29828      2.23298
    -334.45800      224.75400      793.33300      -47.05020       85.37980      -81.27410        12137400.      0.14956      2.01469
     -47.57040      -37.46960       17.07890     -219.17400     -115.13100      146.85800        72248800.      0.45055      4.09929
      12.01040       44.44400      -45.17250       -0.20756      -58.43920     -178.02300        17872500.      0.20382      1.53071
       0.42960      -61.70320       20.96140       29.05440      138.49100      207.92200        23036700.      0.28123      2.00116
      -9.86520      -26.77680      -62.83660      100.93600      -11.42760      -24.40570        31349200.      0.19103      1.74608
     -21.31120       33.99880      -46.41140       69.24860     -223.62300      104.61400        90007800.      0.50413      3.33316
     -22.57160      -34.01040       55.90440      -68.30250      -52.55430      -27.78540        56120500.      0.32260      1.82951
      -3.56440       22.05280      -60.09510       30.38500     -169.11500     -153.66700        37169800.      0.27186      2.24535
     -18.55280       54.98920       26.31420      148.94900      -79.02640      171.39900        14276300.      0.25990      1.87243
      49.73600       11.42440       20.71540      149.50900       -5.58655       91.25000        21743500.      0.19047      2.89645
     -14.05720      -52.13800       32.81390      -30.60420     -283.08100      -34.13560        19472600.      0.24730      1.95039
      34.35040       17.56280       53.81730     -170.70800      -40.20930     -123.16100        31040600.      0.25548      2.26894
     -18.39120       36.08680      -41.40110       36.94750     -265.27700       65.90660        72326900.      0.35998      3.31006
     -18.66560       16.04280      -54.82770       31.46620     -213.46400      -50.68620        24071300.      0.26126      2.07356
      18.51800       45.94200      -25.16720      -86.60460     -122.83200     -235.45300        56011700.      0.50123      3.01555
      17.27120       51.46000       16.99810       29.99380        3.09429      -91.98240        34500200.      0.31169      1.66746
       6.02440      -50.69280      -13.64280       14.95010       78.87990      176.85800        10254500.      0.21212      1.40641
      27.21200       44.86240        7.94218      -37.71120       38.85680     -210.94700        36971900.      0.29117      2.24158
      22.73600       42.64880       30.80690      -19.71630       19.60830      195.04700        32213100.      0.27925      1.66371
      12.09120      -27.41400       47.53090      -40.71700     -191.79700        6.37924        19301300.      0.21162      1.55506
      33.83360      -15.25560       31.47120      -46.95450      152.16100       69.49380        13655600.      0.17333      1.49763
     -24.04280      -39.04760      -15.53390      -64.59030     -126.88600      215.13200        57515200.      0.31826      2.43167
      39.22760       15.35360        7.01570      150.29300       27.65590     -223.99100        12043400.      0.21708      1.40221
      16.62000       35.55880      -21.20310      -34.95080      -46.46650       76.49460        11801200.      0.17592      1.10193
     -37.04600        7.91560        3.04226      176.03600       27.90120      -72.41480        37190400.      0.29521      2.31148
      -8.30000       41.03400       -5.40455      -41.90300      -28.54920       70.47370        57215600.      0.35891      1.81527
       2.84120      -34.40040       19.18570      122.17100      193.09900       49.35870        44154500.      0.31452      1.72390
      15.40000        3.88720       40.73060      209.78800     -152.31200       84.90550        13736900.      0.27229      1.43433
      -5.37520       29.21160       -5.06364      -54.96530       29.73060      101.01300        13871500.      0.13983      0.86186
       5.05760      -14.50080      -21.22270       -8.98147     -205.46100     -204.84400        10792000.      0.24027      1.03732
      -5.93120       -8.57680       23.03800     -258.89800     -167.37900     -141.77700        27971100.      0.25804      1.22044
      -4.77120        9.99280       24.79580       26.93880       85.15280     -398.97900        30741900.      0.27569      1.21911
      -8.13520       17.62880       -3.26605      118.76300     -223.11500     -111.34300        12705700.      0.15292      0.84320
      -4.34640        3.10480      -12.20500      212.63400      -27.54760      375.23200        15356500.      0.23532      0.84270
      -3.28720      -10.73800        4.35021      -69.73250       10.32840     -423.86500        88143200.      0.45571      1.86395
