     -79.86200     -575.13600      270.73600       13.85750      117.17000      -52.32580        920371.00      0.09717      1.22513
      98.34280     -527.77700     1137.34000      -66.46360       13.20210      -61.88300        872836.00      0.05346      3.52819
    -194.38800     -208.30900      -33.03910       38.89040       53.30950      -32.78540        681551.00      0.06118      0.70132
     186.56100      131.92300      228.39400       84.10030       73.72440      114.03800        182506.00      0.03206      0.46001
       7.18840      -79.40520     -205.58300        7.35512       15.95790      -27.28010        603826.00      0.10839      0.88053
    -120.45400      139.81000     -126.39800       24.09060      -26.45530       96.04590        710200.00      0.07149      0.93982
     147.68700      131.39200      -81.07050       13.38590      -15.71720       38.29750        977600.00      0.13891      1.57955
      31.67480     -196.44100      -57.56870        1.25571       27.43440       71.60720        931614.00      0.08376      1.24308
      12.29440      -10.97280     -205.35100      -56.55040      -49.71960       32.03070        956097.00      0.08106      1.28213
       7.35880      -44.24640     -184.28900       18.61050      -19.31620      -54.61360        229007.00      0.05722      0.23794
     101.27800      -67.68760      231.56400       42.38740     -112.43400       72.36640        121696.00      0.03237      0.17821
     125.07300      141.80200       -8.49824      -10.40030       13.24760        3.54046        362962.00      0.04928      0.31462
     -30.47200     -181.71900       79.38370      -64.28490      -43.96960       42.32380        932905.00      0.13690      2.46649
     -21.36480      -17.27240     -174.70600       31.62320       17.53540        6.61748        970847.00      0.11941      1.54759
     -35.30400       43.20160      387.29400      -93.21530     -122.88300       92.71520        715273.00      0.05925      0.73008
      98.73560      168.20800       38.08100        7.80347      -60.84290     -118.33800        973221.00      0.09328      2.10670
     -12.50800      -28.81560     -172.58500      -93.10260        2.81178      -67.25500        411452.00      0.04811      0.70306
      18.87680      -36.42840     -168.15400        0.03872       30.59420       35.08320        732837.00      0.04276      0.45942
     -53.64680     -163.17700       78.88270      -25.56070      -85.14470       36.86240        227074.00      0.03558      0.24118
      83.39000      -71.15360     -110.17800       73.21730       30.06240     -146.00500        991420.00      0.13161      1.18776
     -49.61080     -102.86800     -116.37300       -2.50793       95.71070       19.41100        823093.00      0.06048      0.96271
     115.02900      -54.18880      -69.09370      137.97700      -40.82900      -67.90750        840468.00      0.17934      0.86893
      64.73240       68.58600     -112.15000      -69.61340     -114.62700       63.69850        456513.00      0.06140      0.25151
     -56.46080     -113.57800      -77.40920       27.55420       -7.78014      -60.25100        304201.00      0.02815      0.41756
      16.21720     -111.41800      -94.84770       29.97910       41.35690      -22.85820        690096.00      0.07612      1.17386
      48.03360      -16.65920     -139.06500      -82.17090     -158.22600       12.66130        411114.00      0.06051      0.42505
      71.92000      136.49900       57.89860       66.88380       96.83730       26.42810        818625.00      0.07413      0.57247
       4.44880     -147.60900       52.13900      -24.16980      -20.70350      -23.26080        722253.00      0.05588      0.77205
      41.31960      160.70100       51.10960       62.38690       59.90800      -84.67040        221008.00      0.03868      0.25234
     -64.93200        6.33520     -131.38500       26.93890        4.77189       -2.21036        183694.00      0.05692      0.29044
    -129.86600      -28.00560      -41.91900     -174.58200      -31.55440       -6.44031        632005.00      0.10353      0.69877
     131.41000       12.60920      -19.06170      -89.43570       -5.98080     -106.85200        981019.00      0.12675      0.93351
     -74.27440      -70.18920      -98.20170      -11.55040       15.97370       30.51720        873655.00      0.04261      0.59704
     -44.80240     -119.54800      -63.22080      -53.63930      -11.50420      -70.13740        155374.00      0.08341      0.55760
     -75.75800       85.21680      150.60600       56.12430      -27.89940       39.17450        162657.00      0.04169      0.23817
     106.84000       71.68040       58.33360      -58.77180      -39.61160      -96.58410        817579.00      0.11558      1.53067
     -38.96200       68.85840     -106.73800       42.76580        8.85648      -97.51950        259614.00      0.05831      0.30850
     -25.11640      -15.97680     -131.24800       43.45920       77.53940       68.13480        676783.00      0.05792      0.96017
     -92.49440      -10.99000      -84.14580       79.42280        7.98037       37.30710        501151.00      0.05376      0.70805
      27.56160      -32.05200      160.08300       47.12570       93.91400      108.89100        658882.00      0.09072      0.54344
      -9.29000      -49.69120     -124.04400      -48.15640      -44.94860      151.05900        792285.00      0.08860      0.93236
     -68.81040      106.24300      -27.22820        8.50490       -5.62457      -25.82480        629206.00      0.05176      0.20338
      42.30160      113.38200       89.84570       -6.11806      -54.50890       -2.39029        625632.00      0.11455      1.10318
     -76.63320       -6.95200      139.87300       21.43020       87.96720      117.65700        727236.00      0.09094      0.73079
     110.16200       40.96280        1.82911     -130.74100       16.12660       85.64540        980705.00      0.10770      0.96744
     -77.53680      -51.16560      -78.82030       99.79870      -29.91440       15.94140        678927.00      0.05942      0.94816
      47.52800        4.38440     -111.53000      -18.42280      121.99900       41.37270        341736.00      0.04734      0.41168
      95.91480       63.60080       44.78110       24.32390      113.74500      -33.01910        727397.00      0.08333      0.56371
     -62.40320       32.95840      -95.64520       73.65600       -0.74196       23.38440        127484.00      0.03183      0.18043
      -7.75680       32.83760     -117.80100      -45.74810     -141.21600      -54.45260        978686.00      0.13062      1.17493
      89.61520      -25.19120       85.90770       21.31190       -1.29848       41.88780        412268.00      0.07541      0.51773
     -92.76040       -0.23360      105.02900      124.29500       28.13350      -73.18020        468887.00      0.03951      0.55725
     -76.76520      -91.52080        3.11114      -22.59340      -33.85600       54.61480        703294.00      0.11279      0.71514
     -52.02240      329.19600      726.89700      -81.60390        8.03521      -45.58680        766345.00      0.07492      1.58915
      92.80600       68.80800       -7.24224       54.50570       38.46440      -33.72290        807090.00      0.05686      0.98563
      40.70680      -85.52880       82.27010        4.54894      -85.54030      116.59900        845997.00      0.10301      0.57615
      92.70800      -36.96040       59.03840      143.81700      -26.93070       53.00720        421014.00      0.05640      0.42426
     -29.97040       23.16640     -113.17300       23.07210      153.63300       84.04400        844210.00      0.04799      0.97373
     -25.83480      -43.47200      134.34500      -29.45340      -53.39260       52.43110        248459.00      0.02720      0.19762
      74.58600        8.93720      -79.08080      136.63500        8.67548      -61.05180        559805.00      0.06406      0.93974
    -106.33000       -8.92640       41.23680       98.63250      -33.53840      -14.15200        260359.00      0.02838      0.38937
    -373.56900      387.96900      743.62400      -69.99010       96.10420     -168.97400        856397.00      0.09737      1.22712
      -5.77960      -89.56480      -68.58910      125.18300       70.81160      142.72600        239075.00      0.05728      0.29991
     -35.86960      -24.51520     -107.22200      -41.64360     -153.94500      -61.61430        625839.00      0.09644      0.70236
      -4.76080       17.00320      146.26200       97.41210       45.27910      171.70900        730632.00      0.07754      0.93051
      37.43440      104.96600      -12.99460       43.15640       72.36630     -115.76200        568757.00      0.04837      0.71657
      45.16000      -16.51720      -98.20930       84.09790       70.37140      -56.70130        497658.00      0.03793      0.44872
      25.19680       41.44080      132.69500        5.90835       -9.11463      -24.63260        820383.00      0.10662      1.18268
      27.60760       38.64520      130.85900       76.30750       83.65170      -43.84260        579996.00      0.04659      0.25955
      22.55200       31.62160     -102.05300       87.70530     -129.36100      109.10200        848550.00      0.07659      0.58073
      12.03680      -71.46640       97.54730      -11.11650      -26.76840      -24.97680        112515.00      0.05524      0.22512
     -49.02200      -95.43520        6.74757      -81.95470     -156.04800       -8.90514        437195.00      0.03640      0.41526
     -27.67440      -71.53320      -78.93550       11.29310       65.51320       23.03790        396213.00      0.05264      0.32014
      45.77320       46.12880      111.55200       22.89350       22.22590      119.24900        204266.00      0.03611      0.14587
      84.39480       56.09000       -6.05024     -145.39300     -122.54500       22.57560        646390.00      0.12369      0.89916
      80.05800      -48.40760       -7.41778        7.84315        1.74255       37.50680        495326.00      0.03899      0.34424
     -18.93880      -89.12600      -50.18020       26.08310      -38.08600      169.96700        992298.00      0.13986      0.94054
      47.88480       20.90720      -85.85400      -34.88480      -39.82790      159.36000        422791.00      0.03399      0.41766
     -31.43880      -37.41640      113.18700      157.41900     -130.60200      -41.64910        142901.00      0.04213      0.17684
     -28.00360      -98.87360       -2.57768      -35.26710     -158.31800       17.07940        378994.00      0.07057      0.31920
     -22.57080       29.09480      123.69500      -46.29930      145.28700       90.46380        569374.00      0.07544      0.69770
      31.61120       35.82520      -87.72400        2.74507     -114.54100       29.52900        642299.00      0.04959      0.71261
     -51.23160       58.34600       89.51930       98.62580     -161.39200       -4.56619        687131.00      0.12223      0.91069
      20.43760        8.17440      122.06500      -27.32250      106.37100     -121.77400        981606.00      0.08150      0.97536
     -28.04200      -79.90080      -50.33580       28.82200       19.54160      127.83200        360983.00      0.03517      0.25270
     -85.59920       27.21280       15.21170       34.96140       -4.51681       -8.47927        851298.00      0.09076      0.96949
     -35.62880       65.91480      -56.18030       28.59980      -69.04870       80.54210        160604.00      0.03329      0.18443
      38.88920       53.92000       91.48420        9.82004      -28.19170       49.53450        170752.00      0.04095      0.14431
     -20.52320       31.91480      -87.55450     -112.13200      -17.22980     -105.66500        109317.00      0.04593      0.22516
      23.45480       80.16480      -40.50010       35.04900      211.00000     -108.97000        566201.00      0.07474      0.43188
    -259.77700      106.95700      794.11600     -119.63000      -69.56360      -63.60580        793495.00      0.12690      0.92066
     -33.06880      -41.84520      -80.17770      -65.18150      -47.25830     -209.17300        138807.00      0.03489      0.28578
     -26.32360      -52.16440      -76.89520      -36.86060      -60.16770       76.12170        241511.00      0.04092      0.31580
       0.13040       87.16080       60.03600       89.15130      176.20000      -26.56870        757433.00      0.06544      0.44362
      52.09200      -67.93600        3.55824        0.17673      -55.53710       47.46460        442059.00      0.07677      0.53004
      55.12000       46.38320       73.05300      104.63000       91.72960      136.55400        959740.00      0.07100      0.79715
     -47.54640       10.49000       96.59960       52.86220       94.99320       56.60800        745497.00      0.09355      0.71716
      34.24120      -73.57960       33.34750      -40.50360       71.71080      107.41000        251004.00      0.03299      0.31855
      58.30760      -43.46920      -36.24120      -34.31910      128.17600      206.38200        419152.00      0.11668      0.81208
      40.60000      -68.41320      -22.42750        2.58097      272.41900      -51.51370        757590.00      0.07765      1.19402
     -54.85000      -57.02560       39.74540      -24.84850       53.12410      -38.86420        271992.00      0.03539      0.14619
      21.94920       49.46400       91.75990        9.59132     -131.76300      -24.84800        247110.00      0.04176      0.31897
       7.37560       -9.74200      105.73100       59.25150      -72.93870      -55.28730        222337.00      0.04729      0.39749
      15.89960       15.77080      -85.83350      -72.58180       11.76410       17.58370        678930.00      0.07246      0.44974
      33.42000       78.75720       24.39120       -4.67546      152.74400      -97.64780        808047.00      0.04140      0.75494
      73.52840        5.78840       25.89770       54.23260       37.07800      123.94700        329389.00      0.03419      0.15044
     -14.43000      -76.08520      -35.24490      -13.97520       15.68510      113.44700        186679.00      0.03671      0.38386
       1.07400      -46.55760      -76.01410      127.29700      135.86900       83.98560        883996.00      0.06427      0.77286
      50.81520      -57.34560       16.71360       31.72870      -87.14250       93.65110        337175.00      0.03012      0.32990
     -24.10600      -80.39000       -3.47501      -15.54760      -34.38270      -65.37120        296023.00      0.03356      0.31705
      33.64800      -66.76200       33.70120      -48.63060      209.04800     -161.79000        961145.00      0.05550      0.59370
      17.78520       82.77320        3.49776       40.42290      -42.02270     -120.11500        652892.00      0.05983      0.56286
      13.73080       -6.64400       99.66100      116.22900       29.44690      105.04600        459060.00      0.05575      0.42829
     -24.83560       49.74520      -58.09810      -90.79590      -49.66200       26.76260        616163.00      0.04422      0.70926
       1.64120       25.58640      100.38200      -19.07600     -129.45900     -170.09700        411352.00      0.05961      0.40896
     -55.80000      -53.44560      -12.11590       69.76710       19.50070       39.06020        910951.00      0.04765      0.36113
     -44.67360       65.55240        5.82451       38.22450      -71.26780       36.57650        536870.00      0.05521      0.54727
       1.60400       18.18880      -82.16750      140.96000      -50.41180      129.74200        584239.00      0.08118      0.67475
     -19.60640      -30.73720      -76.50310      -36.25710     -189.96900      -92.93060        146819.00      0.03315      0.30203
      16.52520       73.92720      -23.43370       45.56320       20.96630       43.88470        123641.00      0.04005      0.14103
     -32.33840       70.01320       -4.74947      -63.45010       56.42320      100.01200        892782.00      0.05543      0.45954
     -55.97760        9.70320      -44.90300       34.94950      -54.67870      -38.35980        258058.00      0.03077      0.32268
     -18.67040        4.54240       94.46730      101.74700       22.89130       -5.02517        284510.00      0.03107      0.32279
      24.77160      -38.11120       72.41750      -46.24070       29.63570     -110.55300        275676.00      0.04868      0.31328
      32.34200       64.93200       43.58100       32.65860     -121.82500       57.34760        525757.00      0.03634      0.56265
     -29.09640       -2.37720      -74.41210      -77.89050       57.27710     -147.32700        588595.00      0.04825      0.45237
      44.39520       51.06600      -27.44390      -78.14960      -41.74460     -217.84100        699697.00      0.05020      0.73694
     -19.59960       21.63080      -71.57380      -20.27420      -46.04180     -100.39600        110096.00      0.03868      0.11058
      34.64840       30.18240      -58.01470      -68.65970     -121.76600      258.87100        259790.00      0.03343      0.18851
      11.42080      -51.92080      -55.36020      -44.11520      -29.58780      212.02800        469284.00      0.05918      0.52754
     -42.55000       11.41440       72.64570       40.30480       23.55490      113.01900        850896.00      0.04557      0.60521
      20.23960      -63.75240      -28.07460      149.44400       43.55320      180.98000        804609.00      0.07954      0.90834
      -1.59200      -66.29240       39.93390       67.56410      134.38400      100.66600        436073.00      0.06544      0.25289
     -12.60040       56.82760      -42.75330      -12.32370      -17.27110        3.05018        292024.00      0.03496      0.33261
      -5.85080      -53.21320       60.29430       98.57230      243.96700      -30.58280        837006.00      0.04626      0.74120
      12.92480      -28.74520       78.60960      -21.24200      -31.31610       35.40440        659905.00      0.04607      0.20580
      25.89680       43.70840      -51.56100      -31.25480      -12.78920      114.62000        329353.00      0.05377      0.32299
      19.47120       71.00440       -3.29944      -21.58600       88.03980       93.81800        132383.00      0.03997      0.29423
      23.63400      -44.68520      -53.16750     -132.38500      -54.41850       63.87310        137685.00      0.03162      0.11152
      59.29880       28.25560       -8.90590       11.20870      -76.78220      -53.75240        166831.00      0.02870      0.14490
      15.27600      -50.20760       57.82300       -4.69586      182.99400     -102.77900        707558.00      0.06065      0.43380
      17.11920      -38.90160      -62.25240      -27.30780      -69.29280     -181.86800        901972.00      0.06084      0.60026
     -56.31040       31.95920       19.31500      -80.98680       82.82550      -60.83690        279479.00      0.03620      0.31311
      30.84480       -7.12880      -66.06300        6.57651      -54.67980       76.31470        439178.00      0.04318      0.15376
      48.09880       47.52640        0.10489     -177.28300     -111.03800        1.01688        294306.00      0.03922      0.14866
      12.64240       -5.57440       85.24080      100.19200      -61.85020       -8.70357        537232.00      0.04037      0.34206
     -15.62560       -4.89040      -74.67000       88.97950       27.51280       85.61570        623407.00      0.07551      0.43879
      16.66520       68.37520       28.58180       18.29500      -99.68960       18.77000        645778.00      0.05705      0.57708
      11.78640       54.74080      -42.12440      -52.56270       79.02450     -209.64800        740162.00      0.06246      0.92173
     -18.01920       -8.85680      -72.05380      -74.90670        1.13141       38.24900        712320.00      0.04748      0.60674
      47.13240       -3.13280       53.88770       49.89040       11.21170      -62.66280        735162.00      0.06380      0.44957
       5.94040       28.40160       81.28140      -57.37350      283.91300       31.42760        141856.00      0.07575      0.28551
      -2.39040      -30.62440       74.00850       -7.05686       14.83440     -138.15900        121489.00      0.03316      0.10998
      -4.50960       52.59320       59.98750      -78.74260      -50.86530      -52.30530        403820.00      0.03668      0.25472
      22.60920       61.55920      -13.43030      -66.42730     -118.98700       52.83690        296189.00      0.04263      0.39856
      56.58000       17.84600       14.48120     -159.64500      -21.04430      -43.31700        510056.00      0.03331      0.26973
     -30.29680      -48.44160      -37.53850      120.15000      142.54700      158.70200        777023.00      0.09384      0.43853
      -8.89320       48.40960      -44.74670       29.47540      -11.60470       74.86730        470477.00      0.03485      0.26661
      21.45160      -17.48520       71.92350       -8.57141       59.92390      -23.84810        555321.00      0.05255      0.55706
       1.85000      -49.31280       52.57300      -71.15330       -4.66052      -63.33260        544776.00      0.04081      0.20378
      41.54160       48.86280        9.00479        5.40834      232.37600       49.10930        599898.00      0.04106      0.34235
      23.07600       -1.82400      -65.60650       94.45650       86.81680      -94.50490        267806.00      0.03781      0.24745
      -8.31400       52.89840      -37.33860      -70.31970       44.91520      156.84400        444651.00      0.07652      0.42195
    -228.95500      151.95400      711.08200     -135.08600       92.28440     -119.17900        695111.00      0.06907      0.73952
     -18.33040      -25.81680       69.53070      -63.54430      135.01600       64.19000        532916.00      0.05719      0.55224
     -11.10800      -25.73560      -65.87800       -8.68843       17.01650      -66.98060        545612.00      0.04817      0.34364
      10.46120       34.61800       70.93350       -4.88740      -54.89620      -31.54940        899327.00      0.06030      0.61819
     -29.36640      -11.69760      -57.50010     -197.19500     -130.78200      -45.09610        571547.00      0.11246      0.52967
     -27.35160      -56.25760        7.28766      274.43900      147.17500      -20.67320        885088.00      0.08166      0.72429
      32.82240       43.82640       39.17120      -39.96140      -70.65920      -21.05740        685380.00      0.10591      0.54848
      -1.49800       38.11680      -49.78420      -15.17230     -156.02100      135.22300        660353.00      0.12169      0.54570
     -23.86160      -52.95600       25.83490       -8.56903       19.43850     -131.43000        721385.00      0.07011      0.44855
      18.58440       48.80360      -30.75210      -81.92480     -103.71000       89.41000        256655.00      0.03108      0.19144
     -26.08040      -50.16320      -23.82790       29.82190      118.78200       26.27320        252238.00      0.03410      0.19829
     -40.70160      -36.02760       23.07060      210.37600      160.96500      -11.50850        343455.00      0.09116      0.40045
      -2.18720       39.65320      -45.32640      -29.11710      -34.77000        2.62222        247775.00      0.04719      0.19070
      10.65960      -44.88600      -40.69610      227.78000      -51.32350       71.00100        227781.00      0.03681      0.14785
      10.46400       59.24880        2.67060      -39.49100       52.65800      -19.29880        348204.00      0.04116      0.42862
      -9.79920      -58.47320        9.36468       77.16760      -76.37300      244.03900        459280.00      0.04310      0.25384
       0.99240       14.10720      -61.40790      -84.54700     -193.08900      -59.53110        617851.00      0.04560      0.44647
     -35.89880      -26.01440      -37.40630     -148.71700      -99.51570      102.77500        425795.00      0.03822      0.25542
      27.21640       44.87400      -22.01230      -40.46390        1.93360       32.90950        562750.00      0.04699      0.34394
     -40.49640        5.03080       46.48190       -7.54280       59.78660      134.90800        697743.00      0.03714      0.35022
    -162.54500      207.06600      777.38800      -62.30510      -81.94210       51.33130        680908.00      0.06884      0.56740
     -11.98040      -12.08640       67.43610       81.67560      149.49800       26.79420        144016.00      0.03351      0.18817
      -4.01240       39.55880      -41.94800     -149.75900     -163.52800     -175.83800        214968.00      0.03341      0.24093
      30.74520      -40.07880       19.71700      109.97700      -84.35680        7.58026        240121.00      0.04527      0.38883
      33.12080       35.23440       38.47150       19.08980      -27.67750       89.86830        751474.00      0.05581      0.34709
    -284.69500      182.87200      792.36200     -165.15500     -138.61500     -102.18600        532091.00      0.03450      0.26851
     -18.46120        8.75800      -56.07740      -54.57110       72.55770     -121.93400        223758.00      0.03370      0.19136
      29.88280       18.51880       53.95090       94.32750     -228.67300     -191.56400        624653.00      0.10949      0.67514
     -24.56160       27.11440      -40.35830      127.44400     -173.48800     -173.38800        610813.00      0.04376      0.43625
      13.44960      -37.92240      -42.72660      -95.77610      113.61400      174.15600        547954.00      0.05292      0.43875
      -1.66120      -54.54560       16.93040      -41.25780      265.61900       -1.43561        180870.00      0.04089      0.18669
     -47.62840        5.74800        3.31398      121.01100       94.25810      163.46800        377746.00      0.03356      0.54339
     -25.82120      -46.14720      -14.88080      -57.53840       27.37880      -69.20090        948747.00      0.08197      0.58878
      44.06120       20.78160       -4.43440       13.51030      -18.94600       41.72950        929192.00      0.04704      0.47934
     -10.13400      -52.54560      -15.75810      -81.90720      -48.96500      218.27300        717806.00      0.06430      0.56656
     -17.14600       49.54400       16.42050       97.16350     -172.49400      -16.97170        362055.00      0.04748      0.41383
      45.50320       -4.55200       -4.99010       58.07820     -137.18100     -138.14000        179494.00      0.03292      0.37654
      11.30560      -16.60680      -56.17450       14.13610      -56.40710      -99.20640        431968.00      0.09738      0.39720
      28.61000       43.37280       -2.84104      -94.86310     -102.12300     -217.19200        758578.00      0.05381      0.57359
       8.57560       20.60480       62.40700      -34.17430      -24.50780      -10.07120        534441.00      0.04646      0.53382
     -32.64360      -24.44000      -32.35200     -115.71700      133.53400       65.56970        212710.00      0.04330      0.38488
      20.91600       13.25560      -47.38200     -113.87100     -131.96600      -71.39210        352478.00      0.04734      0.19382
      18.43760       47.98640        1.56349       36.68810       15.08710      166.94700        986899.00      0.06418      0.46705
      -3.17160      -19.47800      -54.54030       37.79770      -51.10100       53.64650        872846.00      0.08386      0.45567
     -27.98000      -24.11080      -36.43750     -165.58900     -138.89100      -66.40600        650838.00      0.05481      0.34140
      -8.23600      -30.29680       47.18720      -20.21010       91.73730       43.71960        109463.00      0.03347      0.11029
      42.24160       13.76040       -6.35721       27.98590       88.18580     -162.70900        696678.00      0.04630      0.26906
      42.06040       13.99520       -6.18075      112.50100      136.30000       76.22360        485423.00      0.04834      0.20139
     -23.18760      -14.15960       49.13600       20.21970      -68.63690      -15.56940        262051.00      0.03348      0.19146
      14.22760      -28.28320       43.36830      -57.15300     -106.24000      140.46500        119591.00      0.03321      0.18315
      17.36000       45.45400       -7.99312       52.53130      128.63200       55.28040        132461.00      0.02944      0.18001
      -2.77600      -33.22840      -43.86630     -150.53600      -25.80000      149.29200        237409.00      0.05776      0.23816
       4.56880       49.42320       17.52440      172.87200       97.60610      -98.22240        415139.00      0.04429      0.25603
      22.88520      -30.81280      -30.84370        5.04547       83.56500      271.89100        972042.00      0.08142      0.45109
      -2.73560       38.35440      -29.81340      -36.58610      -56.39420      107.78200        240118.00      0.03162      0.14919
       9.08480      -42.97480       23.79770       17.60700      -28.79260      -56.25010        314177.00      0.02967      0.25699
     -13.19400      -47.28000       -8.22641       26.32250      -59.79470      281.86000        514161.00      0.05636      0.41233
      20.34320       -0.92680       52.57350       47.95010      264.94300       -5.78437        921685.00      0.04339      0.46418
       3.54920       21.58920      -45.91890     -127.34700     -158.87000      -32.88360        610531.00      0.05597      0.44380
      33.29880      -24.75480      -10.94440      -56.79010      -11.74840     -162.90400        868676.00      0.04488      0.47204
     -28.74000      -36.65800       -4.59974      161.63600      180.67700       54.94820        577267.00      0.06756      0.43599
     -13.10320      -25.40320       46.29820      -80.25840      -14.26830       80.09200        491236.00      0.05576      0.33297
      17.24120      -18.45120       46.43470       25.19330     -138.09200      183.24800        540695.00      0.04418      0.33781
     -35.31160      -12.65000      -21.88590       32.29140      158.72200      217.86700        957278.00      0.08023      0.45592
     -15.14040      -43.42560       13.14580      -95.10590      -67.48840     -183.96300        857526.00      0.07747      0.44546
      35.88840       17.22520       17.17340      105.40800       83.00470     -186.32400        103345.00      0.03276      0.17577
     -24.36200       25.35600      -23.67600      -85.93410       38.23400      154.29700        418949.00      0.04026      0.33917
      -1.91080       38.67480       35.38420       23.64650     -106.37900     -206.79800        204263.00      0.03200      0.24543
     -26.11720       27.17200      -16.21230      -48.59930      171.92200      -32.29770        198324.00      0.03372      0.14762
      19.25280      -33.63240      -21.03840      -34.91200       73.67540      107.91000        250184.00      0.05781      0.31035
      19.07920       31.17800       36.51850      -30.74650      137.77700     -251.59500        439170.00      0.04661      0.25365
     -16.86600       17.97040       47.53580      -90.22800     -172.05100      219.49300        733703.00      0.04705      0.34649
      -1.46240        8.53600       54.95760       44.41130       63.64720      -33.32110        527585.00      0.04812      0.33136
     -10.74320       41.15760       -3.89876      -53.92760        6.67605     -221.45200        620811.00      0.05510      0.43260
      -7.16040       11.62560      -44.59650     -143.15100     -130.90400       -6.60770        748209.00      0.05533      0.26906
      -9.19240      -25.68440       39.62180       67.88090      208.59900       61.16360        555294.00      0.04659      0.26025
      11.08440       34.28520      -22.38320      103.08700       30.55820       48.68870        271766.00      0.03455      0.25075
      -4.88520      -26.27080       38.66160     -164.11000      174.83900       -8.09578        268142.00      0.03378      0.19447
     -35.07800       -9.02360       -6.30971        0.20987       42.73480      -59.97710        280769.00      0.03616      0.25900
     -16.34920      -17.72680       40.54130      -47.98760     -112.30800     -323.83800        322858.00      0.03728      0.30633
       0.93440      -24.52640       39.64720       72.74320       94.48270      150.43800        426124.00      0.04552      0.33137
      -9.60680       39.49480        7.78234       -4.65161       39.34470     -140.66400        749384.00      0.06624      0.45499
       8.60640      -33.98040       23.34430      -68.30160     -162.78300      -66.81360        193389.00      0.03813      0.23490
      25.92440       15.40160      -25.04700      144.60000       72.55620      -12.96060        994236.00      0.04538      0.36644
       2.53160       -1.86000      -46.26590       40.74980       55.28420      224.81900        438872.00      0.04472      0.19995
     -10.81040      -38.58800       10.01530      -32.72630      -23.74920      111.91400        207332.00      0.03931      0.24090
     -14.51320      -29.79400       24.44280        5.16053     -100.27100      -95.06450        120252.00      0.03458      0.14106
      11.98600       16.99400      -35.15950      -69.33350      118.46300     -157.47700        103622.00      0.03286      0.17738
     -27.45760        5.52760       27.99820     -130.14400      -31.88970       97.48990        262738.00      0.03160      0.15042
      10.45960      -31.11800      -23.58250       62.31680      211.97100      -20.55870        228100.00      0.03617      0.24601
      21.95200      -26.04200       10.81360      100.78700      123.10300      -81.46580        416206.00      0.04177      0.33734
     -32.47040       -5.65920       -6.02473      -83.40260       57.98730        2.52444        105709.00      0.03290      0.22831
     -20.64480      -26.38680       18.90990      129.61000      109.57300      183.02800        532113.00      0.05930      0.33480
       8.67880        3.72240       45.82540       91.82820      189.24200       91.01040        188900.00      0.03490      0.18300
      -2.37760      -25.93760      -33.23760      -14.75440      -25.95010     -146.51100        137347.00      0.04304      0.14102
     -20.13520       18.72960       28.96000      124.96900      112.98800      -88.40120        971021.00      0.05008      0.36959
      -8.16880      -34.30360       14.76740       38.96930      -48.40960      194.82200        195953.00      0.04063      0.23554
      23.37920      -17.90840      -17.10710       -4.08128       37.69790      -57.24440        100652.00      0.03314      0.10984
      -7.03600       29.04120       27.45670      135.05700     -161.55900      173.03900        873529.00      0.07237      0.45801
      21.62720       24.95040       14.59850       14.58770       32.48520      166.63200        407420.00      0.04342      0.25499
      -3.56560      -33.67640      -15.33050       33.41820       34.35620      173.06100        540168.00      0.05183      0.26356
       5.61480       33.76840       -4.17347      -10.25980      -71.07930       58.12570        829267.00      0.04443      0.28121
     -16.06800      -29.76400        5.92746      172.54200       28.31600      267.12000        603853.00      0.08320      0.26135
     -24.99560       -4.90440       22.24820       73.04760      156.49800     -182.49200        558321.00      0.04245      0.44217
      23.62320       20.79120        3.05132      -40.87430       51.17160     -135.85500        378524.00      0.03631      0.19783
     -20.50120       17.65480       18.85070      -14.47010     -196.34300      111.60500        767647.00      0.03111      0.47517
     -10.96600       29.13760       10.43080      209.20900     -290.68900      -35.79090        750139.00      0.05871      0.70671
     -16.98400       24.64200        2.28571       22.86990      317.35400      -80.02870        361289.00      0.05638      0.40298
      24.26800       11.27040       17.31620      176.96700      192.53600      -74.84770        566373.00      0.04014      0.26603
      15.54000      -24.43600      -11.02680       87.79940      194.63400     -162.71800        205840.00      0.04066      0.23837
       5.94360      -31.45560        1.25272     -132.35500     -282.81300       68.80150        680944.00      0.06068      0.34060
      11.50720      -11.03680       31.97530       79.13330       16.12070      -96.11390        556904.00      0.05165      0.34615
       9.06080      -21.46000      -26.29870      -27.75020     -158.36000       27.66550        620586.00      0.03545      0.20894
      -2.21880      -32.02680       -6.80692      -89.28490      -82.63490     -227.56600        266357.00      0.04290      0.24925
      -9.89320       -4.09760      -33.97340       71.67380      154.87000      106.74500        298840.00      0.03513      0.19797
     -14.36360       25.93440        7.50400       50.20670      119.26400      160.39000        188130.00      0.03340      0.14418
     -13.79040      -28.33040        2.57143      -40.83600      -34.36210     -118.91000        388359.00      0.03590      0.26042
      -4.36800       26.30480       24.10000       -8.91730     -112.81700     -135.24200        414865.00      0.02990      0.20713
      -3.81920       24.45960      -18.58600     -134.94900      -53.03730      214.68300        203464.00      0.04890      0.14596
     -18.20400      -23.50800       -7.38358       63.81050       26.79870     -161.10400        219766.00      0.03403      0.15107
      11.12600       13.28000      -27.46340      -95.41540     -181.19600        9.66466        344741.00      0.05564      0.31268
      -4.30440        6.68720      -33.86960     -201.28900       71.54280      226.05900        921298.00      0.08931      0.44570
       2.62560      -29.65800      -11.64560       91.54580      178.37300        7.09234        432378.00      0.04104      0.26332
      -5.65840       -3.46840      -34.43070      164.43900       40.06410     -190.99100        100619.00      0.03189      0.18011
      -2.03160       29.65920       -3.60668       -6.49865     -270.84000      -77.26290        120447.00      0.03421      0.17522
      18.34560       -2.06240      -21.41760      -40.96260      -39.82010      203.35600        126865.00      0.03763      0.14101
     -22.19440      -12.50920       -6.48434     -217.07100       27.97330      115.28500        457552.00      0.04677      0.33574
     -16.89440       -1.96960      -22.59090     -100.86700     -345.91800      -44.50610        137157.00      0.05470      0.18095
      14.23920       12.50760      -19.39420       68.76550     -101.90200     -266.66000        156630.00      0.04339      0.29608
      -0.14560      -24.48960       13.15420       13.90830      -55.17390      229.80000        475741.00      0.04054      0.20241
      19.93000        6.50800      -12.53350      -74.70790     -197.63700        7.82650        127727.00      0.03366      0.11328
      20.19560       12.99040       -1.86544       70.69210       64.77480     -238.34200        429783.00      0.03081      0.26487
      12.39800       18.43400       19.93200      -87.09800      278.80700     -115.13300        973732.00      0.06256      0.35836
       8.06760       24.50680        8.64725      -20.72070      -43.97350     -140.88200        246311.00      0.03393      0.15000
     -18.85760       10.63040       -5.75364     -231.83700       94.77470       50.33910        177983.00      0.03147      0.14537
      13.94840       18.32680       -3.42893      132.64900       81.27150       65.22230        260902.00      0.03222      0.32184
       3.96600       18.80240      -11.75770     -114.04900     -208.05800     -111.13400        905983.00      0.07967      0.45786
       6.52440       -6.20200       24.56100       85.01410      -90.08910      229.82300        700660.00      0.09953      0.43181
      -4.58760      -18.41440       12.05590      138.94100      278.91400     -120.91700        364462.00      0.03434      0.25608
       7.30280      -18.07040      -10.79160      120.24000      236.38700       81.24170        475565.00      0.03449      0.20507
      13.39400        9.14160      -12.46990      157.04300     -138.42400      192.50000        297316.00      0.04555      0.15084
       8.65240       17.77760       11.97150        9.82163     -179.11400      122.13400        661112.00      0.04615      0.27189
       5.59080       14.72760      -13.67260     -103.48400      235.29100       23.19730        291153.00      0.02953      0.19835
       1.46120      -18.51880        8.89200       -7.75786      -11.77280     -186.17400        140132.00      0.04320      0.14458
       0.78040      -19.58040        5.49694      -28.91620       89.75860     -221.02700        340026.00      0.03019      0.25687
      -7.02080      -15.66080       11.62610     -179.92500     -179.45600      -29.85000        729513.00      0.03462      0.27995
      -9.01520      -16.95080        3.66220     -212.44500     -155.08600       36.40820        160120.00      0.03769      0.18508
      -2.16080       -3.93280      -23.13660       26.05270     -211.10900     -270.14700        493394.00      0.04931      0.15457
      -7.77160       12.14200       15.82740      -81.04770      259.42800     -147.61500        355251.00      0.03252      0.19913
      -1.10120       14.52920       16.94910     -204.71000      220.97400      -32.27460        215715.00      0.05161      0.14720
      -1.88320       14.90480       -9.68124      -17.19360      125.52500       27.86930        242844.00      0.02757      0.14911
      -2.76880      -13.70800      -15.19250       80.68770      -66.15590       85.59790        227304.00      0.03052      0.15156
      12.11480       -3.48480       12.51840       39.97250      112.42500      292.12200        412609.00      0.03058      0.20238
      -6.27880       -9.70680       14.84710       51.19750     -248.58000      -65.79020        415393.00      0.03838      0.25657
      11.85800       11.49720        3.31068      119.00500     -315.98400      132.59100        434363.00      0.07176      0.25246
      -7.97280        8.81360      -11.80000      -77.70720      150.64200      -88.37500        381198.00      0.02829      0.25632
       7.25000        0.30160       18.85420       49.48480     -293.07800      191.07700        194041.00      0.03327      0.18407
      -5.09760       -5.78880       17.18980       31.95950      -85.29140     -237.64700        542932.00      0.03892      0.15681
       2.23280      -13.03680       -1.25426      198.05000       15.76630      375.05500        171314.00      0.03332      0.14329
     -11.01000       -3.69200       -0.44190      -59.40800      138.71500       38.52030        645549.00      0.03475      0.21814
      -5.32440        0.31680      -12.15120       86.00490      260.09300     -143.86300        207814.00      0.03156      0.11491
      -0.21400       -1.88680      -12.51410        0.77407     -158.60400      268.01700        174878.00      0.04289      0.14608
      -5.60560       -5.17720        7.23324      215.71400      116.70300      -16.49900        991550.00      0.03311      0.16854
       6.97040        3.58720       -3.59016      236.55400      176.71300      172.49600        342909.00      0.03421      0.20020
      -3.21200       -4.21520        6.15996      -86.74490      -53.82410     -427.93300        714256.00      0.04500      0.20759
