    -205.22200     -448.48400     -566.34500        2.88747       18.11110       10.19050        8892270.0      0.19693      7.52667
      -2.59640     -157.54000     -699.37600       -1.83683       13.19580       32.41010        7752550.0      0.13462      5.44002
      19.94640      122.09600     -657.15700       -6.00713      -14.35000       23.78440        3743050.0      0.22497      1.89643
     176.30000       41.84040     -633.20500        9.48433       16.02800      -23.27680        6347420.0      0.23756      5.82755
    -305.99200     -321.21700     -490.53200       12.88950       23.97350       25.66360        5952750.0      0.14926      5.85885
     196.91800     -106.14300     -594.94000        9.87473       -4.35306       12.22310        4075190.0      0.18760      4.03904
     252.17100      -63.70080     -463.70500      -29.18860       24.91340       50.87370        1906620.0      0.11063      1.75415
     -74.10720      -37.49000     -471.98000        7.22420        1.11206        1.11632        2103340.0      0.17457      3.56002
    -205.23000     -231.63400     -327.40800       36.09450       49.43230       78.76780        6893890.0      0.23977      7.41277
     -43.78920     -124.76200     -358.55300        5.08279       22.34160       64.23590        2474170.0      0.14861      2.30245
       5.33640      340.02700     -229.36700      -11.31220        0.16556       -5.63397        3241180.0      0.12893      3.16782
      55.55840     -126.72900     -324.62100        5.42488        3.31194       33.47980        2420340.0      0.17665      3.04310
      91.67680     -217.86800     -233.06100       14.44420       27.08090       16.75430        2505510.0      0.10790      1.87940
    -122.39800     -383.17100      118.72600        7.92339       44.45220      -13.25320        2593950.0      0.18608      4.83962
     126.05000     -165.66800     -245.18500       32.87660      -37.79010      -50.58730        1032690.0      0.06754      1.29885
      40.07480     -301.40700     -128.68700       -2.67546        4.12390       23.72360        3605840.0      0.11467      3.42108
     379.29500     -124.18600      293.47200        1.55788       -8.93705        9.76173        5601720.0      0.11491      6.38105
     209.70300      117.48900     -216.61500        5.17579        8.08033       -5.56247        1158360.0      0.09213      1.58877
      24.87720      139.46100     -264.40200        8.31036       14.00670       14.16640        3594620.0      0.11634      2.77621
    -168.27400      169.02700     -207.57000      -27.14610       15.12230        2.23962        7599730.0      0.19314      3.72543
    -106.69600     -323.08100       38.45700        8.16321       19.78910      -15.47930        3101090.0      0.11735      3.31154
     273.00200     -177.15400       37.37500      -57.51130       31.66480        1.24510        3675780.0      0.23454      5.17623
    -111.04200      138.66400     -237.48800       31.69360      -62.77630       98.45000        3320870.0      0.17743      2.99204
     199.22700       52.60400     -205.56500      -44.05290        1.53594       61.38760        2942740.0      0.11566      2.48668
     -98.98160     -311.12700       93.46350       -8.03630       26.92440       -8.50379        2061460.0      0.14102      2.97731
     245.98000     -155.73400      -47.58750      -34.10180       16.69210        7.61337        2913240.0      0.19012      3.03121
    -144.18400      235.17800     -137.94600      -28.68450       -2.98737        0.56854        1472890.0      0.08243      2.85468
      -2.52040      220.21200     -186.62200        4.17490      -90.32570       49.17250        1267010.0      0.12063      2.71470
    -157.35600     -259.39600        1.09654      -32.29510      -12.24630      -24.08750        1756580.0      0.13703      2.29807
     187.73400      -97.88600     -157.89600      -49.30500        8.22556       67.84700        1619250.0      0.13741      2.88527
     258.87900      185.42000       12.36830       78.65110       63.91370      -18.02230        2196460.0      0.19211      1.71415
     233.46800     -108.81000      435.05400       22.77980       -6.89275       43.33510        5435660.0      0.20260      4.50552
      82.11040     -253.45200      374.07200        8.87641       -1.15867       22.32400        9001750.0      0.24590      6.15685
     286.93100      -65.93040      245.68900       27.99940       -8.76521       31.11160        3223420.0      0.27263      3.00450
     113.05400      -31.22880     -232.47400       13.14140       20.26960      -15.33910        5071530.0      0.15545      2.77642
     -22.26280     -248.52200      -97.29880        2.46480      -99.10710       -4.07797        1436500.0      0.17464      1.61914
    -112.78800      248.84600     -100.60400       -0.04300       17.76980      -14.10330        9582160.0      0.16810      3.14693
     242.16600     -140.13900      123.60000       -3.53764        6.35870       13.65700        1217950.0      0.16392      2.57856
     210.49200      -87.69440      418.91600       20.56680       -0.26726       37.55940        1972450.0      0.13335      2.32006
     132.83700     -112.39500     -170.32900       55.14330      -32.99150      -72.12450        2274880.0      0.12591      2.45005
      39.31600      188.34900     -163.62900       -3.89179       31.95830        7.64679        1744640.0      0.12706      2.22918
    -274.77400      -86.76320       34.62590      -42.41750      -25.30670        9.83534        3570350.0      0.14392      4.33065
    -120.84400      159.75800     -152.44300       24.33920      -39.54590       64.18110        2829700.0      0.20870      2.31219
      19.16720     -261.41000      199.71400        4.21537       -7.27042       -0.79644        3825960.0      0.22376      2.55716
    -125.23300        7.01000     -203.46900        9.09822      -20.87980       20.54480        2735040.0      0.11699      1.93229
     164.72200      -78.16160     -138.16000      -94.22510       26.05570       51.88840        3224770.0      0.11855      3.45644
      64.57560     -245.75500       66.78990       -9.48571       94.97540      -18.09560        2014150.0      0.12854      2.31034
    -123.13400     -123.49000     -163.57200       58.16520       24.08340       39.36300        1842510.0      0.06716      1.90731
     203.08800      202.04200      169.86300       62.39290       70.88170       55.56080        2614260.0      0.19965      3.03514
     129.71400      105.25200     -154.58500       39.34470        4.72430       -5.01747        1273600.0      0.08143      1.31030
     -77.52880      277.75100       13.57750       12.56540      -37.45930       10.21860        2179930.0      0.18718      2.18314
     143.77500      -54.27000     -159.58700       31.00970       -6.40287      -25.37780        1536050.0      0.07656      1.42041
    -260.29400       67.73880       16.14170       52.15440      -22.14480      -18.95120        1408240.0      0.10704      2.78831
     219.41300      153.43100      189.00500       62.59840       47.35930       55.05500        1156430.0      0.06024      1.61288
      15.95320     -199.05600     -115.49200       19.38300      -61.15750      -28.48590        6790370.0      0.22260      2.19920
    -168.37700     -166.75200      411.94100        8.12641       -3.87307        2.94202        3515160.0      0.13382      4.19996
      28.03400     -225.76000      -45.72490        0.12037       82.72340        0.86666        1221420.0      0.07699      2.27709
     -14.44800      108.79400     -199.03300        7.06248      -29.19390       23.86110        2086690.0      0.13305      1.85241
      19.46880      297.73100       58.10120       -4.07385      -83.09490      -44.24170        3938460.0      0.20521      4.04127
     207.67000      128.75600      125.09100      -56.88350      -33.01000      -52.08740        1109220.0      0.15050      2.02093
    -199.53400      185.20400       31.21220       38.05600      -40.65840       -3.60564        2517800.0      0.14948      3.13452
    -176.39000     -145.13100      -32.62110      -15.86200       20.14570       21.04080        1217410.0      0.08046      2.15359
     -61.70000     -176.17300     -121.49800       35.19500       30.86490       15.41200        4999350.0      0.18790      2.73099
     114.83000     -200.23500        4.91093       29.55510      -50.66210      -18.23050        1825510.0      0.16219      1.70429
     -26.03640     -124.22300     -177.07400      -16.96300      -63.55840     -103.84700        1055970.0      0.14383      0.95446
    -195.66400      -49.66960      -81.30920       19.63800      -10.82450       45.99220        1392160.0      0.14522      1.63237
     222.24300       31.65920       25.64060       13.16890        3.59975        8.94261        7134820.0      0.24107      3.84190
    -116.74700      -44.77840     -174.01600       53.76600       -6.79104       76.69080        2840290.0      0.10787      1.91091
     128.04800      146.74800      -86.19620      -11.11690      -22.35020      -11.81170        2040700.0      0.13553      2.37432
    -194.17600       58.24000      -81.29400        2.11539       20.12310       14.44370        1983460.0      0.20615      2.27334
     202.98300       25.98040      -58.61170      -40.54100      -14.84250       26.39290        3849330.0      0.17482      2.58691
     124.54100      205.12000      238.49900       29.54560       75.44720       94.80740        4170200.0      0.24006      2.64475
    -129.21800     -171.00500      178.60800       27.60250       21.03120      -30.87310        1472240.0      0.11814      1.64519
     193.39100       -3.85360      -72.32050      -63.00830      -14.61680       30.60220        1126860.0      0.13268      1.55649
     -69.10560      281.90600      209.28000        3.88352        4.83533      -16.43260        1227200.0      0.06216      1.74292
    -131.08300     -177.03500      -12.70630        2.62355       47.29930        5.51823        2403520.0      0.13530      2.40286
     -12.69080     -147.70800      292.84600        3.66328        7.70655       38.70540        1342490.0      0.16855      2.01929
    -243.57900       26.15880       90.84160       74.73740      -18.65590      -22.65180        1637050.0      0.12392      2.86491
       2.19880     -191.02700      196.20700      -12.57720       29.66880      -56.30240        2017950.0      0.09352      2.33549
     159.00500      151.11300      -11.87760       41.75150       48.19960       19.81320        1550120.0      0.16326      2.11090
     149.95600      100.53800      276.56800       22.98230       19.47390       -8.41081        2194390.0      0.18946      2.86341
     112.60200     -171.76000      130.32500       33.21220       -7.10817       13.09500        2593800.0      0.16710      2.31289
     -82.84640        4.20600     -186.39100       48.23170      -18.65120      104.03000        1307460.0      0.06139      0.79473
     -96.53320      172.32600      -84.12830       35.96810      -88.54480       73.66880        2207130.0      0.23059      1.70050
    -186.55400       39.40520      -75.40750       26.90010        4.42241       40.05900        1010920.0      0.08485      1.63029
    -128.62200     -163.01400      -29.61450      -32.23450      -17.72910      -29.22670        1122060.0      0.12370      1.21421
    -155.07000      190.74100       57.67920      -94.99940       81.76370       15.58870        3526870.0      0.18004      1.92612
     -17.33360      248.42500      149.71400      -16.48870       29.21670       -0.96621        3673620.0      0.15865      3.31031
    -169.17100     -119.57400      105.49800     -106.93700      -51.05770       61.85970        2819980.0      0.11564      1.47913
     -26.07400     -200.46800       76.17980      -15.69070       35.95150      -26.97830        1080600.0      0.12080      1.57560
    -145.64600       79.60440      -98.09730       -2.25365        3.48277      -23.21480        5187340.0      0.18472      2.80598
     -44.14720     -197.93400       65.62870      -10.86360      -60.41910       10.82150        3055260.0      0.13308      1.52828
     -54.29200      228.90500      261.30200      -24.87570       74.47570       58.92090        7809750.0      0.18244      2.99966
     -69.98480      207.27800       10.65500       -9.79784       55.30110       -8.32626        8366990.0      0.23886      2.97583
    -166.21900      149.10000      138.08900      -72.86690       73.72920       50.52600        1480890.0      0.14486      1.29069
      69.82400      109.90600      320.65500       22.74880       40.53310       91.93120        2502250.0      0.10087      1.83594
     -40.28320      101.92700     -147.83500        9.93768      -27.21290       30.92100        6154080.0      0.16035      2.22115
      61.29800     -143.14500      156.23700      -15.48220       72.64610      -56.35890        2160050.0      0.08545      1.93737
      51.62880      170.58500      210.50600      -28.62770      -71.78550      -43.17000        2902790.0      0.13167      1.89367
    -168.98300       37.72200      -55.23140        8.86639      -13.15690        9.92930        5262600.0      0.18660      2.74912
     -65.55520     -159.07600      135.85200       -6.85471      -13.14300      -14.71940        3520890.0      0.17345      2.53037
     -89.36320      179.02300       -4.02517       26.85000      -67.18660      -36.10960        2509210.0      0.13797      1.84005
     176.22100       30.55600       61.28130        7.56522       -3.78922       26.20940        1285630.0      0.23698      1.91475
     167.95700       18.05800      -25.19050     -151.88200       14.63370       36.58310        9676260.0      0.17974      5.38288
    -125.79800       85.08280      -91.93410       90.57740      -17.27910       60.65390        8383310.0      0.25060      3.89893
     -87.47160      -56.26280     -143.44400       75.35140       -7.78829      109.09800        2281630.0      0.12939      2.41203
     -65.59480     -152.44000      -61.92360        8.49114       34.94820       16.12530        3079390.0      0.06907      2.09432
      28.59080       36.37640     -168.56600       26.37350        3.01865      -67.75790        3572690.0      0.09880      2.11576
      56.93080     -166.51100       39.67490      -36.61470       65.56900      -29.66800        1004370.0      0.08277      0.93941
     -32.95080     -134.80800      168.48100       18.31550       71.47530     -110.79200        2461310.0      0.17059      2.41369
      89.73440      -93.53240      162.18000      -65.58660       90.02440     -108.01700        4877140.0      0.28933      3.09819
      85.88120      118.68600      192.59300       21.49890       12.99630       76.32210        8734060.0      0.17241      3.11790
     -73.94680      183.19900       74.20070      -52.58260       31.43780        9.83529        1068650.0      0.08600      1.25757
     -28.44480     -153.63600      131.19600       32.71690       60.23250      -36.88500        5261380.0      0.11967      2.85413
     -80.39880      176.54100       35.51700      -55.48090      106.88800        5.39225        1063440.0      0.09774      2.06290
    -110.63300     -125.09500      -36.20130      126.21200      129.18700       28.04040        5453460.0      0.18652      3.49421
      94.19480      146.91300      -20.79600      -35.75110      -69.96880       17.11340        1191000.0      0.07688      1.01322
      81.77280       21.77320      226.10700      -12.07500      -25.29280       20.71020        2449150.0      0.11353      1.49847
    -166.53600       -0.77800       -8.58196      -78.56100      -24.03880       12.28840        1536590.0      0.10304      1.03638
      42.45920     -160.94600        4.95067      -20.26550      -75.76840       38.88920        2636460.0      0.13281      1.49532
      40.83240     -152.12600       87.64950      -23.78350      -27.35760       43.72060        2615030.0      0.11411      1.49344
      34.85920     -155.94600      -33.66350      -18.82600      168.60600       48.39560        7684700.0      0.15790      2.96561
     108.23000     -124.05600       36.16950      103.84100     -104.78800       16.94310        1189880.0      0.09656      1.64052
    -135.45500       69.44080      -55.96350      -91.14320       15.15610      -12.64550        2367070.0      0.20718      1.38573
       8.27720     -151.76300      108.21200        4.01547       66.49580      -76.43590        4027080.0      0.19957      1.98311
       1.01200     -124.74900     -106.51700        9.09148        1.50825      -32.82200        4165390.0      0.17970      2.06243
      15.21160      -91.46480     -134.93400      -24.92430       55.86670      103.47500        2214900.0      0.08769      1.14453
    -108.80700     -102.75400      -57.81190      -53.36460      -31.65550      -31.75740        1058300.0      0.08451      0.77652
    -157.41000      -51.48800       33.63690     -168.96100      -72.77300       48.64540        1059600.0      0.10135      0.76460
     -39.12160      118.18200     -102.70200        3.33344      -82.16150       53.76850        3084550.0      0.15211      1.91600
      92.19560     -124.67000       32.43270      -77.83550       42.48850      -17.24100        1066370.0      0.10676      1.23954
     -99.63000       87.14320      -82.20480      -70.76960      112.89000     -102.32200        6899660.0      0.27385      2.12616
      54.50720      -81.58440     -116.36100       67.78600      -38.26970      -82.08260        1620740.0      0.06772      1.09832
      44.55520       75.42240      206.49900       -6.95830      -45.99460      -34.96520        2188510.0      0.08725      1.46473
      81.78040      -81.55800      131.48000       69.30200      -37.70420      126.96900        7445970.0      0.24261      5.99145
     -82.56280       43.48720     -119.72400      -61.79760        4.85577      -42.95720        1619960.0      0.08155      1.10030
    -111.71500       -4.36680      -96.27910      -52.35290       14.30260       10.32900        1163990.0      0.08604      0.98939
     -60.61840      157.44400       58.71690      -27.71160       66.07480       54.80310        1542750.0      0.08685      1.05285
      50.44400       16.95680      208.64400       39.42020       49.29180      173.77600        6918450.0      0.28292      2.72762
    -124.07800       24.75440      -73.23910      108.99800      -55.40020       85.39560        3711430.0      0.14372      1.97845
      -5.37080      161.81000       -8.39150       -2.12798      -75.51590      -32.30350        2646290.0      0.06958      1.56587
     -66.84240       55.03880     -124.33300      -23.47030       56.00920      -81.10790        3251450.0      0.17642      1.14075
     -21.31840      141.33700      -56.77380      -14.45540      -42.47480      -35.13590        1437680.0      0.12273      1.73593
      67.12400      132.28200      -38.76080      -20.61200       -3.46138      -55.44050        3689310.0      0.13842      1.54678
     -99.68800      -88.34320      -61.89880      -78.78540      -36.79510      -53.61320        6450520.0      0.13674      1.75920
    -106.08600       95.73880      128.99300       13.60240      -11.28710       25.49260        1276330.0      0.07274      1.06219
      99.52880      -11.56960      -96.70070     -163.68700        9.53186      114.35200        4322990.0      0.13040      2.62191
     102.21900      -43.46560      -81.36610      -30.87830       73.87750       64.59080        2020670.0      0.15004      1.34427
      22.61120      154.54300       -4.44619       -0.93483       91.35700      -27.70650        1445180.0      0.08536      0.80210
      16.53400       49.81240      210.03300       17.03440       32.33550      163.05700        3999950.0      0.19101      2.03971
    -103.38000      -76.79400      106.91000      -12.38430      -31.88340       46.07610        1541770.0      0.12154      1.37644
      84.14440      122.39200      -21.12630       43.60170       61.30960      -41.09840        1037670.0      0.12826      0.97280
      86.35280       54.31880      -91.06570      -69.37790      -75.13650      151.66000        1074060.0      0.07039      1.31407
    -127.41100      -64.84080       13.41640     -202.99200      -67.94480       33.50640        3111520.0      0.24837      3.45931
     -15.14880       97.46680     -102.71600        0.75287     -186.38100      175.66700        1447940.0      0.09209      1.29255
      -4.50640      -98.79440      138.38000      -33.22120      -44.99020       -3.99889        1083760.0      0.06704      1.34192
      -2.34640      132.90800      -48.97840      -14.31940       74.10770      -80.13240        1336510.0      0.13512      0.99916
    -136.04700       14.90880        3.63116      121.42900      -27.47980       26.12350        6390970.0      0.20078      2.83320
      36.31360     -130.24500      -19.66060      -49.54330      191.79400       65.38180        3348750.0      0.14132      1.91154
      68.26040       56.11040      156.18700      -50.83270      -26.22790      -46.31960        5622050.0      0.22935      2.76561
      53.20080     -125.41300       23.15760       21.80900      -45.89450       44.47300        3480230.0      0.11642      1.59276
       1.79680      149.51000       50.33700       -7.95876      -94.57620       -3.24443        3426320.0      0.11063      2.11377
      38.58480     -129.73000       42.61750        2.62371      -18.16650       42.60660        1052550.0      0.09020      0.76633
      32.85040      134.99800      -34.61940      100.35500      140.42600      -58.73010        1262750.0      0.16846      0.94681
     104.55700      -23.59600      -65.32400       32.54010       -9.72570      -75.09560        2218740.0      0.12178      1.44289
     122.34600       53.23960       38.63140     -185.75900      -68.14000      -58.29630        2401920.0      0.18778      2.77723
     -24.22280      112.16800      -74.98950      -17.55830      125.29500      -37.61720        3097060.0      0.12037      1.57396
     -72.53200      124.42900        2.93124       64.28260     -119.23600      -14.45300        1396230.0      0.07975      1.35297
    -115.83500       20.21160      -54.85220      -64.22900      -25.62320      -64.48770        3812640.0      0.16595      1.54456
     -87.18520      -88.94680       86.63860      -28.92770     -104.53200       30.25590        9272830.0      0.22855      1.77222
      40.36920       44.64360      175.44600       23.86560       69.32310      124.20900        1365960.0      0.06647      1.05799
      32.30280     -129.59000       42.58490        0.41997       14.90920      -33.15460        3672890.0      0.23658      1.88601
    -124.90600        0.16760      -31.34010       -2.49720      -35.40260        4.00449        1789230.0      0.10561      1.09499
     -17.32560      -71.50720     -117.87900      -17.28670       95.68900       56.27050        1050490.0      0.09030      1.26470
     -76.99760      -72.93680      -81.64240       68.49140       57.73840       24.46020        1813970.0      0.10366      1.42511
      60.05840       17.62120      162.77500       57.09290       27.98830      111.60100        4281350.0      0.11697      1.24622
     -97.79480       79.32440      -38.63660      -31.48010      -16.93350       12.22460        1074700.0      0.04918      1.38683
       3.89960     -130.48000      -31.62350       30.01640      -54.47910       39.27590        2655710.0      0.04998      1.22021
     -18.08080      136.46900      -23.00400       30.93410       20.62080       43.04000        1002030.0      0.08630      0.99353
      92.09360      -85.97960       44.99350       57.90250      -52.68000       10.54050        1931180.0      0.13165      1.08250
     -19.86560     -134.91200       20.06380       41.46800      168.18500      -50.46850        1390650.0      0.12311      1.25730
      78.88680      112.17300       64.58560       86.50660      111.76300       90.28460        1047380.0      0.12439      0.97116
     -65.13480      118.30200      -20.01730       33.89030     -119.56600       24.79370        1184460.0      0.08464      1.27946
     -82.58360      -14.48560     -100.40700       64.81560       27.11030       52.91200        1696930.0      0.12111      1.03713
      62.10000      109.69200      -48.38990      -49.20030      -75.75530       -5.07234        3331030.0      0.17452      1.51946
     -42.99120      -99.89280      -75.85420       62.54700       92.41360       32.85760        2973660.0      0.12623      1.54900
       0.93760      117.82100      115.99600       -4.36753      -44.46550      -42.99940        3100100.0      0.06822      1.62346
     -77.46120      -31.83960      -98.01570      -96.47750      -76.29490      -96.50410        1955610.0      0.09787      1.08960
     -45.29720     -109.06800      -54.54390       14.57970       50.25420        0.76366        1417800.0      0.16408      0.98590
     -96.52080      -70.43240       74.81770     -187.41900      -65.41970      106.98100        5973140.0      0.17593      3.25813
     -74.62880       67.01360      -76.20610      -74.85600       59.61960        3.62076        1653310.0      0.08693      1.83565
     -94.40000      -74.71720       68.42740     -178.62200      -94.75100      101.32700        1635840.0      0.08507      2.16647
      59.44880      -94.07080      -49.64580     -114.02600      113.31000       77.61880        1537940.0      0.13488      1.71842
     -86.06240       60.12040      -65.40650      111.50500      -32.20130       88.66610        5248430.0      0.18491      1.63640
      90.27200       95.25160        6.97186      -38.16900      -90.42660       39.97100        2061940.0      0.10379      1.44512
      52.04080       31.98960     -109.34000       70.39370        3.96471      -53.15190        2218640.0      0.09720      0.86196
     -40.17360       19.89440     -120.88100       37.31820       14.05700      108.31000        1412210.0      0.10810      1.34447
      -2.93600      -84.36440      -97.20220       32.70510      181.04900      140.93500        6059410.0      0.13576      2.24163
     -76.91160       40.62480      134.85100        5.23539       52.93930       24.44490        1582700.0      0.07844      1.41258
     -11.19360     -113.92800       74.07700       53.05520       48.47040       20.70480        1463500.0      0.09342      1.06442
      -8.76520      -53.33120      145.46800      -36.34030      -62.15650       39.04850        4848820.0      0.15259      1.67878
       4.07880      132.57500       30.20120       -0.52811     -233.65300      -56.43680        5394290.0      0.19168      2.67653
      28.80040      -94.89960       94.19190        5.55306      126.93600      -70.71770        1427480.0      0.08341      1.33053
      79.09840      -79.89600      -11.29390       77.43560      -94.14460      -34.70700        1708770.0      0.14773      1.74652
     -40.00800     -116.85600       26.67830      -68.03020      -86.61020       29.33970        2902750.0      0.14802      1.14532
      23.49280      -23.94120     -120.37500       27.04150       -5.18086       19.08420        2168630.0      0.08366      0.88808
     -93.93880       77.66480       30.91810      101.86700      -69.69640      -48.95100        1706660.0      0.13581      1.74850
     -81.79400      -85.55160       -9.85463       26.13760      -40.78900       28.54480        6281700.0      0.13689      1.76915
       6.42760      -79.93880      113.75100       -9.27411      -61.57730       26.07940        2099320.0      0.09220      1.13044
      34.24000       11.50400      151.18500        4.90832      -26.76420     -112.38200        5020290.0      0.13324      1.68338
      76.87400      -46.05840       92.68520     -123.98600       97.35150     -125.86700        8193610.0      0.25476      2.81058
     -61.59800      -78.01880       89.45460      -33.71180      -47.17890       51.85960        5793780.0      0.24352      1.62957
      66.98520      -76.28560       67.58580      139.17900     -105.49600      116.70600        1072270.0      0.12541      0.94276
    -355.19800      107.20000      689.38300        4.90478       -4.33115      -16.85440        2768480.0      0.15323      2.46656
      18.97920     -113.65300      -20.67670       53.31500      -88.59800       -0.67026        1862640.0      0.08470      0.84832
     -11.59440       62.96280      139.80100       -4.34651      109.28300      169.99500        1060290.0      0.10211      0.77097
     -49.78360       67.58240      121.08400       28.75000      -29.23790       -0.05773        3457050.0      0.14233      1.54510
      53.67040      -82.58920       65.06010     -153.83300      115.41900     -141.39500        1303050.0      0.08712      1.26761
     -49.55000       97.86400      -28.98820      -64.15620      127.84600      -37.99730        1172500.0      0.11772      0.59844
     -77.48880      -57.24760       79.05130      165.08200      114.79400     -150.08200        8210770.0      0.40526      3.31363
     -91.34120      -58.63000       38.37650      -22.06600      -17.77870       53.28190        7573780.0      0.16671      1.35213
     -24.13920        4.40800      146.59500      -11.37930      -36.98580       19.89760        1806040.0      0.09031      1.08808
     -30.59240      114.05800        7.44383       17.25210     -162.87700       52.19640        3588040.0      0.17804      1.94994
     -22.31400      -80.82560       96.72070        3.87445       20.62390      -36.51010        1370570.0      0.07969      1.04711
      52.15880       34.53920      -90.16910      -20.30690      -11.20990      141.57300        8028950.0      0.14965      1.80766
      23.95840      114.35100        9.04637       43.29540      -13.51610       21.07900        4616610.0      0.09448      1.31736
      29.28640      -43.27600     -101.27000       48.15200      -25.38260      -61.96740        1247220.0      0.07284      0.80235
     -24.96760      -93.99400       69.70980       50.07630       95.98330       -0.52859        1078340.0      0.05363      1.05688
     -32.30440       29.21440      137.37900      -18.28230        1.96249      -37.48400        1592160.0      0.06658      1.11200
     -49.86080      -79.94840       74.80930       31.65600      -40.41450        5.69143        1957430.0      0.14846      1.08293
     -46.36680       61.94560      -74.65120      -99.99630       18.43160     -132.27600        1023670.0      0.10981      0.96067
     -17.59560      111.46500        3.74310      -58.77940      166.08200      -52.09190        1212850.0      0.06084      0.61599
     -53.16640       41.82600      -81.57630     -109.72200       46.93000     -189.29200        1023770.0      0.11604      0.57198
      48.67760      -55.95600       89.20020      -17.54190      -20.93710       23.87240        1633620.0      0.06519      1.13694
      -5.56600       20.08840     -108.14400      -28.53200      -83.35370      160.11100        1190510.0      0.12197      0.75539
      49.24440      -77.22320      -38.96660     -141.93000      189.71300       52.32870        5730240.0      0.18650      2.10445
      -6.03760      -75.76160       89.23270       24.12540      -60.35310       44.24840        1040030.0      0.09835      0.78888
       9.47320      106.76300       41.07270       51.74830       71.76450      -12.23870        1989370.0      0.12198      1.09567
     -29.70360      -59.15160       99.59320       39.26010      134.46800     -176.32700        5632660.0      0.20773      1.57798
      45.92840       -4.65000      -91.87630      107.92100       11.16410     -134.75500        3586010.0      0.11925      1.57439
     -46.82920       -9.46720      116.95200       50.78240       23.23910      -83.62280        9426550.0      0.16575      1.84395
     -63.22800      -47.52520       80.25040     -168.94600      -63.16330      195.59200        8049580.0      0.26298      3.37416
     -38.30640      -88.99760      -23.96280       -0.92627       28.54890      -28.39010        1884720.0      0.09209      0.85143
      14.62360       36.17800      123.02600      -47.10720      -87.52230     -189.86800        7012990.0      0.16738      1.30354
      55.36760      -74.25880       15.94140       99.01830     -168.10700       25.07240        1345830.0      0.10992      0.48447
       1.12600       -8.16480     -104.08900      -33.22250       -8.86139      136.38700        1355170.0      0.09813      0.79622
     -27.90560      -82.04200      -48.70390       51.78240       76.27610      122.60200        6864950.0      0.11965      1.33001
      55.80760       79.30520        0.64428     -111.22100      -90.63880        2.38019        5773560.0      0.14062      1.73308
     -22.01160       42.21040      -85.47660       58.11220      -89.29080       87.76270        2523690.0      0.13167      1.14246
      29.35400       64.10760      -62.97370      -20.26680      -13.67080       98.36820        1075350.0      0.10734      0.59215
     -16.75640       42.50520      112.80300      -11.95490        8.70852        7.37517        2225390.0      0.10921      1.13466
     -43.77080      -74.58760      -39.87870      179.50800      185.12900      183.59100        3993490.0      0.23860      1.80037
     -26.36680      -90.34960       26.18540       64.68910       70.06280        4.50774        2382700.0      0.10393      1.14403
     -46.68400       62.83800      -47.43940      -50.96180       43.98870      -75.37750        5561620.0      0.13300      1.31930
     -75.73640      -49.10400        2.77631      -22.91260       22.87170      -61.96990        1992530.0      0.09400      0.86683
      26.49520       21.31240      113.75100       -9.33006        6.34702     -102.14300        9695630.0      0.19043      1.83949
      82.23880       24.73880       13.27270      -96.55380      -16.30270      -50.78270        3901960.0      0.12950      1.62366
     -59.77320       47.91480      -41.10640      114.44200      -41.59020       65.92150        2686560.0      0.11834      1.14679
      57.52520       21.03200       81.11390     -114.25200      -12.99730     -143.44800        1452380.0      0.04969      1.09852
     -44.99840      -71.00880      -33.56970      -29.41790       56.12740       82.72380        2249770.0      0.11534      1.13076
      49.20400        8.74200       90.43330       13.55800        6.06324       20.66490        3217420.0      0.13123      1.18391
      51.31400       29.37280      -62.59390       58.20580       -0.84468      -79.33760        1973130.0      0.11242      1.10433
     -13.79280      -81.52600       44.32260       17.72120       54.74460      -20.78670        2694400.0      0.11670      1.16097
      42.01720       77.89520        0.77522       -3.61449      -65.93070      -53.54210        1436120.0      0.07416      0.83137
     -48.73000       38.05120      -57.45360      140.62300     -153.96400      215.72500        1512020.0      0.15428      0.77092
       6.90760       18.80520      -87.88260      -47.25140       14.92150      -36.08010        2234080.0      0.07943      0.89908
      18.96880       66.76640       72.82440       57.34140       30.16380      131.09200        4128590.0      0.13949      1.23059
     -22.96200      -81.14680       -4.14053       85.27200      137.42700       66.05770        4717900.0      0.12496      1.27419
     -17.52640      -81.02720       -9.93427       77.99160      212.90800      -50.64620        1121050.0      0.11481      0.98673
     -44.91760      -47.97960       60.11890       93.83190       68.88200     -112.32200        1261100.0      0.11573      0.77427
     -11.36640       83.74880        5.90966       -6.47526       85.26760      -41.60260        1797090.0      0.10341      0.85329
       4.06480       84.65440        7.55890        7.49260      -41.21040      -25.56470        1155950.0      0.07138      0.81560
      20.08960      -62.45680       54.47170      -14.92840     -127.50000       -1.67313        1480080.0      0.07512      0.64211
      25.64640      -16.21520      -77.96700       35.90820       11.62610      -97.95230        1805400.0      0.11490      0.63998
      30.99920      -29.72520       77.62920      -97.46870      103.55100     -105.56800        1155600.0      0.10056      1.02528
     -16.39840       73.56560       46.09670       28.10310     -280.30000      -98.22060        2904010.0      0.19226      1.75996
      67.62480       -1.52920      -17.51080     -215.15800       -3.03119       31.35200        1120660.0      0.08368      0.78860
      26.25560      -57.30120      -45.00660      -64.84260       45.30180       40.46030        1160360.0      0.05406      0.62478
       1.58160      -45.99720      -69.09300      -50.90040     -118.10900     -137.65400        1345880.0      0.04362      0.64946
       7.03320       80.62600        6.51042      -50.21490      -98.60290      -62.88460        2614740.0      0.13617      1.12549
       7.86600       50.46360       80.42390       -6.55638      -99.65900      -37.81910        1880690.0      0.12510      1.06144
      41.45480       63.42000       23.93340       55.78280       64.17870       73.95810        1206660.0      0.06577      0.63007
     -21.72120       70.82720       41.61080      -27.96630      163.38100       64.02130        3350120.0      0.23410      1.77615
      44.16280      -55.66560        9.76828     -143.03800      138.04600      -62.64290        1031200.0      0.08061      0.59252
      40.81880      -28.72400       64.59900        9.92277       24.68400       58.86290        3689730.0      0.17487      1.53081
     -58.33760       39.02840       24.20050     -138.44000       72.72250      -34.99040        1035970.0      0.05074      0.63218
       3.05560      -17.95360       90.74130       28.32610       15.06910      185.99900        1193600.0      0.07960      0.62432
      38.48320       65.45600        0.18598      -72.52920     -132.92200      -85.31430        4034620.0      0.08694      1.26818
     -29.23440      -65.70040      -26.94110      -91.30340     -120.65100       -5.82661        1995950.0      0.08726      0.66170
     -64.61880      -23.15640      -12.59550       25.28090       29.93650       67.48150        6467070.0      0.12699      1.37116
      -1.71840      -22.32920       88.34720        2.81836       -3.07882      181.68500        1517800.0      0.18371      1.22983
      31.26120       68.54240        3.15502       14.08630       -2.49100      -15.54380        1026250.0      0.11071      0.45540
      25.69640       63.06760      -27.90490      -34.74540      -14.13130       89.23490        1183060.0      0.07683      0.61683
     -55.68200      -27.40320      -32.91470       86.00190       66.75690       84.93960        1145410.0      0.11249      0.98024
     -12.01080      -74.20480        0.37360       23.00890      211.81100       76.15430        1137320.0      0.05811      0.62450
      -6.04760       74.61880       20.18760       -8.99305     -213.69700      -89.17770        3338810.0      0.13621      1.18619
      62.90080      -11.96160       -3.40422     -102.18700       -6.07977      -19.56860        1401530.0      0.06822      0.83096
     -16.00320      -45.03360       66.09700      -99.10490     -144.86200      156.18100        2038630.0      0.10894      0.84629
     -54.58960       39.16080        2.10331       68.37410      -51.61180      -89.37230        6201430.0      0.21226      1.64291
      38.73960      -53.27160       18.62700      202.61700     -222.40100       15.91460        1583450.0      0.12741      1.28792
      18.87840      -44.14360       61.52930       47.41370        9.73936       38.67090        1938720.0      0.11186      1.09879
      10.71720       18.54240       87.58590       80.34060       37.79310      157.31400        1626950.0      0.12154      0.62767
      -0.66400      -71.41360        4.98002       -3.78133      260.95000       52.23910        2723390.0      0.12283      1.13279
     -58.68360      -19.38240       30.27300       61.14070        8.67209       78.56020        8168440.0      0.13401      1.39167
       8.14920       13.75640      -73.47410      -38.20840      -28.90410      -59.89070        1786030.0      0.08697      0.65959
      26.47360       47.03640       59.72920        7.66393      -30.92390       26.84280        1159580.0      0.08694      0.61192
      16.96040      -62.94880       23.26730       53.09920       20.08070       81.43390        4304280.0      0.14316      0.95022
     -33.63840       56.85040        0.95554     -101.22500      131.90700      -76.45860        5659040.0      0.10009      1.77662
     -25.47680       23.35800      -59.79740       85.97020       38.33190      205.50400        2978770.0      0.13354      1.17329
      59.45840       -4.57840        0.53282      131.80400      -29.47130       20.15630        1397080.0      0.06613      0.49625
      41.83040       25.15800       55.42810      136.25100       40.53770       61.79880        1703540.0      0.11789      0.83792
      11.26720       66.02400       -8.25052        4.87196       75.95940     -114.57200        1693830.0      0.11584      0.81221
      53.13400       13.24080      -27.72290      -78.63720     -111.16300        2.73259        5119310.0      0.12255      1.28955
      -8.40240       65.88520       -8.92097      -58.15000      167.16500      -64.79000        2213150.0      0.18462      1.28019
     -23.11080      -62.35840        9.74711       56.61700       44.50660       27.10350        1904240.0      0.15431      0.80453
     -57.30880        2.52680       -0.32812     -124.23100       12.28600      -68.15630        4212380.0      0.09882      1.28180
     -45.71920        0.45720       50.64670       98.99890        7.24148      -29.53540        1996070.0      0.10761      0.85213
     -48.07720      -29.90440       28.22330     -154.60400      -87.17600      155.13300        1035660.0      0.06177      0.47254
      19.98040      -37.49280       54.42320       17.13480      132.73600     -174.11300        3949490.0      0.11256      0.93582
      50.18000       20.33480       29.80040     -210.93900      -43.31200     -206.54200        4370820.0      0.17343      1.94216
     -37.84600      -11.56760       57.96980        1.47531       10.99730      -27.03450        1039240.0      0.06696      0.61374
      16.38720       60.83360       -7.54938       70.21940      200.77200      -51.05920        3683670.0      0.11926      1.46108
     -36.21760      -38.88880      -33.12000      145.82200      151.52000      153.18200        5016140.0      0.12872      1.25136
      26.03240       54.80440      -11.33900       33.89520       58.23960      -77.46280        1143830.0      0.04338      0.47845
     -26.86560       17.10800       66.25140      -20.67210        9.50576      -87.95080        2248510.0      0.07491      0.68799
      37.43840      -15.42120       50.16320       81.79440        1.78749      247.49600        2700840.0      0.17798      1.38333
     -54.72560        2.20680       10.69120       37.93430       46.12520       30.01810        5913010.0      0.18548      1.29602
     -20.11920        8.07600      -61.10960      119.41100       75.30150      220.46800        3282610.0      0.12559      0.89741
     -15.09080      -59.67360       13.22390       48.98860      177.16200      -38.01170        2871330.0      0.12633      1.16851
     -45.10280      -33.81600       -9.53113       48.73650       73.99960      -79.16680        5516600.0      0.14766      0.98455
      52.92360       -0.43560        2.63808      219.04400       26.18330       16.62620        1681060.0      0.13496      1.24694
     -32.65840      -45.54440      -22.09920      200.82200      172.46600      166.09100        6604580.0      0.16090      1.28060
      29.95120       36.26920       49.84700      135.36800       84.05810      275.90900        3127650.0      0.12518      0.86745
     -31.07360      -48.96120        7.34133      -86.33000        1.84279        2.32775        1356910.0      0.06447      0.63903
       8.74040       36.23800      -46.76840       23.96820       44.78430      -17.97870        3235040.0      0.11231      0.70873
     -24.63520       50.94960        7.53532       25.40330     -271.93800       -5.33395        3413430.0      0.14156      1.53339
       1.16440      -51.48440      -30.82170       98.07890      -26.35310      -48.71090        2773320.0      0.08222      0.53406
      18.25200       54.07080       22.14910      -75.89360       83.14860      -17.28980        3206540.0      0.08983      0.72006
     -19.63600       -8.55160      -57.14540       40.99760       16.58120      289.55400        1212690.0      0.07062      0.47032
      -1.04040      -46.42400       39.22770       23.92750      108.85000     -245.38200        1750440.0      0.10818      0.81674
      31.08160       45.69520       12.54390       -0.63803      222.18800      -21.96210        3699090.0      0.12030      1.18514
     -18.75640      -22.98360      -52.55970     -127.37800     -100.58100     -116.69600        2697710.0      0.11498      0.87423
       2.36680      -52.09720      -21.13200       89.13040      160.55100      162.31400        2440750.0      0.16396      0.85915
      -4.96280      -31.00120       54.63010      -44.74130      -21.81490     -169.75700        7888750.0      0.12650      1.04708
     -28.27560      -40.21160      -24.00150       94.41880      211.76000       87.21000        1362640.0      0.11119      0.61612
     -22.51200      -46.33280      -21.06770       88.73480      302.11500      -46.66660        5183240.0      0.19080      1.20323
    -296.91200      240.00300      814.37900       76.77280      -68.03020     -211.04300        2600200.0      0.14086      1.11294
       1.59240       25.98040      -49.63590       77.69280       56.24790     -277.64000        1374910.0      0.06617      0.79383
      37.69280       26.00240      -19.95400      225.93300      139.23300     -134.05600        4231110.0      0.30255      1.45184
     -38.76400      -31.24480        9.94984      282.46800      192.65700      -13.57540        1130560.0      0.11427      0.73589
       1.48600      -11.83600      -58.45100      -30.37820       86.22540      319.86700        1656090.0      0.09753      0.62204
     -24.13040       37.59920      -15.50950      101.20400     -147.97900        7.47394        2216800.0      0.05985      0.91392
      35.04560       14.80560      -29.25900     -274.07900       37.65710      210.51600        2335060.0      0.10976      0.84525
       7.06920       24.05280      -45.29700       37.37190       16.87930       64.82900        1119850.0      0.06653      0.62442
      -0.08320       47.52080      -12.33100       29.28510      -12.96830      -39.64200        3040150.0      0.13162      0.69278
     -33.77640      -31.54480       12.02930     -211.27500      -95.93200      107.56800        1960750.0      0.14255      0.80988
      -6.93240      -35.12600       40.43550       69.05450      147.45900     -170.37700        1304300.0      0.11243      0.59845
     -27.31760      -31.16680       29.11520      126.20900      289.76700     -152.93800        2185490.0      0.15815      1.03717
      -2.69720      -30.99520      -43.33060       82.14490      175.85000      237.11000        1392990.0      0.13912      0.76577
     -21.44280      -41.51320       10.00720     -196.27900     -169.10800       39.45650        1587140.0      0.10010      0.79539
     -19.65400       27.59160      -30.57650      -33.36600      -47.73120     -150.00100        1602210.0      0.09101      0.48784
      38.69880       -1.43040      -14.68360     -311.28000      -51.14780       41.77950        1569140.0      0.13951      0.98669
     -10.96400      -44.65120       15.35470      -22.94240      176.66000       -9.53043        1306990.0      0.05128      0.64840
       4.30200       45.61040       22.93050     -144.48700      206.83000      100.10400        2865540.0      0.13198      0.87453
      -7.32920      -13.84480       53.16470      -44.47360      160.24000     -259.62700        1823240.0      0.12532      0.81259
      33.43440       25.86400       -2.36107     -129.89700     -200.15900     -108.26000        2111010.0      0.06069      0.67990
     -33.08360       14.66520       26.08120      133.51200      -83.78340     -107.17200        3036960.0      0.09549      0.69862
      -3.37200       13.70880      -46.85600      -96.17310      -75.07160      220.83800        1286420.0      0.18575      0.73908
     -26.15040      -34.03680      -11.42550     -143.34900     -197.48200      -23.84590        1223180.0      0.16408      0.75063
      14.38520       25.15880      -35.39200     -178.03600     -240.56600      139.67300        1107730.0      0.08278      0.59871
     -27.92640      -29.18760       18.36170      -56.15940      -40.58650       47.68870        1356050.0      0.06195      0.38448
      18.27400       38.65920       -8.86786       39.71400       13.60990       50.12720        1082290.0      0.04941      0.36993
       2.16960      -44.48960        6.11814       -4.60487       -0.31985      118.85200        3522740.0      0.08831      0.72046
     -29.03680       15.21000      -23.00230      166.41800      -15.37120      258.57200        4406690.0      0.14431      1.23600
      16.11720       35.76520      -16.57760       -2.50682     -103.01700      -78.25650        7378860.0      0.16015      1.02759
     -13.64800      -27.46520      -35.26860      191.68000      159.59600      203.43200        1135470.0      0.07709      0.59696
     -10.82320      -30.87880      -30.72480      121.74500       72.15880      242.24300        5876600.0      0.14354      0.97663
     -20.48600       -6.60680       40.01090     -102.84500     -185.59300      249.49600        4004470.0      0.10402      0.92981
      -2.54680      -36.66440       15.99840       55.96130     -149.35700      -94.82480        1627170.0      0.06729      0.49601
     -13.31600       34.47600       -1.00067      -65.40010      209.06100      151.16800        1559530.0      0.10235      0.61849
      22.03080      -13.19000      -28.11540     -141.36200        1.43565      294.80100        3664550.0      0.16021      0.89001
     -18.65120      -29.64160       -8.47033       48.26030      265.75600      -31.70590        1002900.0      0.06515      0.60289
      13.73760       17.00760      -28.66520       -3.63793       37.87770      197.72800        1085680.0      0.08140      0.61779
      12.12920      -31.16640       -7.18484       13.21440       51.74990       -1.34242        4306090.0      0.10326      0.75416
       4.34400      -26.82480      -27.08340      121.39200      167.29000      238.45600        1124280.0      0.05872      0.36289
     -28.34000       -9.20120        2.75193      236.51400     -121.12300     -169.82600        1278370.0      0.07750      0.61614
     -16.23200      -28.88240        0.15137       20.58870      302.09500        7.23609        1635860.0      0.11182      0.63291
       1.41000       31.15600       19.15780      -95.38780     -123.10300      -25.83940        2651230.0      0.10764      0.52953
      19.89920      -14.10000      -20.32490      197.74800      -60.83020     -280.14000        1376730.0      0.08648      0.62222
     -23.52760      -16.24600        6.46024       11.93770      155.21100       34.48450        2435400.0      0.09087      0.52276
      19.42000      -15.92120       13.78630      215.30500     -101.91700      264.49600        3480090.0      0.15402      0.69366
     -22.67880      -10.87680       16.12430      140.83900      268.51700       -5.24262        5042890.0      0.15598      0.95161
      -4.53800       26.51040      -11.44260      -18.56990       41.54000     -166.12600        1092520.0      0.05780      0.36645
      -3.86360      -12.33000      -33.15740      250.25600      203.90400      216.44900        4543370.0      0.13596      0.71075
      11.13600       19.39880      -19.87640      -30.58880     -210.45100      300.36900        5556200.0      0.12325      0.97783
      11.97600        0.32680       31.41000      189.58700      211.79800      231.52000        7454810.0      0.14285      0.77539
     -12.00000        8.13240      -24.89440        1.73531     -207.60100      229.49300        1382020.0      0.05180      0.49292
      -5.65040        9.63040       30.88920       66.00540        4.82151     -197.39900        1640100.0      0.04911      0.39491
      15.58600       20.12920        2.58233     -138.39700      -63.61280      172.43900        1897130.0      0.10726      0.49628
      -4.89200       -7.31960       29.34640     -137.14100      -22.44570     -248.04200        1840400.0      0.11233      0.48927
      -9.34040       17.82760      -13.89890     -102.63000      110.99500     -130.03500        1867150.0      0.08425      0.49786
       1.72240       20.71400      -13.54720     -235.28800      302.05600     -139.19800        2533990.0      0.16748      0.64592
      13.67080       -8.55360      -18.98040       35.42670       85.33640     -337.76400        2411410.0      0.08351      0.51158
      -6.65800      -23.11560       -2.47861      -77.93460     -166.62300      263.21100        1089680.0      0.07741      0.46615
      15.52280       11.54280       16.19270     -205.51900        5.18167     -313.95000        5966170.0      0.13877      0.74377
     -20.07720       -0.26480        1.68082       22.50290      278.80300      281.47600        1252560.0      0.12128      0.59914
       0.78440      -22.45880       -2.31495       -6.28775       19.91740      224.41800        1019410.0      0.05099      0.37283
      10.88800      -13.88960      -14.41270      107.52400      197.32700      -12.38330        2777500.0      0.07512      0.54176
       4.67840       18.09480       -9.99545      -92.58360      195.30100     -266.82400        1222220.0      0.07118      0.28503
       3.50400       10.18360      -20.16760       25.53870      227.12400      -84.09790        1729310.0      0.05954      0.29521
       3.01640      -12.63800       19.16790      175.83400       -5.41094      -30.15470        1287550.0      0.04858      0.38279
       8.73360        4.20520      -20.83910     -117.71000       69.01460      170.44100        1473100.0      0.06966      0.37962
      -7.58720       15.65720       14.24170      107.12400     -292.35800     -168.51100        1362170.0      0.10004      0.47232
       5.69840      -13.85880       15.82880     -303.16600       65.40580     -283.96300        2941410.0      0.19308      0.66187
       9.34880       -5.15000      -19.86160      173.20900       22.60600      191.02100        2153880.0      0.07585      0.39660
     -11.76160      -13.38360        9.42177      157.33700       -7.35168     -138.03000        6698490.0      0.08993      0.60354
      -1.43840       10.11880       22.38060       56.49370      122.34100     -115.01400        1823580.0      0.08417      0.38625
       3.36720       13.04720      -14.71020      -80.08280     -442.37900       22.42070        3732170.0      0.19451      0.68344
      -0.85840        4.45760       23.11730     -172.01900      -49.21470     -247.80800        1402550.0      0.07844      0.37032
      -4.00560       -0.55040       20.56300     -160.25100       11.89820     -249.05700        9765410.0      0.19868      0.79541
      10.10240        7.81520       12.93890      188.62500       35.18600     -257.38200        1455080.0      0.07002      0.37323
      -8.97280      -13.21080       -1.96729      220.99600      211.70600     -199.49200        2391860.0      0.06382      0.52190
      11.80680        5.90520        8.85031       40.75040      246.76900      260.20600        2142240.0      0.07561      0.39320
      12.42840        2.86560       -5.01103       69.50180      -75.96360     -309.32500        1076280.0      0.04480      0.37248
      -1.47760       12.98960       11.66130      307.35000      148.80500       -8.09665        2016140.0      0.13068      0.49074
      -9.01040       -3.07440      -10.06980     -247.99800      -79.86000     -177.90200        2394280.0      0.08283      0.40614
      -9.65320       -0.18400        6.42435      -81.51320      256.52100     -294.04900        3275760.0      0.13292      0.52687
