     -69.50280     -409.16300     -509.60200       -1.20445     -105.12800       26.17370        391436.00      0.04728      0.25212
     -79.86200     -575.13600      270.73600       13.85750      117.17000      -52.32580        920371.00      0.09717      1.22513
      98.34280     -527.77700     1137.34000      -66.46360       13.20210      -61.88300        872836.00      0.05346      3.52819
    -194.38800     -208.30900      -33.03910       38.89040       53.30950      -32.78540        681551.00      0.06118      0.70132
     247.82800      -98.41080      356.36200       10.85320       -7.94412        8.62953        667846.00      0.09891      1.11961
    -163.20200       80.29680     1230.14000      -81.25590       38.06930     -150.78900        458715.00      0.05725      0.25262
     -68.55880     -188.43300     -128.93200       47.09690      -21.85070       45.50510        916342.00      0.07386      0.98140
    -149.84600     -177.90200      -59.70450        9.13680       34.31400        6.31308        804648.00      0.08112      1.94938
    -186.40800     -132.61000      -64.95760       59.88240       32.14040       10.55990        240506.00      0.03839      0.14677
     186.56100      131.92300      228.39400       84.10030       73.72440      114.03800        182506.00      0.03206      0.46001
       7.18840      -79.40520     -205.58300        7.35512       15.95790      -27.28010        603826.00      0.10839      0.88053
    -120.45400      139.81000     -126.39800       24.09060      -26.45530       96.04590        710200.00      0.07149      0.93982
    -360.71600      -70.71920      948.63600     -117.47400       39.86560      -82.49180        607888.00      0.06641      0.33291
     147.68700      131.39200      -81.07050       13.38590      -15.71720       38.29750        977600.00      0.13891      1.57955
    -503.17900      569.40200      924.79500     -105.61200       26.95720     -122.20100        382402.00      0.03240      0.42475
       9.68280      341.48300     1057.39000       40.93610      122.98200       37.94470        690047.00      0.07877      0.71180
      31.67480     -196.44100      -57.56870        1.25571       27.43440       71.60720        931614.00      0.08376      1.24308
      12.29440      -10.97280     -205.35100      -56.55040      -49.71960       32.03070        956097.00      0.08106      1.28213
      47.77600     -144.15900      228.99600       40.32270      -46.04820       69.33910        946067.00      0.05966      1.65373
    -326.41300      485.83200     1047.31000      -55.21040       72.06650      -37.91980        647063.00      0.04413      1.45989
     -85.17680       35.42520     -167.86600       29.44740      -52.53490       81.36550        965962.00      0.09842      0.95625
      54.89440      163.06200      -88.09820       -6.10212       22.66800      -21.25030        958101.00      0.07893      0.35149
      39.42160       17.40320     -185.57500       71.01600      -44.87590       17.93640        467094.00      0.04677      1.08481
     -59.96120      191.60600      -38.20090       26.04650      -16.60250       -1.78391        585049.00      0.06327      0.69933
       7.35880      -44.24640     -184.28900       18.61050      -19.31620      -54.61360        229007.00      0.05722      0.23794
     -71.12760     -167.53900      -55.46540      -30.23030      -93.27480       58.07030        589656.00      0.03259      0.90909
      77.63520      128.98100     -102.97800       12.94380       37.53710      -51.58420        181674.00      0.05815      0.45967
     101.27800      -67.68760      231.56400       42.38740     -112.43400       72.36640        121696.00      0.03237      0.17821
     125.07300      141.80200       -8.49824      -10.40030       13.24760        3.54046        362962.00      0.04928      0.31462
      83.29680       27.18360     -152.80600      -38.23790     -119.54300      -62.16360        555181.00      0.04482      0.56865
     -30.47200     -181.71900       79.38370      -64.28490      -43.96960       42.32380        932905.00      0.13690      2.46649
     117.66200       30.32960      216.08400       81.36100       20.72490      162.88200        794756.00      0.16778      1.15970
     -21.36480      -17.27240     -174.70600       31.62320       17.53540        6.61748        970847.00      0.11941      1.54759
    -121.24000      186.51600      361.51500       91.85080       87.45600      -43.85360        606494.00      0.09526      0.42169
      36.77320      -97.72160      213.14000       57.67440     -100.82700      106.60200        490794.00      0.03670      0.96727
     -35.30400       43.20160      387.29400      -93.21530     -122.88300       92.71520        715273.00      0.05925      0.73008
      98.73560      168.20800       38.08100        7.80347      -60.84290     -118.33800        973221.00      0.09328      2.10670
     -12.50800      -28.81560     -172.58500      -93.10260        2.81178      -67.25500        411452.00      0.04811      0.70306
     -52.30720     -173.07200       37.50890      -64.94620     -122.26300       71.54000        788679.00      0.03571      0.60973
      18.87680      -36.42840     -168.15400        0.03872       30.59420       35.08320        732837.00      0.04276      0.45942
     -53.64680     -163.17700       78.88270      -25.56070      -85.14470       36.86240        227074.00      0.03558      0.24118
     -45.51680     -146.08800      132.65600      -37.22220      -41.00830      -41.55470        906505.00      0.10430      0.90963
      84.54280      -11.74680     -138.47100      124.15000       50.15760      -72.20230        503885.00      0.04380      0.43065
      70.48520       -4.38600      243.72600       -2.34489       63.22210      -74.69620        883162.00      0.06172      1.64479
      71.73920      123.22700      -80.61640      -38.15000      -37.50220       11.68840        389997.00      0.05013      0.19655
      84.18640       73.66360      206.06400       12.68930       -5.78132       71.86790        256456.00      0.03602      0.29995
    -108.94900      103.31600      -70.33950       19.56390        5.54756       24.36160        461314.00      0.05745      0.68279
      15.02160       98.65920      246.79800      -24.88840       88.07900      -64.45040        697899.00      0.11572      0.33715
    -135.15100       53.76040      172.38900        4.70556      -28.13820       22.73010        938462.00      0.10605      0.95388
      83.39000      -71.15360     -110.17800       73.21730       30.06240     -146.00500        991420.00      0.13161      1.18776
     -49.61080     -102.86800     -116.37300       -2.50793       95.71070       19.41100        823093.00      0.06048      0.96271
     115.02900      -54.18880      -69.09370      137.97700      -40.82900      -67.90750        840468.00      0.17934      0.86893
     119.59200      -69.94240       81.42270       53.23850      -19.80640      -22.48180        775686.00      0.14746      1.16864
     -38.71120      129.36000      170.36200       21.12230      -23.08000      -32.61060        993730.00      0.05996      1.23574
     -99.92840     -102.88100      100.54000      -51.33850      -28.99750       17.75170        535076.00      0.07228      0.42494
      64.73240       68.58600     -112.15000      -69.61340     -114.62700       63.69850        456513.00      0.06140      0.25151
      45.39280      161.69100       62.28120      -23.53520       -6.31787      -64.72510        500948.00      0.03369      0.55354
      46.66120      112.08700      160.23800       -8.10025      -91.74730      -31.70650        479924.00      0.07751      0.85243
     -27.57760       61.78960     -133.61000      -19.22980       45.88790       -4.28728        570687.00      0.09974      0.53017
      58.45560       82.32240      174.99100      -10.94090      -79.19750      -28.97680        937696.00      0.07982      1.23263
     -56.46080     -113.57800      -77.40920       27.55420       -7.78014      -60.25100        304201.00      0.02815      0.41756
     -60.23240      116.42000      154.09700      -19.02080       48.40550       95.05500        336332.00      0.05255      0.24691
      16.21720     -111.41800      -94.84770       29.97910       41.35690      -22.85820        690096.00      0.07612      1.17386
      48.03360      -16.65920     -139.06500      -82.17090     -158.22600       12.66130        411114.00      0.06051      0.42505
      71.92000      136.49900       57.89860       66.88380       96.83730       26.42810        818625.00      0.07413      0.57247
       4.44880     -147.60900       52.13900      -24.16980      -20.70350      -23.26080        722253.00      0.05588      0.77205
      41.31960      160.70100       51.10960       62.38690       59.90800      -84.67040        221008.00      0.03868      0.25234
      16.82680     -127.83700      -66.56780       49.71490      -12.61200      -17.32810        265560.00      0.03399      0.39150
     -64.93200        6.33520     -131.38500       26.93890        4.77189       -2.21036        183694.00      0.05692      0.29044
    -129.86600      -28.00560      -41.91900     -174.58200      -31.55440       -6.44031        632005.00      0.10353      0.69877
     -34.35040     -144.71300       38.84870      -31.20690       -7.50188       72.24590        589524.00      0.11395      1.11132
      -7.26000      133.49100      134.01600        9.09743       85.55450       82.86940        374638.00      0.05778      0.68004
     131.41000       12.60920      -19.06170      -89.43570       -5.98080     -106.85200        981019.00      0.12675      0.93351
     -74.27440      -70.18920      -98.20170      -11.55040       15.97370       30.51720        873655.00      0.04261      0.59704
     -44.80240     -119.54800      -63.22080      -53.63930      -11.50420      -70.13740        155374.00      0.08341      0.55760
      -5.79160       61.36160     -127.99300       -7.45176       15.33790      -55.24830        267020.00      0.09478      0.78152
      48.42520     -111.86600      -61.62220      -40.35780       56.40940      -60.08960        594493.00      0.04679      0.93545
     -75.75800       85.21680      150.60600       56.12430      -27.89940       39.17450        162657.00      0.04169      0.23817
      33.82360       40.96920      189.68200       14.29920      -50.79250       -0.94906        453339.00      0.06690      0.87990
      36.46560       81.28320      168.65200      -63.73910      -61.91350       51.37520        751236.00      0.10136      1.15410
     -78.68360     -112.42500      -19.09310      -14.95270        3.95340      -21.95210        343801.00      0.09737      0.30941
     -21.88560      106.10200      -83.76470       71.07030        4.11005      115.57500        992694.00      0.10603      1.22491
     106.84000       71.68040       58.33360      -58.77180      -39.61160      -96.58410        817579.00      0.11558      1.53067
      49.22360        2.40000      165.67500       58.86200        9.24974      115.36700        236846.00      0.03357      0.24519
     -38.96200       68.85840     -106.73800       42.76580        8.85648      -97.51950        259614.00      0.05831      0.30850
      11.11160        3.14600      181.60800       33.48490      -69.30360      -77.60050        932478.00      0.07273      0.94453
      86.88840       45.42840      -74.96410       18.44860       39.60990      -77.66300        243059.00      0.06038      0.50813
     -65.21840      -65.10760      -93.82030       79.68480       19.93840        5.49849        519143.00      0.05647      0.69816
     116.58400      -40.41480       19.51270      127.68500      -20.81470       32.84860        601663.00      0.10382      0.53682
      56.58000      120.71200       61.89980       68.75610      111.34500      113.46800        582025.00      0.06059      0.33548
     -25.11640      -15.97680     -131.24800       43.45920       77.53940       68.13480        676783.00      0.05792      0.96017
     -92.49440      -10.99000      -84.14580       79.42280        7.98037       37.30710        501151.00      0.05376      0.70805
      27.56160      -32.05200      160.08300       47.12570       93.91400      108.89100        658882.00      0.09072      0.54344
      -9.29000      -49.69120     -124.04400      -48.15640      -44.94860      151.05900        792285.00      0.08860      0.93236
     -77.33080       86.91520      111.05200       22.17850      -68.14040      -34.51120        881919.00      0.08792      1.60264
      -8.01280      101.39600      -78.23310     -101.47000      -34.21810      -83.14350        189040.00      0.03819      0.14266
       7.71280      -76.62760     -106.26100      -81.12350       95.09190      -39.59990        553520.00      0.05852      0.53881
     -68.81040      106.24300      -27.22820        8.50490       -5.62457      -25.82480        629206.00      0.05176      0.20338
     -59.43440     -116.16200       23.33580      -41.05670      -19.32240       32.52190        186753.00      0.05423      0.29342
      29.58560      -71.68120      129.67000      -44.36420      -41.19130     -108.72600        872998.00      0.08820      0.96950
      42.30160      113.38200       89.84570       -6.11806      -54.50890       -2.39029        625632.00      0.11455      1.10318
     -26.98680      -93.25320      -85.49720      -34.27150       -1.16046     -116.23200        692837.00      0.10978      0.55310
     -29.72280     -122.67000       45.35310      -18.13700       89.31050      -67.88130        868143.00      0.07516      0.98174
     -70.10760       27.76480      -98.88000        2.60788       -1.38622      -29.66010        130743.00      0.04212      0.28629
      36.86880       85.88600      130.76000      -78.61420       60.72320       94.18240        437129.00      0.04127      0.53073
     -76.63320       -6.95200      139.87300       21.43020       87.96720      117.65700        727236.00      0.09094      0.73079
     -47.90880      121.08800       57.42560       51.59670     -112.07900      -13.21480        473093.00      0.05826      0.43103
     110.16200       40.96280        1.82911     -130.74100       16.12660       85.64540        980705.00      0.10770      0.96744
     -77.53680      -51.16560      -78.82030       99.79870      -29.91440       15.94140        678927.00      0.05942      0.94816
     -31.05800     -122.39800       19.19940       -2.23552       10.52440      -10.18410        213877.00      0.04668      0.23799
       1.93080     -123.03700       -7.73657      -13.48870      101.29600       51.68640        951718.00      0.06039      0.77709
      75.90320       16.18200      -85.27280      -84.11490       37.03360       81.50710        249083.00      0.05666      0.24270
      47.52800        4.38440     -111.53000      -18.42280      121.99900       41.37270        341736.00      0.04734      0.41168
     -40.57600      -32.08360     -113.26500       74.31000        2.78942     -128.74200        856594.00      0.09098      0.93878
      95.91480       63.60080       44.78110       24.32390      113.74500      -33.01910        727397.00      0.08333      0.56371
     -62.40320       32.95840      -95.64520       73.65600       -0.74196       23.38440        127484.00      0.03183      0.18043
      -7.75680       32.83760     -117.80100      -45.74810     -141.21600      -54.45260        978686.00      0.13062      1.17493
      46.58600       90.35280      -59.40350       -7.69978      -37.46300       -0.83666        702434.00      0.05578      0.58792
      89.61520      -25.19120       85.90770       21.31190       -1.29848       41.88780        412268.00      0.07541      0.51773
     -92.76040       -0.23360      105.02900      124.29500       28.13350      -73.18020        468887.00      0.03951      0.55725
     -76.76520      -91.52080        3.11114      -22.59340      -33.85600       54.61480        703294.00      0.11279      0.71514
     -52.02240      329.19600      726.89700      -81.60390        8.03521      -45.58680        766345.00      0.07492      1.58915
     -53.74280      112.69200       18.45150      -42.42440      -60.21540       63.72780        721536.00      0.09473      0.70541
      84.57840      -58.96320      -43.63640      -30.07150       28.67680      -33.90930        999177.00      0.08014      0.98890
      26.67760      -37.67280     -112.19900       23.92560      -54.25730     -204.72700        113438.00      0.07288      0.33676
      47.95880      -47.67720      117.95600       56.82960       95.08700       -4.58478        945795.00      0.08757      0.75707
      92.80600       68.80800       -7.24224       54.50570       38.46440      -33.72290        807090.00      0.05686      0.98563
      40.70680      -85.52880       82.27010        4.54894      -85.54030      116.59900        845997.00      0.10301      0.57615
      92.70800      -36.96040       59.03840      143.81700      -26.93070       53.00720        421014.00      0.05640      0.42426
     -29.97040       23.16640     -113.17300       23.07210      153.63300       84.04400        844210.00      0.04799      0.97373
     -31.65200      -10.85920      147.67500       -0.65015       -5.65059       41.17120        524806.00      0.03629      0.69798
     -25.83480      -43.47200      134.34500      -29.45340      -53.39260       52.43110        248459.00      0.02720      0.19762
      74.58600        8.93720      -79.08080      136.63500        8.67548      -61.05180        559805.00      0.06406      0.93974
     -25.37200       37.05520     -107.55700     -138.12200     -103.83500      -20.92290        665504.00      0.07333      0.71925
      23.14800     -107.57900       40.69420        6.76041      -11.68150       77.86700        926827.00      0.10340      0.74138
     -26.96440     -107.65300       47.42260       -5.89844      -10.01230      -39.81690        843335.00      0.06395      0.97709
    -106.33000       -8.92640       41.23680       98.63250      -33.53840      -14.15200        260359.00      0.02838      0.38937
       6.97080      -57.98680      121.52800       10.86500       41.04330      -14.94620        335198.00      0.05152      0.41205
    -373.56900      387.96900      743.62400      -69.99010       96.10420     -168.97400        856397.00      0.09737      1.22712
       5.02960      116.11100      -11.90590       12.13660       25.34140      -46.80410        273728.00      0.05722      0.48895
      73.36640       82.30520       24.40790      -30.35280       78.23780      -75.97870        168735.00      0.03344      0.40428
     -92.09960       54.43160       -3.45781      173.10600      -90.35440       82.90970        821181.00      0.11230      1.21544
      -5.77960      -89.56480      -68.58910      125.18300       70.81160      142.72600        239075.00      0.05728      0.29991
     -35.86960      -24.51520     -107.22200      -41.64360     -153.94500      -61.61430        625839.00      0.09644      0.70236
      -4.76080       17.00320      146.26200       97.41210       45.27910      171.70900        730632.00      0.07754      0.93051
      37.43440      104.96600      -12.99460       43.15640       72.36630     -115.76200        568757.00      0.04837      0.71657
      78.91000       70.14520       45.90580      -93.57820       48.99610       41.13660        208468.00      0.06429      0.30494
      45.16000      -16.51720      -98.20930       84.09790       70.37140      -56.70130        497658.00      0.03793      0.44872
      25.19680       41.44080      132.69500        5.90835       -9.11463      -24.63260        820383.00      0.10662      1.18268
      72.75440       27.32720       98.21600       72.46560      106.99200      -34.75580        918136.00      0.08802      0.95378
      39.98280       31.23560      -94.77610        6.83483       98.56610      -68.87000        665451.00      0.07877      0.57140
      27.60760       38.64520      130.85900       76.30750       83.65170      -43.84260        579996.00      0.04659      0.25955
      -6.57080     -101.19600       53.71260      -49.03930      -21.13680      -29.65360        896641.00      0.10046      0.75791
      22.55200       31.62160     -102.05300       87.70530     -129.36100      109.10200        848550.00      0.07659      0.58073
      15.46520       92.67920       88.68930       90.05620       26.89260      -19.43430        384187.00      0.08901      0.50812
      12.03680      -71.46640       97.54730      -11.11650      -26.76840      -24.97680        112515.00      0.05524      0.22512
     -49.02200      -95.43520        6.74757      -81.95470     -156.04800       -8.90514        437195.00      0.03640      0.41526
     -27.67440      -71.53320      -78.93550       11.29310       65.51320       23.03790        396213.00      0.05264      0.32014
      -3.59280      -99.52360      -37.27840     -134.97100      122.27500      -59.03080        909447.00      0.08070      0.75979
      45.77320       46.12880      111.55200       22.89350       22.22590      119.24900        204266.00      0.03611      0.14587
      84.39480       56.09000       -6.05024     -145.39300     -122.54500       22.57560        646390.00      0.12369      0.89916
      80.05800      -48.40760       -7.41778        7.84315        1.74255       37.50680        495326.00      0.03899      0.34424
     -43.95520       63.51280      -65.88290       77.63860       -4.31500      -39.64150        364813.00      0.04285      0.41266
      -1.70400      -63.69640      100.25800       53.79550       17.97930       99.74850        377968.00      0.04555      0.42440
     -18.93880      -89.12600      -50.18020       26.08310      -38.08600      169.96700        992298.00      0.13986      0.94054
      47.88480       20.90720      -85.85400      -34.88480      -39.82790      159.36000        422791.00      0.03399      0.41766
     -31.43880      -37.41640      113.18700      157.41900     -130.60200      -41.64910        142901.00      0.04213      0.17684
     -28.00360      -98.87360       -2.57768      -35.26710     -158.31800       17.07940        378994.00      0.07057      0.31920
      51.66920       42.54840      101.60300       39.66110      -58.76220      178.02900        983818.00      0.08307      0.58479
      42.07480       89.76600      -20.15250       34.28750       89.18330      -52.42670        298221.00      0.08460      0.39666
     -82.76760      -12.95320       68.77910       22.75550       21.56900       38.59290        894245.00      0.06549      0.61054
      -1.60000      105.70700       24.23240       19.91840      -46.52930      -23.87770        427824.00      0.03049      0.33562
     -22.57080       29.09480      123.69500      -46.29930      145.28700       90.46380        569374.00      0.07544      0.69770
      11.98240       78.79680      -59.53850       10.87010       98.80740     -107.39000        851137.00      0.09820      0.76330
     -30.17800      -87.34680      -39.25580      100.96000      -54.58330      129.57600        480509.00      0.04854      0.66595
      31.61120       35.82520      -87.72400        2.74507     -114.54100       29.52900        642299.00      0.04959      0.71261
     -51.23160       58.34600       89.51930       98.62580     -161.39200       -4.56619        687131.00      0.12223      0.91069
      65.97520       43.25080       73.81500       -9.49677       25.97290        1.67799        882663.00      0.04766      0.80419
     -24.55320       97.86920       -1.56192        9.79969      -63.83910      -15.13040        566813.00      0.05523      0.73999
      38.13480       69.09520       84.63260       20.15360       33.79980      178.38700        310116.00      0.06898      0.31862
      20.43760        8.17440      122.06500      -27.32250      106.37100     -121.77400        981606.00      0.08150      0.97536
     -52.22120      -38.31760      -74.05170      -45.28970      -13.18170      -87.10800        112840.00      0.06675      0.28157
     -28.04200      -79.90080      -50.33580       28.82200       19.54160      127.83200        360983.00      0.03517      0.25270
      69.21320       41.59920       62.01350      -91.83290      -89.71800     -113.17300        553175.00      0.07212      0.70490
     -42.71800       -5.24880      110.73500       15.93180     -123.73700       31.02340        528656.00      0.04976      0.33214
     -52.73720      -38.28560      -71.37950      -83.32630     -129.12500      -85.00460        920909.00      0.07993      0.74422
     -85.59920       27.21280       15.21170       34.96140       -4.51681       -8.47927        851298.00      0.09076      0.96949
     -35.62880       65.91480      -56.18030       28.59980      -69.04870       80.54210        160604.00      0.03329      0.18443
      24.69080       50.39160      105.14800       23.92820       46.27900      -51.21240        244174.00      0.04175      0.31639
      10.26920      -81.97360       58.09840      -44.22800      -84.95560       77.27110        666745.00      0.06873      0.73055
     -10.33360       80.37560      -47.40860       12.78120      111.31100      -15.54010        294427.00      0.04197      0.64070
      38.88920       53.92000       91.48420        9.82004      -28.19170       49.53450        170752.00      0.04095      0.14431
      14.78800      -79.25080      -46.74130      -10.35290       -6.54269      -99.24860        250697.00      0.03933      0.19653
     -25.97480       24.57400      113.87300       85.86260      157.51600       99.34030        915860.00      0.07920      0.58172
     -20.52320       31.91480      -87.55450     -112.13200      -17.22980     -105.66500        109317.00      0.04593      0.22516
      -2.93120      -61.68520       86.24770       -2.29138     -109.07100       -2.70638        709542.00      0.05996      0.45021
      23.45480       80.16480      -40.50010       35.04900      211.00000     -108.97000        566201.00      0.07474      0.43188
    -259.77700      106.95700      794.11600     -119.63000      -69.56360      -63.60580        793495.00      0.12690      0.92066
      32.51720       89.58520       12.16930      -49.02500       19.04790     -108.16100        627318.00      0.04579      0.43856
     -33.06880      -41.84520      -80.17770      -65.18150      -47.25830     -209.17300        138807.00      0.03489      0.28578
     -26.32360      -52.16440      -76.89520      -36.86060      -60.16770       76.12170        241511.00      0.04092      0.31580
       0.13040       87.16080       60.03600       89.15130      176.20000      -26.56870        757433.00      0.06544      0.44362
      52.09200      -67.93600        3.55824        0.17673      -55.53710       47.46460        442059.00      0.07677      0.53004
      55.12000       46.38320       73.05300      104.63000       91.72960      136.55400        959740.00      0.07100      0.79715
     -16.57880      -60.86120      -72.52660      -39.35260       39.26010     -145.61700        451548.00      0.03217      0.56255
      42.36560       80.62560       32.33740      -19.75350       52.50300      -99.96210        567106.00      0.04602      0.33869
     -79.01280       21.67800      -15.98400     -179.77800       76.11070      -53.51760        889009.00      0.07657      0.56622
      12.41520      -19.46360      -94.03540       12.09880      -66.38760     -136.67800        413718.00      0.04877      0.54111
      56.53160       57.51000      -32.41070     -105.77100      -80.43580       55.72380        264929.00      0.07148      0.23858
     -24.15200      -74.23800      -49.92470      -43.79610      -22.33480      -43.80440        118858.00      0.04646      0.14374
      20.11600      -48.19280      -77.71590        4.99598        8.33648      -32.83840        361426.00      0.03548      0.25361
      -7.64360       67.54080      -58.95480     -184.36500      128.74800       78.39340        651682.00      0.04622      0.72609
     -34.50120      -69.41280      -47.43900      150.85900       93.56860      113.69200        198350.00      0.04959      0.24007
      60.29400       39.38480       64.39940      139.20700       90.34990      127.73600        649715.00      0.05600      0.45307
     -47.54640       10.49000       96.59960       52.86220       94.99320       56.60800        745497.00      0.09355      0.71716
     -23.84240       -2.89680      -90.30820      -71.51850       13.61820     -163.95400        102988.00      0.03758      0.22508
      -4.39160      -87.94400      -13.28800       -6.11579       43.84700        1.90015        398929.00      0.06286      0.52599
      34.24120      -73.57960       33.34750      -40.50360       71.71080      107.41000        251004.00      0.03299      0.31855
      58.30760      -43.46920      -36.24120      -34.31910      128.17600      206.38200        419152.00      0.11668      0.81208
    -214.79100      359.66500      643.71400     -108.63600      117.63100     -148.52600        274272.00      0.05662      0.19052
     -10.55840       88.65880       35.56570       23.56990      173.98900      -86.84740        821107.00      0.09305      0.73458
      40.60000      -68.41320      -22.42750        2.58097      272.41900      -51.51370        757590.00      0.07765      1.19402
      -8.57920      -70.53160      -54.18620      -78.25690       43.32430     -183.80900        762371.00      0.06049      0.73959
     -54.85000      -57.02560       39.74540      -24.84850       53.12410      -38.86420        271992.00      0.03539      0.14619
      21.94920       49.46400       91.75990        9.59132     -131.76300      -24.84800        247110.00      0.04176      0.31897
     -52.64360      -65.59720       16.95380       44.92900       48.93260       40.58480        733228.00      0.04334      0.76220
       7.37560       -9.74200      105.73100       59.25150      -72.93870      -55.28730        222337.00      0.04729      0.39749
     -16.36440       86.09120        9.07514       -7.29904       71.41460      -39.42650        251618.00      0.03585      0.30996
      15.89960       15.77080      -85.83350      -72.58180       11.76410       17.58370        678930.00      0.07246      0.44974
      33.42000       78.75720       24.39120       -4.67546      152.74400      -97.64780        808047.00      0.04140      0.75494
     -21.92000       -9.16280      -86.14910       71.33470      -91.55020     -110.43500        175251.00      0.04217      0.18558
      73.52840        5.78840       25.89770       54.23260       37.07800      123.94700        329389.00      0.03419      0.15044
     -14.43000      -76.08520      -35.24490      -13.97520       15.68510      113.44700        186679.00      0.03671      0.38386
       1.07400      -46.55760      -76.01410      127.29700      135.86900       83.98560        883996.00      0.06427      0.77286
      50.81520      -57.34560       16.71360       31.72870      -87.14250       93.65110        337175.00      0.03012      0.32990
     -24.10600      -80.39000       -3.47501      -15.54760      -34.38270      -65.37120        296023.00      0.03356      0.31705
     -33.62200       76.03440       21.12690      -41.51160      -15.40360       96.08270        508484.00      0.03739      0.33593
      -0.77440       83.56320       36.74490       -3.63571       28.16170      -14.11610        294419.00      0.03936      0.15004
      33.64800      -66.76200       33.70120      -48.63060      209.04800     -161.79000        961145.00      0.05550      0.59370
     -21.81160       39.51760      -69.40130       19.77860      213.01900      -72.13020        720376.00      0.07518      0.71576
      17.78520       82.77320        3.49776       40.42290      -42.02270     -120.11500        652892.00      0.05983      0.56286
     -18.37160       80.17360       -6.49837      -48.02200       30.88360       58.03750        373904.00      0.05687      0.42549
      13.73080       -6.64400       99.66100      116.22900       29.44690      105.04600        459060.00      0.05575      0.42829
     -52.94200      -55.34000      -18.89300       57.51990       56.11080       60.16900        134405.00      0.03337      0.18577
     -24.83560       49.74520      -58.09810      -90.79590      -49.66200       26.76260        616163.00      0.04422      0.70926
       1.64120       25.58640      100.38200      -19.07600     -129.45900     -170.09700        411352.00      0.05961      0.40896
     -55.80000      -53.44560      -12.11590       69.76710       19.50070       39.06020        910951.00      0.04765      0.36113
     -44.67360       65.55240        5.82451       38.22450      -71.26780       36.57650        536870.00      0.05521      0.54727
     -51.22200       43.07840       56.11050       41.80420      -25.45850       57.46900        708076.00      0.04647      0.45492
      17.27280       63.86840      -45.06540       13.40640     -115.08300      120.71600        654499.00      0.04973      0.57815
       7.97080       12.96240      100.02800      -16.59530      181.54700       81.18580        980951.00      0.07017      0.60913
       1.60400       18.18880      -82.16750      140.96000      -50.41180      129.74200        584239.00      0.08118      0.67475
       0.21600       59.42280      -53.26120       48.45360      -88.20860       -8.87667        747693.00      0.06431      0.45318
     -19.60640      -30.73720      -76.50310      -36.25710     -189.96900      -92.93060        146819.00      0.03315      0.30203
      16.52520       73.92720      -23.43370       45.56320       20.96630       43.88470        123641.00      0.04005      0.14103
      39.24680      -44.97680       54.73820      -44.47280      -54.37750       18.48930        773603.00      0.04680      0.60338
     -23.50600       -9.70800      -80.00840      -58.65350     -110.28200      169.89900        369625.00      0.08831      0.50366
     -32.33840       70.01320       -4.74947      -63.45010       56.42320      100.01200        892782.00      0.05543      0.45954
       2.84560       39.01640       90.32890       33.92180       -2.36859       65.47610        108815.00      0.05939      0.18007
      43.85320      -48.22480       40.07810      -62.81990       76.42480     -153.83000        261371.00      0.05733      0.24247
     -54.16320       50.45360        3.26499     -142.64700      131.82800      -28.83680        799571.00      0.08346      0.44984
     -39.96000       31.91800       75.61650       35.07020       -7.95161       22.56490        129956.00      0.03581      0.29650
     -55.97760        9.70320      -44.90300       34.94950      -54.67870      -38.35980        258058.00      0.03077      0.32268
     -18.67040        4.54240       94.46730      101.74700       22.89130       -5.02517        284510.00      0.03107      0.32279
      24.77160      -38.11120       72.41750      -46.24070       29.63570     -110.55300        275676.00      0.04868      0.31328
      32.34200       64.93200       43.58100       32.65860     -121.82500       57.34760        525757.00      0.03634      0.56265
     -29.09640       -2.37720      -74.41210      -77.89050       57.27710     -147.32700        588595.00      0.04825      0.45237
      44.39520       51.06600      -27.44390      -78.14960      -41.74460     -217.84100        699697.00      0.05020      0.73694
     -45.66520       53.33240      -12.11250       35.83950       69.23240       16.71310        187288.00      0.03324      0.31091
      46.21760       19.97720       67.43140       76.01750      -32.11670     -115.19600        622448.00      0.05930      0.72363
     -24.30880       44.54880      -54.63170      -37.99870      -49.92030     -109.12300        298463.00      0.04468      0.40987
      15.67480       74.22960       -8.48686      -59.54490      -50.68310     -134.75500        743540.00      0.08703      0.56002
     -19.59960       21.63080      -71.57380      -20.27420      -46.04180     -100.39600        110096.00      0.03868      0.11058
      -1.86680       77.24880       14.12220      -21.74110        5.82221      -33.61160        148354.00      0.03416      0.14399
      34.64840       30.18240      -58.01470      -68.65970     -121.76600      258.87100        259790.00      0.03343      0.18851
       2.30440       57.80240       67.52090       11.15720      -10.61440       62.94670        103053.00      0.03436      0.17839
       0.24840      -43.06120       73.14100       75.64310      -56.24540      -79.35320        380159.00      0.04789      0.32050
     -36.59760      -61.05320       25.45570     -100.29500     -216.31900       12.70020        743014.00      0.12610      0.68773
      11.42080      -51.92080      -55.36020      -44.11520      -29.58780      212.02800        469284.00      0.05918      0.52754
     -42.55000       11.41440       72.64570       40.30480       23.55490      113.01900        850896.00      0.04557      0.60521
      20.23960      -63.75240      -28.07460      149.44400       43.55320      180.98000        804609.00      0.07954      0.90834
     -15.42840        8.14880       90.24150       50.71120      277.38600       74.60720        503253.00      0.06176      0.53583
       0.83120      -73.61520       14.19250       60.42770      140.85500      180.15200        967941.00      0.09220      0.59447
      -1.59200      -66.29240       39.93390       67.56410      134.38400      100.66600        436073.00      0.06544      0.25289
     -12.60040       56.82760      -42.75330      -12.32370      -17.27110        3.05018        292024.00      0.03496      0.33261
      -5.85080      -53.21320       60.29430       98.57230      243.96700      -30.58280        837006.00      0.04626      0.74120
      12.92480      -28.74520       78.60960      -21.24200      -31.31610       35.40440        659905.00      0.04607      0.20580
      25.89680       43.70840      -51.56100      -31.25480      -12.78920      114.62000        329353.00      0.05377      0.32299
      -3.24040      -73.34720       -0.70100       75.92140       47.90600      -69.93090        408680.00      0.05292      0.33283
      19.47120       71.00440       -3.29944      -21.58600       88.03980       93.81800        132383.00      0.03997      0.29423
      40.85920       28.61240       64.86900       -2.48477       64.82360       17.01440        367651.00      0.04189      0.42343
      23.63400      -44.68520      -53.16750     -132.38500      -54.41850       63.87310        137685.00      0.03162      0.11152
      59.29880       28.25560       -8.90590       11.20870      -76.78220      -53.75240        166831.00      0.02870      0.14490
      15.27600      -50.20760       57.82300       -4.69586      182.99400     -102.77900        707558.00      0.06065      0.43380
      17.11920      -38.90160      -62.25240      -27.30780      -69.29280     -181.86800        901972.00      0.06084      0.60026
     -25.34160        1.03120      -70.96770      -89.01940       36.94610     -225.58800        635089.00      0.09706      0.67320
     -56.31040       31.95920       19.31500      -80.98680       82.82550      -60.83690        279479.00      0.03620      0.31311
      30.84480       -7.12880      -66.06300        6.57651      -54.67980       76.31470        439178.00      0.04318      0.15376
     -36.37040       53.52160      -17.29080       91.20730      -50.61760       20.50960        128669.00      0.03280      0.18619
      48.09880       47.52640        0.10489     -177.28300     -111.03800        1.01688        294306.00      0.03922      0.14866
      12.64240       -5.57440       85.24080      100.19200      -61.85020       -8.70357        537232.00      0.04037      0.34206
     -15.62560       -4.89040      -74.67000       88.97950       27.51280       85.61570        623407.00      0.07551      0.43879
      16.66520       68.37520       28.58180       18.29500      -99.68960       18.77000        645778.00      0.05705      0.57708
     -15.91320      -39.72400      -61.86360       13.48710       76.80370      110.72200        686869.00      0.04124      0.46769
     -10.69320      -41.90440       66.56090      -11.32250       73.84800     -160.33900        349741.00      0.03499      0.25293
       8.75080       63.55920       47.19160       53.01820      112.10000      -32.05920        153030.00      0.02614      0.18658
      11.78640       54.74080      -42.12440      -52.56270       79.02450     -209.64800        740162.00      0.06246      0.92173
     -18.01920       -8.85680      -72.05380      -74.90670        1.13141       38.24900        712320.00      0.04748      0.60674
      47.13240       -3.13280       53.88770       49.89040       11.21170      -62.66280        735162.00      0.06380      0.44957
      41.14880       17.47000      -49.57330       -7.12258     -144.20000       -3.79182        344748.00      0.04437      0.41094
       5.94040       28.40160       81.28140      -57.37350      283.91300       31.42760        141856.00      0.07575      0.28551
      -2.39040      -30.62440       74.00850       -7.05686       14.83440     -138.15900        121489.00      0.03316      0.10998
      -0.39000       -0.72400       84.86980      -61.32500      -37.78140     -241.08800        852474.00      0.06762      0.73643
     -48.36200      -36.23360       30.25800     -109.40300      -48.40000       96.16440        203964.00      0.03340      0.18638
      34.29320       56.57920       -6.74399       -4.74923      -30.71920     -187.14600        466192.00      0.04325      0.69089
     -41.36040      -50.56240       -9.94440      -60.98350      -48.22650        2.25298        759928.00      0.06866      0.59531
      -4.50960       52.59320       59.98750      -78.74260      -50.86530      -52.30530        403820.00      0.03668      0.25472
      22.60920       61.55920      -13.43030      -66.42730     -118.98700       52.83690        296189.00      0.04263      0.39856
      56.58000       17.84600       14.48120     -159.64500      -21.04430      -43.31700        510056.00      0.03331      0.26973
     -30.29680      -48.44160      -37.53850      120.15000      142.54700      158.70200        777023.00      0.09384      0.43853
      19.35480       50.43880       56.96370       31.76520     -195.99200      139.86800        139595.00      0.03308      0.23288
      -8.89320       48.40960      -44.74670       29.47540      -11.60470       74.86730        470477.00      0.03485      0.26661
      12.21880       18.27160       80.35260      -19.12440      -62.95480      -53.83450        109537.00      0.04062      0.14108
      21.45160      -17.48520       71.92350       -8.57141       59.92390      -23.84810        555321.00      0.05255      0.55706
     -54.80160      -25.34240       21.30000     -167.39800      -90.54140      105.02500        439991.00      0.04754      0.51016
      28.60840      -44.93880      -36.85030      -92.53310       84.15860       74.09010        127539.00      0.03302      0.23636
       1.85000      -49.31280       52.57300      -71.15330       -4.66052      -63.33260        544776.00      0.04081      0.20378
      41.54160       48.86280        9.00479        5.40834      232.37600       49.10930        599898.00      0.04106      0.34235
      23.07600       -1.82400      -65.60650       94.45650       86.81680      -94.50490        267806.00      0.03781      0.24745
      -8.31400       52.89840      -37.33860      -70.31970       44.91520      156.84400        444651.00      0.07652      0.42195
      24.32880       -4.65160      -64.93340      118.10200       57.03460     -214.40400        155882.00      0.11623      0.35130
     -15.35120       23.62000      -61.56490      -73.91170     -157.61100       26.05280        110390.00      0.03898      0.22791
      -9.50640       -0.08640      -70.90220      246.32900       57.97860      144.80000        822641.00      0.08280      0.56801
    -228.95500      151.95400      711.08200     -135.08600       92.28440     -119.17900        695111.00      0.06907      0.73952
     -18.33040      -25.81680       69.53070      -63.54430      135.01600       64.19000        532916.00      0.05719      0.55224
      22.99160       33.12160       68.15860     -118.58000     -111.35800     -188.25600        566231.00      0.06699      0.43544
     -45.20080      -43.25640        6.70999      135.66900      124.41000       14.54930        147253.00      0.03302      0.23141
      14.96120       63.02040      -10.57740      -47.03500     -248.13100       52.02250        269649.00      0.09233      0.38211
     -11.10800      -25.73560      -65.87800       -8.68843       17.01650      -66.98060        545612.00      0.04817      0.34364
      27.66400        3.02600       70.75390        7.81065       91.54470      -50.43340        356859.00      0.03505      0.25200
      10.32280       17.87760       77.94770       64.93330       -6.30531      185.97600        438960.00      0.04005      0.44782
      10.46120       34.61800       70.93350       -4.88740      -54.89620      -31.54940        899327.00      0.06030      0.61819
      26.47000       16.66080       69.90640       17.89350     -252.57800       92.89670        776537.00      0.08193      0.34088
     -27.74720      -39.44880       49.33180       55.89150      151.50900       -3.71895        630024.00      0.06289      0.43656
       0.40080      -21.63320      -66.89440      -22.65760     -115.61800      120.18300        914697.00      0.07398      0.45595
     -27.30480       50.03200      -18.31840      -77.39330       15.69890      -50.01960        118067.00      0.03711      0.11103
      -9.09800      -15.45440      -67.48760      -83.39940      -53.96040     -209.09200        111681.00      0.06631      0.27425
     -29.36640      -11.69760      -57.50010     -197.19500     -130.78200      -45.09610        571547.00      0.11246      0.52967
      48.53880       -0.02520       35.29590     -150.80900      127.72400       53.57520        401030.00      0.03648      0.54659
     -27.35160      -56.25760        7.28766      274.43900      147.17500      -20.67320        885088.00      0.08166      0.72429
      32.82240       43.82640       39.17120      -39.96140      -70.65920      -21.05740        685380.00      0.10591      0.54848
      43.54680       15.07760      -34.46930     -154.99300     -118.79900       15.62760        740019.00      0.07750      0.57273
      -1.49800       38.11680      -49.78420      -15.17230     -156.02100      135.22300        660353.00      0.12169      0.54570
      36.81600       32.79680      -31.64090       75.52160       86.83300       31.49940        351989.00      0.03043      0.33207
       2.84360       62.51920       15.07690      -15.04280      -79.60590       -6.71495        224772.00      0.03341      0.50616
     -23.86160      -52.95600       25.83490       -8.56903       19.43850     -131.43000        721385.00      0.07011      0.44855
      18.58440       48.80360      -30.75210      -81.92480     -103.71000       89.41000        256655.00      0.03108      0.19144
       4.30000       50.52600       51.03460       80.22440     -108.19400       84.34390        837669.00      0.07202      0.76272
       1.82920       43.08560      -43.70300      -18.45240      -58.91800      -80.59520        727870.00      0.04464      0.60505
     -26.08040      -50.16320      -23.82790       29.82190      118.78200       26.27320        252238.00      0.03410      0.19829
      30.57320       23.82560       58.81820       88.93530     -226.33400     -181.23300        968952.00      0.11655      0.91782
      19.13280      -49.80440      -27.15070       -5.30364       65.35070      111.70700        227998.00      0.03195      0.31922
     -31.52960      -42.93280      -29.65450     -251.61100     -127.62000      -13.49090        519819.00      0.11264      0.41399
      43.99920      -26.81640      -12.26620      180.56000     -164.08000     -124.91700        417844.00      0.03746      0.42365
      29.64560      -25.67680       48.54570       36.12920      -91.10950     -106.24500        243357.00      0.04676      0.40927
     -40.70160      -36.02760       23.07060      210.37600      160.96500      -11.50850        343455.00      0.09116      0.40045
       3.94280       37.40080      -47.84980       48.53090       67.35090      186.79700        488392.00      0.03740      0.43624
      34.05760      -42.49760        5.54205      -38.62750      -41.37450       15.94390        374683.00      0.03414      0.33950
      -2.18720       39.65320      -45.32640      -29.11710      -34.77000        2.62222        247775.00      0.04719      0.19070
      -6.91400      -57.51680      -18.43940      -44.31080     -253.87100      106.08000        675381.00      0.07942      0.42959
      13.80200       52.92440      -22.37370      -64.40880      -23.52400      -73.29400        353642.00      0.04241      0.32511
      17.90240       54.45840      -13.61340     -114.78300      -42.67680      -64.42900        249966.00      0.03394      0.39965
      10.65960      -44.88600      -40.69610      227.78000      -51.32350       71.00100        227781.00      0.03681      0.14785
      10.46400       59.24880        2.67060      -39.49100       52.65800      -19.29880        348204.00      0.04116      0.42862
      -9.79920      -58.47320        9.36468       77.16760      -76.37300      244.03900        459280.00      0.04310      0.25384
       0.99240       14.10720      -61.40790      -84.54700     -193.08900      -59.53110        617851.00      0.04560      0.44647
     -35.89880      -26.01440      -37.40630     -148.71700      -99.51570      102.77500        425795.00      0.03822      0.25542
       7.28360      -47.72760       38.51820      -51.25180       96.59030     -169.27500        346971.00      0.04592      0.32421
      27.21640       44.87400      -22.01230      -40.46390        1.93360       32.90950        562750.00      0.04699      0.34394
     -40.49640        5.03080       46.48190       -7.54280       59.78660      134.90800        697743.00      0.03714      0.35022
     -35.53480      -41.87880      -13.70250       98.48610      164.09600       86.81550        294154.00      0.03999      0.42856
    -162.54500      207.06600      777.38800      -62.30510      -81.94210       51.33130        680908.00      0.06884      0.56740
     -11.98040      -12.08640       67.43610       81.67560      149.49800       26.79420        144016.00      0.03351      0.18817
      -3.06440       30.17320       65.29890      140.69100       62.71250      108.96900        497002.00      0.05009      0.33435
      26.55960      -45.94800      -13.02880       53.06790     -252.20000       33.17010        696974.00      0.09779      0.70659
      -4.01240       39.55880      -41.94800     -149.75900     -163.52800     -175.83800        214968.00      0.03341      0.24093
      30.74520      -40.07880       19.71700      109.97700      -84.35680        7.58026        240121.00      0.04527      0.38883
      33.42240        4.92040       52.94660     -122.22000       47.41390     -237.30500        276936.00      0.04063      0.39424
      33.12080       35.23440       38.47150       19.08980      -27.67750       89.86830        751474.00      0.05581      0.34709
    -284.69500      182.87200      792.36200     -165.15500     -138.61500     -102.18600        532091.00      0.03450      0.26851
     -18.46120        8.75800      -56.07740      -54.57110       72.55770     -121.93400        223758.00      0.03370      0.19136
     -13.97200       25.11080       62.88800      103.48300       42.86220       43.45950        632797.00      0.05965      0.34872
      29.88280       18.51880       53.95090       94.32750     -228.67300     -191.56400        624653.00      0.10949      0.67514
      -5.58920      -18.84480      -59.82180     -146.15100      -95.94560       37.17440        211103.00      0.03737      0.18885
     -24.56160       27.11440      -40.35830      127.44400     -173.48800     -173.38800        610813.00      0.04376      0.43625
      13.44960      -37.92240      -42.72660      -95.77610      113.61400      174.15600        547954.00      0.05292      0.43875
      -9.52760       46.60080       41.54080       -1.24942      -53.64090     -136.79200        398429.00      0.03408      0.33742
     -11.32960       31.96360      -44.23190       19.62310      -72.29340       14.33030        115458.00      0.03314      0.14132
      15.02680       39.15360      -36.58770     -144.18000      -51.63480      168.04900        303537.00      0.04391      0.30968
      -3.98240       55.35160       20.21740       28.12210      -99.52620       13.85660        698338.00      0.07734      0.56615
      -1.66120      -54.54560       16.93040      -41.25780      265.61900       -1.43561        180870.00      0.04089      0.18669
      -8.35320        8.37520      -58.83610     -118.37000       44.99550      -28.94440        615500.00      0.04785      0.45568
      36.15560       24.22240      -28.29430     -177.89400      -87.85800       -5.11113        931087.00      0.06385      0.35718
     -47.62840        5.74800        3.31398      121.01100       94.25810      163.46800        377746.00      0.03356      0.54339
     -25.82120      -46.14720      -14.88080      -57.53840       27.37880      -69.20090        948747.00      0.08197      0.58878
     -33.39080      -41.01440       -8.12990      -34.35540      -50.08710      262.43000        731047.00      0.09492      0.43180
      44.06120       20.78160       -4.43440       13.51030      -18.94600       41.72950        929192.00      0.04704      0.47934
       3.59800      -12.19400      -60.12460      114.66400      123.30800       52.69830        667367.00      0.04871      0.34616
     -30.64000       39.58680       -5.85125     -133.47100       47.89610      221.71600        737534.00      0.06778      0.56021
     -10.13400      -52.54560      -15.75810      -81.90720      -48.96500      218.27300        717806.00      0.06430      0.56656
     -26.91680       42.31240       19.87740      -71.95200       35.58430       61.94230        373230.00      0.05257      0.33529
     -17.14600       49.54400       16.42050       97.16350     -172.49400      -16.97170        362055.00      0.04748      0.41383
      45.50320       -4.55200       -4.99010       58.07820     -137.18100     -138.14000        179494.00      0.03292      0.37654
     -32.92960      -18.06400      -38.02830      -79.57820      -47.25440       11.79690        136158.00      0.02719      0.14642
      34.56960       -9.23840       40.99650      -64.07970      -13.23930      -52.36310        101602.00      0.03318      0.11008
     -15.77600      -50.81680      -12.24260       28.37460      205.39800       88.78220        961543.00      0.09359      0.58306
     -26.11880       -4.99200       55.32230      151.74900       39.46460       -5.91870        325335.00      0.05193      0.32584
      37.85880       33.05920        7.73882      -79.14680      -68.03690      -35.88830        271565.00      0.03338      0.24032
      11.30560      -16.60680      -56.17450       14.13610      -56.40710      -99.20640        431968.00      0.09738      0.39720
      28.61000       43.37280       -2.84104      -94.86310     -102.12300     -217.19200        758578.00      0.05381      0.57359
     -18.44480      -39.17520      -36.03630      -80.48860     -256.68100      -14.05250        535033.00      0.06340      0.32873
       8.57560       20.60480       62.40700      -34.17430      -24.50780      -10.07120        534441.00      0.04646      0.53382
     -32.64360      -24.44000      -32.35200     -115.71700      133.53400       65.56970        212710.00      0.04330      0.38488
       8.88680      -25.57160       51.75560       68.56030     -179.87100      147.46900        388044.00      0.04389      0.19664
      22.41440       44.42920       23.78470       -9.88096      183.98900     -124.79900        395564.00      0.05675      0.32004
      20.91600       13.25560      -47.38200     -113.87100     -131.96600      -71.39210        352478.00      0.04734      0.19382
      23.78960       14.45000      -44.03580     -296.90300       34.14260       99.00370        580568.00      0.04778      0.54887
      16.76680      -18.39560       52.03110      -60.25520       13.87200        7.26856        990106.00      0.07131      0.47637
      18.43760       47.98640        1.56349       36.68810       15.08710      166.94700        986899.00      0.06418      0.46705
      -3.17160      -19.47800      -54.54030       37.79770      -51.10100       53.64650        872846.00      0.08386      0.45567
     -27.98000      -24.11080      -36.43750     -165.58900     -138.89100      -66.40600        650838.00      0.05481      0.34140
      -8.23600      -30.29680       47.18720      -20.21010       91.73730       43.71960        109463.00      0.03347      0.11029
      42.24160       13.76040       -6.35721       27.98590       88.18580     -162.70900        696678.00      0.04630      0.26906
      42.06040       13.99520       -6.18075      112.50100      136.30000       76.22360        485423.00      0.04834      0.20139
     -23.18760      -14.15960       49.13600       20.21970      -68.63690      -15.56940        262051.00      0.03348      0.19146
      14.22760      -28.28320       43.36830      -57.15300     -106.24000      140.46500        119591.00      0.03321      0.18315
      17.36000       45.45400       -7.99312       52.53130      128.63200       55.28040        132461.00      0.02944      0.18001
      -2.77600      -33.22840      -43.86630     -150.53600      -25.80000      149.29200        237409.00      0.05776      0.23816
      32.01520      -24.13160      -22.35720       64.68250      176.04400      -12.14490        248641.00      0.03466      0.18955
       4.56880       49.42320       17.52440      172.87200       97.60610      -98.22240        415139.00      0.04429      0.25603
     -18.38560      -13.18200      -48.77810      -20.99940      -84.03430      -27.38920        170578.00      0.03130      0.18692
      22.88520      -30.81280      -30.84370        5.04547       83.56500      271.89100        972042.00      0.08142      0.45109
      -2.73560       38.35440      -29.81340      -36.58610      -56.39420      107.78200        240118.00      0.03162      0.14919
       9.08480      -42.97480       23.79770       17.60700      -28.79260      -56.25010        314177.00      0.02967      0.25699
     -13.19400      -47.28000       -8.22641       26.32250      -59.79470      281.86000        514161.00      0.05636      0.41233
      20.34320       -0.92680       52.57350       47.95010      264.94300       -5.78437        921685.00      0.04339      0.46418
       9.28400      -43.19400      -20.94200     -143.87400      125.12900       41.69800        790663.00      0.06793      0.45729
      -4.42880      -22.49040      -49.96960     -139.20700      -76.69030     -223.40200        449169.00      0.05862      0.25111
       3.54920       21.58920      -45.91890     -127.34700     -158.87000      -32.88360        610531.00      0.05597      0.44380
      33.29880      -24.75480      -10.94440      -56.79010      -11.74840     -162.90400        868676.00      0.04488      0.47204
     -28.74000      -36.65800       -4.59974      161.63600      180.67700       54.94820        577267.00      0.06756      0.43599
     -13.10320      -25.40320       46.29820      -80.25840      -14.26830       80.09200        491236.00      0.05576      0.33297
      17.24120      -18.45120       46.43470       25.19330     -138.09200      183.24800        540695.00      0.04418      0.33781
      -5.98280        0.82400       58.90620      -89.68980       12.06920     -278.28500        502489.00      0.08871      0.41294
     -26.66400      -35.43480       15.02780      101.66100      154.73000       79.15270        637747.00      0.04971      0.27110
     -25.65280      -10.35960       43.69250      -16.36960       -1.22928       80.25230        292163.00      0.03713      0.19179
     -32.42280      -29.39960       -6.87217     -155.80800     -112.27100       51.99590        264993.00      0.04248      0.14886
     -35.31160      -12.65000      -21.88590       32.29140      158.72200      217.86700        957278.00      0.08023      0.45592
     -15.14040      -43.42560       13.14580      -95.10590      -67.48840     -183.96300        857526.00      0.07747      0.44546
     -22.10360      -34.82840      -23.00210       27.65110       -1.20951     -102.10100        209961.00      0.03371      0.14748
      35.88840       17.22520       17.17340      105.40800       83.00470     -186.32400        103345.00      0.03276      0.17577
     -24.00040      -23.91160      -33.27480      -53.39900       88.14260      139.26700        216885.00      0.04831      0.31061
     -24.36200       25.35600      -23.67600      -85.93410       38.23400      154.29700        418949.00      0.04026      0.33917
      -7.80600      -17.80000       49.81560      -51.98470       36.32020      117.30700        166261.00      0.03585      0.14561
      -1.91080       38.67480       35.38420       23.64650     -106.37900     -206.79800        204263.00      0.03200      0.24543
     -26.11720       27.17200      -16.21230      -48.59930      171.92200      -32.29770        198324.00      0.03372      0.14762
       4.34480      -44.76920        8.40592       45.03090      131.22200      255.32600        939188.00      0.09679      0.57141
     -10.13640       32.01560      -29.30370      135.64700     -167.70100      194.71200        590046.00      0.06785      0.54816
      19.25280      -33.63240      -21.03840      -34.91200       73.67540      107.91000        250184.00      0.05781      0.31035
      19.07920       31.17800       36.51850      -30.74650      137.77700     -251.59500        439170.00      0.04661      0.25365
     -12.69640       29.98600      -29.63780       62.51600      158.47000       91.84490        212684.00      0.04348      0.18560
     -16.86600       17.97040       47.53580      -90.22800     -172.05100      219.49300        733703.00      0.04705      0.34649
       3.65120       40.63240      -17.16380       -7.06645      102.11000       40.82170        129531.00      0.04190      0.18057
     -15.54920      -25.05840       39.28570        6.78095       27.16330     -186.58000        163884.00      0.03305      0.23197
     -26.37720      -33.90040        6.00606      178.92200      108.12400      -63.72760        288129.00      0.03405      0.25755
      20.92560        8.29800       46.74750       73.80520       99.71070      -64.75880        247852.00      0.04193      0.14856
     -14.16400       32.74680       34.63040      -34.52570       99.91830       63.20190        594933.00      0.05512      0.34711
      -7.93440       42.29560       -3.39061       16.41910     -169.45400      -83.01080        142167.00      0.03913      0.17759
      -1.46240        8.53600       54.95760       44.41130       63.64720      -33.32110        527585.00      0.04812      0.33136
     -10.74320       41.15760       -3.89876      -53.92760        6.67605     -221.45200        620811.00      0.05510      0.43260
       2.98400       37.29440       34.88350      -50.08990       64.47800       70.31370        498705.00      0.04752      0.25956
     -25.47800      -33.91600        1.29282       50.09960       50.07740       75.19980        129009.00      0.03062      0.18269
      29.52280       26.76440       15.46880       49.47280      -84.56590      -64.09080        452011.00      0.03092      0.33796
     -12.54800       -0.21360       51.12100      106.64400      -36.53840       92.04840        402881.00      0.04512      0.25544
     -11.81920        9.94480      -43.32920       11.53700      -66.35770      -64.86070        195001.00      0.03354      0.14569
      -7.16040       11.62560      -44.59650     -143.15100     -130.90400       -6.60770        748209.00      0.05533      0.26906
      -9.19240      -25.68440       39.62180       67.88090      208.59900       61.16360        555294.00      0.04659      0.26025
      11.08440       34.28520      -22.38320      103.08700       30.55820       48.68870        271766.00      0.03455      0.25075
      -1.75120       41.36760       17.98730       78.77400      139.01000      -87.63950        279200.00      0.03975      0.19277
      -8.69520      -34.77200       27.32820      -82.36360      205.41500      -17.29100        688525.00      0.04648      0.45164
      -4.88520      -26.27080       38.66160     -164.11000      174.83900       -8.09578        268142.00      0.03378      0.19447
     -16.71840       34.78640       19.01270       83.54000       41.20430      -59.38590        319700.00      0.03370      0.26098
     -35.07800       -9.02360       -6.30971        0.20987       42.73480      -59.97710        280769.00      0.03616      0.25900
     -16.34920      -17.72680       40.54130      -47.98760     -112.30800     -323.83800        322858.00      0.03728      0.30633
     -22.99640       -7.51800      -35.49560      154.09200       -0.93076       40.51610        197746.00      0.03033      0.14955
       0.93440      -24.52640       39.64720       72.74320       94.48270      150.43800        426124.00      0.04552      0.33137
      13.95320       21.60600       43.22280      -55.11340     -168.91800      -10.36710        773822.00      0.04955      0.46342
      -3.34240       41.02720       12.23810      -10.28300      216.74400      120.88100        487446.00      0.04050      0.19863
      -9.60680       39.49480        7.78234       -4.65161       39.34470     -140.66400        749384.00      0.06624      0.45499
      25.01280       -8.89680      -31.08220       -2.25383       84.29790      163.56000        137455.00      0.03305      0.18273
      -8.13760       -3.46400      -45.67000       28.58260      -45.99310        5.06649        118801.00      0.03313      0.23401
       8.60640      -33.98040       23.34430      -68.30160     -162.78300      -66.81360        193389.00      0.03813      0.23490
      25.92440       15.40160      -25.04700      144.60000       72.55620      -12.96060        994236.00      0.04538      0.36644
       2.53160       -1.86000      -46.26590       40.74980       55.28420      224.81900        438872.00      0.04472      0.19995
     -10.81040      -38.58800       10.01530      -32.72630      -23.74920      111.91400        207332.00      0.03931      0.24090
      24.46840      -26.78800       -3.66741      131.77600      191.44800      -45.34160        175121.00      0.04197      0.23596
      14.31600       -3.46000      -41.51110       78.75570      171.24100        4.25099        822535.00      0.04944      0.35839
       6.37640       33.17520      -19.72950     -126.71900     -107.23900       60.77060        698283.00      0.05955      0.46315
     -14.51320      -29.79400       24.44280        5.16053     -100.27100      -95.06450        120252.00      0.03458      0.14106
      11.98600       16.99400      -35.15950      -69.33350      118.46300     -157.47700        103622.00      0.03286      0.17738
     -21.63640      -20.56440      -27.36500     -159.48900     -164.24800      105.43900        656866.00      0.06134      0.34295
     -27.45760        5.52760       27.99820     -130.14400      -31.88970       97.48990        262738.00      0.03160      0.15042
      14.53960       32.92440      -12.85310      100.46200       30.56050     -199.61200        259922.00      0.04271      0.14759
      25.56680        4.24560      -27.52960      -43.37230       -6.03068      152.50600        650834.00      0.04865      0.45618
      10.45960      -31.11800      -23.58250       62.31680      211.97100      -20.55870        228100.00      0.03617      0.24601
      21.95200      -26.04200       10.81360      100.78700      123.10300      -81.46580        416206.00      0.04177      0.33734
      12.97120      -30.10960       20.52230       64.78240       22.08790      224.29200        279705.00      0.04571      0.14894
     -32.47040       -5.65920       -6.02473      -83.40260       57.98730        2.52444        105709.00      0.03290      0.22831
     -20.64480      -26.38680       18.90990      129.61000      109.57300      183.02800        532113.00      0.05930      0.33480
      23.46400       26.61880       -5.08593     -134.78900     -185.16400      -17.59740        113704.00      0.03977      0.21993
      15.38720       24.72800       33.48410        6.24151      275.30700       62.10590        966032.00      0.12549      0.56479
       8.67880        3.72240       45.82540       91.82820      189.24200       91.01040        188900.00      0.03490      0.18300
      -2.37760      -25.93760      -33.23760      -14.75440      -25.95010     -146.51100        137347.00      0.04304      0.14102
     -17.92400       18.18160       33.36300      -13.71460     -197.38300     -121.93800        561815.00      0.04083      0.26538
     -20.13520       18.72960       28.96000      124.96900      112.98800      -88.40120        971021.00      0.05008      0.36959
      -8.16880      -34.30360       14.76740       38.96930      -48.40960      194.82200        195953.00      0.04063      0.23554
      20.34800       25.71120       22.25650     -165.55600      -37.63860      259.16700        559745.00      0.08200      0.42093
       8.96160       24.33960      -27.21760        6.55518      273.41500      121.20800        583955.00      0.08530      0.55306
      20.16080       28.94360       12.38510      -49.19720      -75.72050       37.25580        271925.00      0.02931      0.25374
     -18.28920      -29.86760       11.05840      -16.33040      -66.15080     -134.74800        501568.00      0.03829      0.26842
      23.37920      -17.90840      -17.10710       -4.08128       37.69790      -57.24440        100652.00      0.03314      0.10984
      14.19120       22.03920      -24.43340     -118.51400       -1.12765     -206.22200        503697.00      0.03902      0.34195
       4.31360      -35.32600       -2.22887     -113.59500      107.53200     -183.54800        217995.00      0.03016      0.24182
      -7.03600       29.04120       27.45670      135.05700     -161.55900      173.03900        873529.00      0.07237      0.45801
      21.62720       24.95040       14.59850       14.58770       32.48520      166.63200        407420.00      0.04342      0.25499
      -3.56560      -33.67640      -15.33050       33.41820       34.35620      173.06100        540168.00      0.05183      0.26356
       5.23280       34.58080       -1.91865       -5.82884      109.83500     -200.93600        348741.00      0.03534      0.15300
       3.88720       -5.13840       42.19190       48.52570      -84.71150      186.62600        434341.00      0.03835      0.19858
      20.40400       -5.84000      -28.52630     -240.09400      108.90800        1.66068        804693.00      0.05268      0.35610
       5.61480       33.76840       -4.17347      -10.25980      -71.07930       58.12570        829267.00      0.04443      0.28121
     -12.97480       21.18840       30.82270      211.72000       90.75390      -68.22930        624564.00      0.04068      0.34796
      14.86640       -5.36400       35.84590      300.40900       -6.16908       65.17710        687093.00      0.05449      0.34714
       5.66200       31.41480      -12.42080     -100.16200      127.95400     -188.61800        927804.00      0.06076      0.45579
       3.12080      -30.20720      -20.76130      -32.50230     -110.71200      221.57800        355375.00      0.02821      0.25765
     -10.43520       31.66640        1.34793     -126.77500       66.86810     -195.72700        720494.00      0.03692      0.46155
     -16.06800      -29.76400        5.92746      172.54200       28.31600      267.12000        603853.00      0.08320      0.26135
     -24.99560       -4.90440       22.24820       73.04760      156.49800     -182.49200        558321.00      0.04245      0.44217
      23.62320       20.79120        3.05132      -40.87430       51.17160     -135.85500        378524.00      0.03631      0.19783
      14.31320      -25.92080      -12.15810       -4.41882     -142.01400     -105.84000        110220.00      0.03077      0.17586
     -20.50120       17.65480       18.85070      -14.47010     -196.34300      111.60500        767647.00      0.03111      0.47517
      -7.25320       -7.16120       37.67220       66.96760      174.20300       31.01930        132678.00      0.02924      0.14638
     -10.96600       29.13760       10.43080      209.20900     -290.68900      -35.79090        750139.00      0.05871      0.70671
     -16.98400       24.64200        2.28571       22.86990      317.35400      -80.02870        361289.00      0.05638      0.40298
      24.26800       11.27040       17.31620      176.96700      192.53600      -74.84770        566373.00      0.04014      0.26603
      10.11080       29.69200       15.06020      121.18800      -16.14650     -164.99400        192217.00      0.03927      0.23865
      15.54000      -24.43600      -11.02680       87.79940      194.63400     -162.71800        205840.00      0.04066      0.23837
       5.94360      -31.45560        1.25272     -132.35500     -282.81300       68.80150        680944.00      0.06068      0.34060
      11.50720      -11.03680       31.97530       79.13330       16.12070      -96.11390        556904.00      0.05165      0.34615
     -13.33760       24.73960       -9.60500      -11.79710      196.93300     -166.08000        473252.00      0.03944      0.26230
       9.06080      -21.46000      -26.29870      -27.75020     -158.36000       27.66550        620586.00      0.03545      0.20894
      -2.21880      -32.02680       -6.80692      -89.28490      -82.63490     -227.56600        266357.00      0.04290      0.24925
      -9.89320       -4.09760      -33.97340       71.67380      154.87000      106.74500        298840.00      0.03513      0.19797
     -14.36360       25.93440        7.50400       50.20670      119.26400      160.39000        188130.00      0.03340      0.14418
     -13.79040      -28.33040        2.57143      -40.83600      -34.36210     -118.91000        388359.00      0.03590      0.26042
      -4.36800       26.30480       24.10000       -8.91730     -112.81700     -135.24200        414865.00      0.02990      0.20713
      10.12760       28.63880       -5.75618        1.11093     -165.94100      118.47800        226415.00      0.03502      0.19374
      -3.81920       24.45960      -18.58600     -134.94900      -53.03730      214.68300        203464.00      0.04890      0.14596
       2.49920        6.57560       38.98510     -102.61000       50.92070      133.63500        154809.00      0.03344      0.14457
     -18.20400      -23.50800       -7.38358       63.81050       26.79870     -161.10400        219766.00      0.03403      0.15107
      21.86160       18.29320       -3.64489      132.46700       -6.20382     -142.18400        416049.00      0.02940      0.43261
      11.12600       13.28000      -27.46340      -95.41540     -181.19600        9.66466        344741.00      0.05564      0.31268
      -4.30440        6.68720      -33.86960     -201.28900       71.54280      226.05900        921298.00      0.08931      0.44570
       2.62560      -29.65800      -11.64560       91.54580      178.37300        7.09234        432378.00      0.04104      0.26332
      11.84920       19.27040      -21.19490     -127.54300       52.53520      312.46900        618033.00      0.04523      0.44256
      -3.95640       11.90120      -30.44810       94.92440     -248.16800     -201.56700        169306.00      0.05836      0.22791
      -5.65840       -3.46840      -34.43070      164.43900       40.06410     -190.99100        100619.00      0.03189      0.18011
     -20.26760      -17.06520      -13.59970     -233.79300      -76.15080     -266.07800        484251.00      0.06680      0.32959
      -2.03160       29.65920       -3.60668       -6.49865     -270.84000      -77.26290        120447.00      0.03421      0.17522
      12.78720       -9.29680       29.19060       -0.19497      217.77700     -101.70800        172868.00      0.03341      0.18642
      -7.36920       -5.13440       34.49730      190.29000      169.35100      -31.17510        314902.00      0.03364      0.32032
    -193.90700      233.04700      757.33100     -104.30600      -45.41450       -4.80344        493421.00      0.05631      0.42918
     -11.39480        2.54000      -29.23170     -135.80200     -313.58700      121.87000        229033.00      0.03500      0.23580
      15.95840       21.74040       -5.77638     -118.32200     -106.11600     -200.86200        480694.00      0.04720      0.25931
       5.08760      -22.63000      -21.29480     -259.73200     -136.64300      -83.14650        331653.00      0.04387      0.25059
       2.18280        4.26600       35.93630      -55.27720     -193.22600       -2.35198        475261.00      0.03790      0.26505
      18.34560       -2.06240      -21.41760      -40.96260      -39.82010      203.35600        126865.00      0.03763      0.14101
       1.49840      -27.22800        9.65933      -10.43980     -189.96500     -177.65000        950955.00      0.04971      0.47186
     -22.19440      -12.50920       -6.48434     -217.07100       27.97330      115.28500        457552.00      0.04677      0.33574
     -16.89440       -1.96960      -22.59090     -100.86700     -345.91800      -44.50610        137157.00      0.05470      0.18095
      10.81120      -19.32360       15.27600      -20.87700      123.98300     -133.33400        124034.00      0.04264      0.18575
      14.23920       12.50760      -19.39420       68.76550     -101.90200     -266.66000        156630.00      0.04339      0.29608
     -13.94280      -22.75040       -7.02282      -69.32440       54.02500      280.12100        641193.00      0.04071      0.35412
      14.00400      -16.53280       14.45460      181.89600      -22.72800      100.10200        469144.00      0.03811      0.26496
      -0.14560      -24.48960       13.15420       13.90830      -55.17390      229.80000        475741.00      0.04054      0.20241
     -21.14520       -4.86800      -12.37760      213.25500      -25.96240     -179.51300        973502.00      0.06505      0.35482
      -6.74240       25.15200        2.13020       12.30610      -49.18010       81.67750        432835.00      0.03731      0.15761
      19.93000        6.50800      -12.53350      -74.70790     -197.63700        7.82650        127727.00      0.03366      0.11328
      20.19560       12.99040       -1.86544       70.69210       64.77480     -238.34200        429783.00      0.03081      0.26487
      12.39800       18.43400       19.93200      -87.09800      278.80700     -115.13300        973732.00      0.06256      0.35836
      -4.51280       15.34640      -21.44160       22.81970      108.19600      125.28200        202495.00      0.03367      0.24770
      -1.39120      -24.96080      -12.02000      107.39700     -185.25800       70.25690        166969.00      0.02681      0.11362
       0.34640       20.11520      -16.95490       52.21240       12.70250     -299.88300        567240.00      0.03669      0.34110
       8.06760       24.50680        8.64725      -20.72070      -43.97350     -140.88200        246311.00      0.03393      0.15000
     -18.85760       10.63040       -5.75364     -231.83700       94.77470       50.33910        177983.00      0.03147      0.14537
     -16.49760        1.41320      -18.59840      -90.35170      192.81600      -61.64650        619087.00      0.03950      0.20735
      13.94840       18.32680       -3.42893      132.64900       81.27150       65.22230        260902.00      0.03222      0.32184
      -9.88920        2.25800      -24.09990       27.02610      253.42500      -83.25520        222587.00      0.03043      0.18840
      -0.30760        2.04760       30.11720     -172.09200     -121.61800       66.33230        145729.00      0.03513      0.23580
       8.56640       -9.73400      -23.26020      104.43400     -160.10500      116.80600        257642.00      0.03257      0.19551
      -0.14080       19.25560      -11.51130       -9.04803      269.97300       45.27450        325451.00      0.04646      0.19368
       3.96600       18.80240      -11.75770     -114.04900     -208.05800     -111.13400        905983.00      0.07967      0.45786
       6.52440       -6.20200       24.56100       85.01410      -90.08910      229.82300        700660.00      0.09953      0.43181
       3.24040       19.93560       -7.56328       26.76750       97.46230     -163.77600        268867.00      0.03727      0.19437
      -4.58760      -18.41440       12.05590      138.94100      278.91400     -120.91700        364462.00      0.03434      0.25608
       7.30280      -18.07040      -10.79160      120.24000      236.38700       81.24170        475565.00      0.03449      0.20507
      13.39400        9.14160      -12.46990      157.04300     -138.42400      192.50000        297316.00      0.04555      0.15084
       8.65240       17.77760       11.97150        9.82163     -179.11400      122.13400        661112.00      0.04615      0.27189
     -10.10840        2.88560       22.01590       98.63280     -140.15800     -231.30100        189590.00      0.04401      0.23845
     -11.43480        5.97440       19.77780     -149.30800      192.63000      286.39900        711218.00      0.05969      0.34420
       5.59080       14.72760      -13.67260     -103.48400      235.29100       23.19730        291153.00      0.02953      0.19835
      -7.93440       -1.33640      -21.82380     -179.56700      230.46400      163.45800        263732.00      0.03695      0.19389
      -2.54040       -0.61480      -24.18270        7.65256      264.11800     -133.60200        550877.00      0.04870      0.33980
       1.46120      -18.51880        8.89200       -7.75786      -11.77280     -186.17400        140132.00      0.04320      0.14458
       0.78040      -19.58040        5.49694      -28.91620       89.75860     -221.02700        340026.00      0.03019      0.25687
      -7.02080      -15.66080       11.62610     -179.92500     -179.45600      -29.85000        729513.00      0.03462      0.27995
      -9.01520      -16.95080        3.66220     -212.44500     -155.08600       36.40820        160120.00      0.03769      0.18508
     -14.88720      -10.70160        2.23460       -6.88612      110.56900      274.12400        602393.00      0.04586      0.27116
      -2.16080       -3.93280      -23.13660       26.05270     -211.10900     -270.14700        493394.00      0.04931      0.15457
     -10.08640        1.61960      -17.23990      -82.90710      278.18700      -94.98450        351634.00      0.04456      0.25160
      -7.77160       12.14200       15.82740      -81.04770      259.42800     -147.61500        355251.00      0.03252      0.19913
      -1.10120       14.52920       16.94910     -204.71000      220.97400      -32.27460        215715.00      0.05161      0.14720
       6.22840      -10.40160      -17.79840      289.48300      215.08600      -74.64800        634732.00      0.09126      0.33693
      -1.88320       14.90480       -9.68124      -17.19360      125.52500       27.86930        242844.00      0.02757      0.14911
     -10.58200       11.66840        8.04597      133.32100      226.40800      233.48600        161242.00      0.02920      0.14687
      -2.76880      -13.70800      -15.19250       80.68770      -66.15590       85.59790        227304.00      0.03052      0.15156
      12.11480       -3.48480       12.51840       39.97250      112.42500      292.12200        412609.00      0.03058      0.20238
      -6.27880       -9.70680       14.84710       51.19750     -248.58000      -65.79020        415393.00      0.03838      0.25657
      11.85800       11.49720        3.31068      119.00500     -315.98400      132.59100        434363.00      0.07176      0.25246
      -7.97280        8.81360      -11.80000      -77.70720      150.64200      -88.37500        381198.00      0.02829      0.25632
       7.25000        0.30160       18.85420       49.48480     -293.07800      191.07700        194041.00      0.03327      0.18407
     -14.10680       -0.05320        7.45788       -2.75622      216.90800      203.56400        622198.00      0.03189      0.20981
      -5.13320        1.75320      -18.41140       36.33410      240.38600       46.68310        218224.00      0.03482      0.19364
      -3.58480        0.04520      -19.09240      -78.28700      229.65600       64.28480        718494.00      0.03564      0.16278
      -0.95560        4.44600       20.65270      -14.91110     -217.67900       68.68750        298682.00      0.03391      0.19498
      -5.09760       -5.78880       17.18980       31.95950      -85.29140     -237.64700        542932.00      0.03892      0.15681
      -3.76040        9.54040       16.64320      317.13200      -50.95670      -47.63260        183635.00      0.02968      0.18733
       0.90120        0.62760      -16.26380     -268.90200       65.78880     -162.27100        459014.00      0.03734      0.19967
       1.24080        5.54240      -13.53650      -62.71440     -335.54500       74.85410        106327.00      0.02994      0.11043
       2.23280      -13.03680       -1.25426      198.05000       15.76630      375.05500        171314.00      0.03332      0.14329
     -11.01000       -3.69200       -0.44190      -59.40800      138.71500       38.52030        645549.00      0.03475      0.21814
      -2.67880        2.54520      -13.91830       54.58050      -75.58360      291.89500        694651.00      0.05773      0.20507
      -5.32440        0.31680      -12.15120       86.00490      260.09300     -143.86300        207814.00      0.03156      0.11491
      -0.21400       -1.88680      -12.51410        0.77407     -158.60400      268.01700        174878.00      0.04289      0.14608
      -5.60560       -5.17720        7.23324      215.71400      116.70300      -16.49900        991550.00      0.03311      0.16854
       4.00800        2.19920       -9.10068      213.72300      233.72400     -248.81300        182335.00      0.03787      0.14364
       6.97040        3.58720       -3.59016      236.55400      176.71300      172.49600        342909.00      0.03421      0.20020
      -3.21200       -4.21520        6.15996      -86.74490      -53.82410     -427.93300        714256.00      0.04500      0.20759
