     644.43800     -891.54400     -132.36500       -3.09805       18.09510     -112.86000        9855260.0      0.30820      7.18626
     649.77400      173.06100     -528.73900      -45.05810      -44.64470      -65.80260        9822480.0      0.21289      7.13564
    -205.22200     -448.48400     -566.34500        2.88747       18.11110       10.19050        8892270.0      0.19693      7.52667
      -2.59640     -157.54000     -699.37600       -1.83683       13.19580       32.41010        7752550.0      0.13462      5.44002
     240.21700      112.80000     -616.79900       83.76640       89.34330       11.57760        8769340.0      0.19158      8.09414
     210.98400      193.43100     -571.05400       60.89650      107.57600       13.62900        5532830.0      0.14357      4.27240
    -337.33000     -215.77000     -403.84800       34.24720      -71.77860        8.31338        7346390.0      0.36368      7.05753
    -146.34300     -782.99500      305.64700      -15.18830       67.01020      -89.59420        9543820.0      0.24640      7.16658
    -169.15200     -134.57700     -424.37300       51.13810       46.50440       69.66480        5618290.0      0.24212      7.09073
     -39.10920      169.82600     -424.81100      -77.22790       65.84930      -60.86170        3713550.0      0.18108      3.16272
    -236.94300      -67.62680     -386.87400       -7.18814       70.21300      -64.78110        9583580.0      0.18749      9.99641
     -98.36640      -62.96800     -447.90200       -8.43202     -131.22700      -22.83700        9541460.0      0.28184      7.36744
    -170.61200       93.64600     -401.00100       28.69550       73.12140       -4.67075        5899290.0      0.22622      4.13719
     -94.26880      245.21400     -383.14900       24.11770      -62.52810        6.50229        9478260.0      0.20888      8.59893
    -134.66700     -366.06900     -208.59800      -15.30010      -76.22000       68.30390        5751490.0      0.22474      7.13509
    -424.57900      168.32400     -210.01300       55.30730      -56.12170       10.61090        8370250.0      0.15163      7.92263
     -83.25080       26.89840     -410.29200      -20.22810     -139.47200      -35.93040        6941290.0      0.25091      7.06610
     310.21400      109.10400     -253.23300       68.35890       50.52230       50.28980        5987070.0      0.25447      7.10243
    -103.46300     -522.56100      207.70100       10.28060      -45.01380       27.90140        4573600.0      0.19423      4.27776
    -143.68700       44.59880     -368.11600      -28.68510       71.10050      -90.53880        5453780.0      0.26871      3.32272
    -623.61800     1019.94000      437.47900      -20.34290       86.03470      -96.59770        1931680.0      0.15383      2.74969
     366.70800      862.46100      845.51400      -69.84630       25.70300      -67.83470        9441380.0      0.20489      8.49018
     468.54400      209.99500      149.89300       12.16580      -10.00350       22.29150        6322930.0      0.33321      7.03908
    -100.22700      -34.51560     -351.61100      -24.44430      127.71300       84.37690        2347920.0      0.22946      3.52295
      18.62960      245.26100     -266.56300       48.83650      -19.53640       33.44970        9475040.0      0.35469      9.44185
     -26.96280       59.05120     -342.96100       54.02170      -32.67950       -9.96884        9322570.0      0.26127      5.05124
     295.43100      212.10400      -81.91460       20.08200       40.57210      -60.58240        7417910.0      0.33064      7.47021
     123.12900       23.51320     -307.26000      -87.05610        3.26659       82.17120        5511140.0      0.20372      3.42866
    -110.56300      204.81000     -247.85500       22.91070      111.46900       40.98790        6325660.0      0.29339      5.30162
     128.01200     -256.47800     1139.19000      -95.95620        3.96465      -88.07340        7921090.0      0.20827      8.16670
      88.58680     -289.48300     1058.95000     -109.69800      -11.60200      -96.84350        4925580.0      0.23533      6.86547
      30.58480     -274.81900     1178.28000      -95.44870       39.19220      -91.47880        9175020.0      0.16794      7.12552
    -161.51900     -188.18300     -187.53700       17.46110       60.51120      -60.12160        1017690.0      0.05424      2.06691
     -74.54040     -129.32600     1482.46000      -63.50550       12.70210      -53.93650        5122280.0      0.14854      5.95765
       0.17280      300.42600     -166.31500       34.12700      -11.37250       75.30840        3663070.0      0.15042      3.11318
      24.87720      139.46100     -264.40200        8.31036       14.00670       14.16640        3594620.0      0.11634      2.77621
    -136.96800      -77.49040     -255.80700      -90.33980      -14.15740      -81.79860        5379820.0      0.25418      4.21261
     215.01800      252.29100      -62.94760       62.49580        6.58224      -98.38160        8685930.0      0.19596      9.83194
     166.29900      173.18800     1375.23000      -73.56900      -12.38170      -39.93890        9408600.0      0.34883      7.35083
       1.22760     -271.57800     -134.92700       -2.63893       89.00450     -106.07100        8271940.0      0.24690      4.39040
     228.26600      265.56600      -27.80640      -49.20910      -22.74250      -26.21960        3744380.0      0.18304      7.99860
      30.96200      312.52700     -129.57800       44.62720       27.73950       70.42050        5070990.0      0.20480      4.19173
     -88.74080     -218.86700     -178.83600       -4.62279       76.01770      -48.28430        5610690.0      0.18228      3.50808
    -104.57600     -127.55600     -240.55500       35.18530      -34.36590       59.26260        7866010.0      0.21664      4.97100
      90.69840     -301.45800      429.29200       38.26490       25.24540       74.76570        5515350.0      0.21909      7.21686
     108.72800     -291.87800      430.39900       36.30560       31.30080       68.79410        8090370.0      0.25718      6.02134
       8.26120     -307.70700       43.13110       33.60500       64.92700       91.42300        3149320.0      0.10981      5.23481
      44.53160      319.19400      -82.14450       41.50690       -4.54679       75.16430        8363650.0      0.34883      5.87971
     166.32500       46.06920     1128.22000     -127.68300       48.25270      -94.04860        8810320.0      0.20280      8.04272
    -363.50800      -69.60280     1406.31000      -62.19900       69.78300      -75.49160        3446270.0      0.16796      4.98826
      49.34080      316.87700      -67.88960       44.56200        9.59117       70.73500        9422190.0      0.27621      4.74542
      -3.98920      221.98900     1399.17000      -84.07130      -12.06000      -49.35120        8507410.0      0.29877      7.89476
    -120.18400     -228.81900     -108.87500        0.62071       64.43460      -44.09390        6615210.0      0.27424      4.55871
     -54.81920      -29.09920     -263.82600      -36.05020      -72.09420      -96.47750        8681860.0      0.20978      4.80335
     -87.88000       97.20760     1396.45000      -85.16450        5.07536      -87.50530        3966690.0      0.18369      5.45232
     216.18200      -72.93120     -113.62500       52.89310       21.43600       87.07420        4845270.0      0.23507      4.22348
    -140.82200      262.53900      -71.96530       -7.18472      -21.13840      110.37200        6881390.0      0.36268      5.45889
      74.51400     -290.38400      108.33700       43.80200       71.75330       81.26050        5876680.0      0.18818      5.95399
      20.29720       68.98160     -249.19900       73.45340       80.86820       53.80380        3987810.0      0.13223      2.55127
    -112.78800      248.84600     -100.60400       -0.04300       17.76980      -14.10330        9582160.0      0.16810      3.14693
      55.34280       80.39600     -233.83500      -23.44990       60.70220     -127.17700        2646550.0      0.29524      2.23957
     -24.96280     -263.59400      -36.47450      109.31300       51.48940     -139.81100        9090100.0      0.31009      6.69727
    -704.86600       53.35360      872.20500     -104.92800       -3.89413      -62.34170        9339080.0      0.27791      6.55383
    -412.68700      192.78700      250.36000      -64.81660        4.98033      -34.29360        7771500.0      0.21018      9.67373
     -89.37360      678.27200      531.82300     -153.20400      -24.32040      -60.38510        9687210.0      0.21996     10.39940
    -321.33000       72.56880     1368.86000      -54.22410       41.84860      -99.79960        8492480.0      0.22037      5.00067
     -79.77600      -19.99280     -233.27100       56.86200      125.23500      -28.75230        7458000.0      0.20968      2.78945
    -669.40200      505.05800      907.11300      -64.70260       15.30720      -75.95200        3798590.0      0.21815      8.10152
     116.38800      288.39600       45.64850       40.04000       22.97240      165.80800        9306950.0      0.39729      8.62080
      11.95720     -111.89200     -215.35300     -141.86300       90.01070        9.34914        3116200.0      0.14687      2.34768
    -125.23300        7.01000     -203.46900        9.09822      -20.87980       20.54480        2735040.0      0.11699      1.93229
      80.96680     -129.56600     -177.78500      -35.32850      140.04100      -23.70840        3959640.0      0.20397      3.15388
     149.49600     -163.88600      276.29100      -23.79700      -15.73480      -22.14620        2622170.0      0.11001      3.31411
    -329.13700      133.25000      205.44200      -77.39960       14.97470       -9.62500        7043710.0      0.28127      5.68736
    -136.05800      171.17900     -113.49600       47.93180      -70.76810       -2.82084        2295720.0      0.19488      3.90259
     -54.78160      -85.75320     -210.71900      -48.83330      -47.16370       61.43660        3777890.0      0.22027      2.54478
     -35.31000      -86.12440     -214.98700     -142.24800      105.07400       28.89180        9054030.0      0.32384      4.70577
     -74.67640     -239.53600       28.14180       29.15830      -37.18880     -114.15900        6496090.0      0.24922      4.40291
     -57.41040      204.19400     -120.88700        0.89067       -1.15868      -81.14880        6544910.0      0.22328      2.79091
     174.99100      -72.57920      358.04000       18.02820       20.38210       44.39040        6326960.0      0.30542      5.58825
     125.69100       39.63520     -179.06300      -48.39750       49.42420      127.78300        2430570.0      0.09805      2.41203
      26.72960      182.62800     -142.90400        3.33537      134.78100       40.77930        2540830.0      0.12461      2.43100
     -95.17960      290.54900       84.24940       15.16600      -20.64000      -31.31540        2046250.0      0.15925      2.92037
      19.46880      297.73100       58.10120       -4.07385      -83.09490      -44.24170        3938460.0      0.20521      4.04127
     231.02100       58.54920       11.07500     -138.23400       -9.79486       68.24300        8087420.0      0.35713      9.10379
    -104.42900     -212.77600       -3.91319       80.37840       51.74490       77.02820        4452720.0      0.22782      3.27056
     -27.71400      137.26800     -165.77200       36.01000       65.63840      -25.96230        1788140.0      0.08281      1.40420
      73.04040       13.22800     -198.68500      -65.69220       81.64550      -14.69180        2237340.0      0.11683      1.81417
      64.44680     -186.78900      -81.95160      -34.32470       52.13330      -34.88630        6265240.0      0.19689      2.80763
    -111.92300      -70.50640     -168.22900      -70.58060       25.73310     -160.36500        2546300.0      0.11434      1.87093
      -4.29920     -221.80700       28.52320       35.36810       75.13060      196.39700        6107480.0      0.28065      4.00738
      29.17400      -12.67440     -207.10300      -44.65060      -70.83010      -86.87810        2098140.0      0.21138      1.32308
    -201.00800      -81.64960      225.97100      -22.65730        1.40942     -136.61300        4866130.0      0.20631      4.10048
     -45.36920     -116.77500     -165.26900        1.63213      -35.12060       78.37090        3373840.0      0.11426      2.00300
       3.43400      -95.87560      434.41800     -100.99100      -50.57190       48.00620        6839580.0      0.29745      5.60308
      55.24080      262.31200      335.71700      -44.56750      -45.36520      -45.53290        3576450.0      0.19158      5.02295
     198.06000      -50.84520       64.42530       58.39050       33.38530      -41.73830        5162830.0      0.23064      3.43569
     116.01300     -107.16300      243.33400      -98.90670       83.96770       10.01840        5187390.0      0.23474      4.22020
     178.09700       87.43520      149.66200      131.30400      -44.31750       37.02370        2697240.0      0.14551      4.87528
    -115.41300      225.40700      119.30600      -84.24450      -25.45040       67.98270        7881950.0      0.18863      3.84480
     -54.85680     -135.22800     -132.75200     -117.80300      -44.35970      146.92300        7903000.0      0.19597      3.49340
      98.31480     -158.66200      -42.90670       13.39730      -97.36850       61.32860        2967650.0      0.22575      2.36912
      97.15640      107.22800      501.58700        9.10476       33.48280       -4.12801        6196480.0      0.27212      6.84332
      41.86200      205.59400      -35.23350      -85.09500      -66.01780       68.95100        3482060.0      0.27202      3.08499
     -21.02920       54.23840      919.57100      -50.72170       66.42760      -93.63460        3968000.0      0.15849      4.43466
     -14.55640      -56.25560      439.53300      -26.14150       71.12910       11.57780        7979280.0      0.23306      6.47896
     -69.98480      207.27800       10.65500       -9.79784       55.30110       -8.32626        8366990.0      0.23886      2.97583
     -36.27520        3.75560     -184.90500       17.70190      -95.52550      140.16700        3327060.0      0.11777      2.56368
      80.34040      -42.10320      292.63100      -47.27860      -14.13970      -50.40920        1756660.0      0.09008      2.39275
       8.05800     -177.69000      -49.99360      -47.65020      108.75900     -185.52200        3667130.0      0.16815      2.36695
     -40.28320      101.92700     -147.83500        9.93768      -27.21290       30.92100        6154080.0      0.16035      2.22115
     100.82600       73.63560     -125.94300       30.66470      -62.88820       37.84260        9885170.0      0.21451      3.10654
      -8.35440      180.34200      -60.84690      -77.26050      -96.37430       90.22620        9749210.0      0.28636      3.80719
     -65.55520     -159.07600      135.85200       -6.85471      -13.14300      -14.71940        3520890.0      0.17345      2.53037
    -330.74100      335.97800     1067.81000      -88.19770       31.06880      -45.96460        3461140.0      0.18940      2.52884
      28.74880     -144.80100      -98.65270      -31.29680       27.76450      129.60400        1084240.0      0.09292      1.67337
      16.59280      -93.39200      240.63700       39.50890       68.69440      -43.59810        6410970.0      0.19449      2.84337
      20.32280      111.84400      397.50400      -35.69920       81.32030       11.83080        2550860.0      0.10089      2.44921
     -29.03560      106.59700     -140.29800       -4.21139       97.56630      -78.38240        2697960.0      0.12190      1.47570
     167.95700       18.05800      -25.19050     -151.88200       14.63370       36.58310        9676260.0      0.17974      5.38288
    -125.79800       85.08280      -91.93410       90.57740      -17.27910       60.65390        8383310.0      0.25060      3.89893
       0.75640     -148.06200      159.99600      -17.85470      -30.72570      -17.88260        6036420.0      0.19070      2.86316
      28.59080       36.37640     -168.56600       26.37350        3.01865      -67.75790        3572690.0      0.09880      2.11576
      56.93080     -166.51100       39.67490      -36.61470       65.56900      -29.66800        1004370.0      0.08277      0.93941
      20.07960      138.85100      254.82700      104.62600       48.43290        0.47408        6085110.0      0.20933      3.47845
    -225.93900      579.07200      778.92600       71.60850      -31.29070     -100.14200        8965150.0      0.26225      6.02826
      16.93840      130.57800      263.68600       82.87160       72.69240      -20.34460        5206610.0      0.17577      3.31778
    -146.19300      -19.01760      197.26800       42.92820      101.77200      129.02000        6537420.0      0.31372      3.29118
      89.73440      -93.53240      162.18000      -65.58660       90.02440     -108.01700        4877140.0      0.28933      3.09819
      85.88120      118.68600      192.59300       21.49890       12.99630       76.32210        8734060.0      0.17241      3.11790
     -55.74080     -169.64300       11.16690      -42.43970      103.57000       68.84680        1423710.0      0.14615      1.28155
     -92.05520      -41.07600     -135.79900       -8.28846      -55.00570       18.99330        1633080.0      0.11752      1.05230
    -101.32100     -102.79500      -85.01860      -52.27480       73.54380       51.16820        2077830.0      0.14471      1.38748
      56.50280       33.35040     -151.98000      -19.43270     -139.37500      131.87400        2891990.0      0.16211      2.40669
     -48.32080     -168.07200       29.97140      100.12300       40.96430       94.84950        1970880.0      0.24646      1.28645
     -30.42840      172.75000      148.58100       24.36490      -53.24310      -92.11660        1725240.0      0.10687      2.25543
     -92.61160     -131.61200      100.14200      -25.50900       42.10390      196.38900        8940720.0      0.22284      4.88280
       8.27720     -151.76300      108.21200        4.01547       66.49580      -76.43590        4027080.0      0.19957      1.98311
    -108.41300      146.76800       56.33060       68.63730      -31.18570       12.56350        2698060.0      0.13940      1.95293
      71.41720       82.12000     -114.57500      -23.10570      -37.71200      -36.04160        3061540.0      0.12131      2.00265
      26.41400     -103.09600      174.18300       18.99990      199.01000      128.99800        7060950.0      0.27331      3.33328
      25.84400      -61.95560     -148.85800       16.44040       37.81360       41.21640        5575060.0      0.15203      1.69534
     -94.77560      -91.90440      -89.93420      -87.27420     -149.61000      -63.92740        3320930.0      0.15118      2.42249
     -26.38280      178.79200       36.71930      -88.72680       57.57220       61.98290        4293340.0      0.17493      2.65045
     139.58300      -26.89760      -44.94230      -70.50440       66.55950      147.78600        4788530.0      0.19622      3.44502
    -104.21100      114.69700      -47.65620       -3.00280     -158.03300      148.37600        9101640.0      0.34228      4.39173
     -99.63000       87.14320      -82.20480      -70.76960      112.89000     -102.32200        6899660.0      0.27385      2.12616
    -145.85900       -3.44760      126.97700      -15.76910      -78.03430       19.13590        6950120.0      0.22258      2.93334
    -112.46200     -113.44100       12.06440       -2.16749       -9.22330      122.63100        5870830.0      0.16693      2.83695
     -74.62400     -143.30500       35.18300       87.17250       87.05870      102.00200        9759510.0      0.25005      2.21370
     108.62700     -104.69300      -11.23670      107.58700     -120.35200     -125.40900        5616790.0      0.32568      3.08099
     -19.85560     -133.56900      115.09500      -99.60680     -102.45000     -123.58500        4898160.0      0.24444      2.47429
      -7.36120     -145.19300       89.04230      -97.05930      -93.81190     -139.97200        2880860.0      0.22474      2.22711
      31.35680       -4.21000      214.15500        0.11202      -49.67310      -18.43090        3419310.0      0.16277      2.01033
      21.10960      -39.13240      204.07400        1.13764       70.89360     -100.24900        5887620.0      0.25076      2.72355
      97.43200      130.74200       55.13710        9.18282       65.93890      -53.42560        6388990.0      0.14868      2.19302
      -5.37080      161.81000       -8.39150       -2.12798      -75.51590      -32.30350        2646290.0      0.06958      1.56587
      24.87160      -26.80840      205.54700        5.51719       62.26110     -101.55400        2313700.0      0.15582      2.28274
      67.12400      132.28200      -38.76080      -20.61200       -3.46138      -55.44050        3689310.0      0.13842      1.54678
      99.52880      -11.56960      -96.70070     -163.68700        9.53186      114.35200        4322990.0      0.13040      2.62191
     -62.93720     -138.60600        7.46902       -9.03250     -107.55200      139.32000        1266450.0      0.07204      0.99932
     -29.92920     -148.80600       28.82090     -121.64100      -74.76260     -144.19900        4311560.0      0.25809      3.12103
     -36.18840      -69.97400      174.13000        4.20004       91.56340       36.57430        4128900.0      0.20923      3.30738
      31.86240     -141.78800        7.19964      -58.63160        7.11089      229.79800        3925290.0      0.13978      2.51917
     -93.57520     -113.89800       10.86560      -93.86420       -9.08155      101.55300        9940110.0      0.30962      1.72029
     106.50600       91.82920       69.81290     -127.77500     -136.38700      -11.30100        2835210.0      0.14643      2.37972
    -118.51800       88.28120       66.38750       44.10240       83.90640      184.67000        2882580.0      0.11791      2.40615
      88.49600     -102.34300       12.26170      135.34500      -53.01990       79.73210        5731520.0      0.22669      2.68398
     -55.19680      126.03700      -44.01230      -43.38120       36.56590      -85.51610        4259160.0      0.15954      2.07689
      30.25720      148.59200       21.63430        6.84892      -72.57260      -86.21420        2961800.0      0.18694      1.44173
     -27.18880      -19.17800      191.12800      -25.10040       72.75700     -145.80000        4613520.0      0.20227      2.57128
     -20.16360     -142.87400       15.75180       29.26550      -14.50610       60.11150        1543360.0      0.10681      1.35063
      50.72760      -10.84320     -129.34300       52.99910      -68.80480       93.78160        3777880.0      0.15493      1.16983
    -136.04700       14.90880        3.63116      121.42900      -27.47980       26.12350        6390970.0      0.20078      2.83320
      68.26040       56.11040      156.18700      -50.83270      -26.22790      -46.31960        5622050.0      0.22935      2.76561
     -57.09480       17.87000      183.44500      -49.75910      107.44600      -27.07390        2264180.0      0.18883      2.24688
    -309.82600      216.29700      523.92200       87.86470       35.42710       -4.97803        8590100.0      0.26736      4.68249
     -16.13720      122.10900      -64.83100      -52.85180      144.88100       14.46660        7282490.0      0.15058      2.28891
     -24.22280      112.16800      -74.98950      -17.55830      125.29500      -37.61720        3097060.0      0.12037      1.57396
     -84.79560      -42.63480      -95.88920      -99.14930     -157.32200       69.09770        4462760.0      0.21995      1.95346
    -116.16400      -48.05800       84.79080       27.26860     -156.48000      -34.62220        2389750.0      0.20766      1.76615
     -28.30880       55.13000     -122.42500      -36.89540      -96.58240      -46.68830        6796620.0      0.14515      1.71228
      32.30280     -129.59000       42.58490        0.41997       14.90920      -33.15460        3672890.0      0.23658      1.88601
      79.36240       85.25040      109.60100      153.75400       60.35320      -36.93030        2987510.0      0.22272      2.37512
     -42.98440     -131.70000       30.87030       99.53240      119.96100      140.71200        2151390.0      0.14887      1.34370
     -77.42720     -100.55600      -45.15140      -68.28130      -98.22690      131.24600        9694710.0      0.25356      2.98650
      48.20680      -18.21040     -126.06100       93.11550     -144.23100     -139.98800        9836170.0      0.23042      2.24211
       3.89960     -130.48000      -31.62350       30.01640      -54.47910       39.27590        2655710.0      0.04998      1.22021
      60.47080      125.50900       20.06420       42.19930       62.76960      -65.48990        2044590.0      0.09962      1.09196
      62.10000      109.69200      -48.38990      -49.20030      -75.75530       -5.07234        3331030.0      0.17452      1.51946
      95.35400        4.86200      -75.21710      -68.46720        5.66301     -130.99200        6075720.0      0.16118      1.63665
      -9.05360       56.29560     -118.65800      -44.66050     -108.46500      -79.90250        5121880.0      0.17221      1.58167
     -26.42320      -78.17240     -105.22600      -27.34480       27.31160      -85.86180        2215080.0      0.08255      0.86657
     -45.29720     -109.06800      -54.54390       14.57970       50.25420        0.76366        1417800.0      0.16408      0.98590
     -96.52080      -70.43240       74.81770     -187.41900      -65.41970      106.98100        5973140.0      0.17593      3.25813
     -74.62880       67.01360      -76.20610      -74.85600       59.61960        3.62076        1653310.0      0.08693      1.83565
      31.80440       77.53440      -95.86190      -80.52300      -53.84590      -64.61360        4727560.0      0.15403      1.61385
     -68.26440      -38.61960      139.58700       -9.89210       86.87270      -38.02390        5216500.0      0.10850      2.24848
     -45.18840      128.52600       51.64880     -122.60200       37.56240      142.18200        2797770.0      0.17292      2.38300
      90.27200       95.25160        6.97186      -38.16900      -90.42660       39.97100        2061940.0      0.10379      1.44512
     -15.99960     -124.52700       50.71390     -104.63300     -123.17400     -160.30300        4428540.0      0.15250      2.47774
     -69.71640      -30.10240      140.29900       91.39860     -116.32100      -36.80760        9670480.0      0.19164      2.31251
      81.66280      101.20600       35.52080        8.34437     -107.27700     -124.98400        9242380.0      0.26321      2.93124
      10.26200       37.26800      171.49600       12.85760      -20.81580     -183.12300        1215630.0      0.07656      1.25495
      17.69840        6.67640      168.29300       46.86960       59.00940      127.62000        1161820.0      0.09518      1.32075
      -2.93600      -84.36440      -97.20220       32.70510      181.04900      140.93500        6059410.0      0.13576      2.24163
      24.54520      -97.72360       95.91860      127.32400     -126.55200      -65.61360        1643510.0      0.25901      1.56760
       3.81720     -117.77000      -41.34620      -29.37930       18.48660      133.41400        5616440.0      0.19458      2.14071
     -58.06400     -111.93900       33.64370      -58.56220      -45.52590      -86.94680        7114930.0      0.18124      1.69410
     -74.76960      104.61800        3.13387      -34.10880       42.90630      208.07900        5130520.0      0.20055      2.60446
      13.10880      113.08500      101.70200       34.85790      228.45600      -58.51140        6458990.0      0.19181      2.70538
       4.07880      132.57500       30.20120       -0.52811     -233.65300      -56.43680        5394290.0      0.19168      2.67653
      14.74360      -62.95320      135.32300        7.74160       85.19150       -3.40249        7667910.0      0.17077      1.76428
     -27.03640      -70.98720      127.89200      126.90900       32.27940       98.87810        1148060.0      0.09841      1.27487
      57.07680        1.04440     -106.91900      -62.24330      -72.51840     -199.91300        2898190.0      0.20224      1.42121
      13.67520      -12.68520      158.57500      -29.00130      -94.62490       85.42990        2303920.0      0.11688      1.44071
      69.27640       27.98160      123.70400     -102.15800     -153.84700      -87.66100        2990800.0      0.14617      1.90519
     -76.24200      -21.57640      123.20700       24.28710      -39.01560     -139.52100        6820890.0      0.14301      2.28881
       6.42760      -79.93880      113.75100       -9.27411      -61.57730       26.07940        2099320.0      0.09220      1.13044
     -61.59800      -78.01880       89.45460      -33.71180      -47.17890       51.85960        5793780.0      0.24352      1.62957
      81.50600       63.59720      -49.90570      -89.03050       30.24270     -145.17000        6554700.0      0.16874      2.15476
     -49.78360       67.58240      121.08400       28.75000      -29.23790       -0.05773        3457050.0      0.14233      1.54510
      33.43680       -6.43360      141.59600      -44.61490     -152.95500     -164.14100        5100330.0      0.21632      2.55993
       2.87320      111.70300       77.62730      -50.81110      179.75800      -71.47950        6406160.0      0.19740      2.75167
      45.10440      -75.88040       87.71680     -177.36900       81.36500     -140.07600        2605920.0      0.19231      1.69179
     -28.28560      -23.95560     -112.93000       46.90690     -131.28600       78.37070        7892410.0      0.16247      1.72800
     -91.34120      -58.63000       38.37650      -22.06600      -17.77870       53.28190        7573780.0      0.16671      1.35213
     -82.36120      269.54500      609.52400       83.31860       -3.15828     -139.98000        6281480.0      0.21708      2.16092
      47.97880      -39.43960      113.98900      -64.93460     -139.87800      -21.85970        5487440.0      0.13768      1.64371
     -22.31400      -80.82560       96.72070        3.87445       20.62390      -36.51010        1370570.0      0.07969      1.04711
      20.90080      -51.56080      -98.39900      -76.95910      -63.16350      -32.82680        1427320.0      0.06622      0.83548
     -91.22280       16.31280       77.97730      -11.21270     -128.55900       23.82750        7393730.0      0.23577      2.22480
      77.00160       74.95000       30.08000       92.51590      115.11800     -158.64600        2263190.0      0.12224      1.75988
      -3.61360       79.52200      -71.34370      -67.04710      -26.53770     -175.74900        5503050.0      0.17974      1.60578
      21.63600      101.04200      -31.33610       64.38330       -2.89471       78.63000        8586060.0      0.18420      1.75856
     -31.83680      -93.25080      -39.50880       39.90170      -52.50090      252.35700        2215280.0      0.10553      1.40478
      20.58840       -7.21160      131.03400      -17.03260     -122.64000     -190.72300        2405830.0      0.13304      1.10157
       5.85360       28.60640     -104.38700       39.45990      -66.63000      110.09000        9049100.0      0.21639      1.79441
      61.64560       78.60960       51.67480       87.07520       84.59700     -221.84000        3847490.0      0.19566      1.87519
      10.22560      -88.42400       69.43880      -15.19080       62.42740      209.31500        2204810.0      0.16934      1.34514
     -62.81680      -51.33920       84.01150      151.82200      156.04100       95.00060        1775020.0      0.12444      1.70271
      42.52920       40.46840      -84.47380      -13.87190      103.68000        5.93919        1678330.0      0.05749      0.88226
       9.47320      106.76300       41.07270       51.74830       71.76450      -12.23870        1989370.0      0.12198      1.09567
     -26.81080        6.89200     -103.46900       44.46960     -141.16900      120.23200        1495530.0      0.12682      1.01457
     -29.62120      -27.18720     -100.66400      100.18900      -94.70290       65.10910        1778410.0      0.10860      0.80847
     -29.70360      -59.15160       99.59320       39.26010      134.46800     -176.32700        5632660.0      0.20773      1.57798
     -46.82920       -9.46720      116.95200       50.78240       23.23910      -83.62280        9426550.0      0.16575      1.84395
      55.03640       59.38760       83.84410      -42.35230       91.63180      -98.08540        7522990.0      0.21940      1.71947
     -21.40840     -100.10100       -5.90690        3.31189      232.36200     -106.78000        4368330.0      0.19108      1.94317
     -63.22800      -47.52520       80.25040     -168.94600      -63.16330      195.59200        8049580.0      0.26298      3.37416
     -43.17840       76.62720      -44.49540       -1.00375     -191.93000      -55.55060        3225250.0      0.10713      1.50626
     -38.30640      -88.99760      -23.96280       -0.92627       28.54890      -28.39010        1884720.0      0.09209      0.85143
      14.62360       36.17800      123.02600      -47.10720      -87.52230     -189.86800        7012990.0      0.16738      1.30354
     -43.62720      -43.74040      -81.20910      -64.04970       56.81980      -87.59000        6671240.0      0.19651      1.29549
     -88.48840        2.36080       43.24090     -167.64800     -153.76300      -63.59420        2326910.0      0.20395      1.72612
     -27.90560      -82.04200      -48.70390       51.78240       76.27610      122.60200        6864950.0      0.11965      1.33001
      55.80760       79.30520        0.64428     -111.22100      -90.63880        2.38019        5773560.0      0.14062      1.73308
      20.26760       43.27960      -85.83190      -96.42310     -169.71200       48.44720        9475090.0      0.23784      2.25110
     -34.23400      -74.48520      -54.12070      122.68500      -76.98730      203.43700        1218530.0      0.20316      0.94043
      69.60520      -43.83240      -27.82240       75.82460       48.06160      115.68900        1027990.0      0.08391      0.76688
      27.89760       92.96240       41.74740      -71.03630      -68.24630     -136.15500        8490910.0      0.15636      1.35128
     -45.99360       77.04000       58.16390      -96.49620       77.09200     -104.45100        4106170.0      0.14346      1.57795
     -46.68400       62.83800      -47.43940      -50.96180       43.98870      -75.37750        5561620.0      0.13300      1.31930
      26.49520       21.31240      113.75100       -9.33006        6.34702     -102.14300        9695630.0      0.19043      1.83949
     -43.83760      -50.87040      -67.24460      -87.88540      147.61600     -129.42500        3069730.0      0.12927      1.14882
     -37.48120        0.57520      -88.50690      -31.93180     -179.93500      -70.56240        5774770.0      0.20421      1.21844
      26.06480      -41.09800      -81.32150       51.76620      -17.95200      124.78900        3269210.0      0.10310      0.92550
     -59.77320       47.91480      -41.10640      114.44200      -41.59020       65.92150        2686560.0      0.11834      1.14679
     -44.99840      -71.00880      -33.56970      -29.41790       56.12740       82.72380        2249770.0      0.11534      1.13076
      10.15560       90.60960      -14.30040      -37.91130     -124.07800      -96.96870        2023300.0      0.13053      1.07714
      49.20400        8.74200       90.43330       13.55800        6.06324       20.66490        3217420.0      0.13123      1.18391
       0.59880        3.47320      -94.99490        6.55903      115.97500      192.87500        2229930.0      0.12162      1.10529
      51.31400       29.37280      -62.59390       58.20580       -0.84468      -79.33760        1973130.0      0.11242      1.10433
      -9.40320      -36.08560       99.64080      167.26400     -110.48000       34.96630        3615140.0      0.10798      1.19891
      42.01720       77.89520        0.77522       -3.61449      -65.93070      -53.54210        1436120.0      0.07416      0.83137
       2.33320      -88.71400       10.87880     -118.04800      -21.15540      -83.02020        8739080.0      0.18499      1.34211
     -62.61840      -29.66760       62.14090     -100.95200      -24.68700      -72.56090        8602850.0      0.19178      1.79864
     -23.71280      -60.89280       67.94730       85.06530     -108.11000       83.15690        1375850.0      0.09282      1.05441
      -7.53000       37.95840      -78.74020      -50.85010       99.92360       69.69680        8731970.0      0.18310      1.83027
      18.96880       66.76640       72.82440       57.34140       30.16380      131.09200        4128590.0      0.13949      1.23059
    -118.32800      266.75000      653.84700      -13.83430      -84.29230      128.24900        4755210.0      0.35150      2.34622
     -48.60120      -12.68120      -67.28600     -167.68000       33.43870      130.01900        8624860.0      0.24768      1.69901
     -22.96200      -81.14680       -4.14053       85.27200      137.42700       66.05770        4717900.0      0.12496      1.27419
      56.29240       25.65800       66.22820      166.78900       17.14110      -36.97190        8660600.0      0.19658      1.75725
      16.82680       40.60480       94.02820      -85.58140      148.76300       72.73910        1168230.0      0.14247      0.73964
     -11.36640       83.74880        5.90966       -6.47526       85.26760      -41.60260        1797090.0      0.10341      0.85329
       4.06480       84.65440        7.55890        7.49260      -41.21040      -25.56470        1155950.0      0.07138      0.81560
     -22.60960      -55.21960      -61.19500      -14.75420      -97.77940       44.38400        8747440.0      0.22267      1.77402
      20.08960      -62.45680       54.47170      -14.92840     -127.50000       -1.67313        1480080.0      0.07512      0.64211
     -36.49400        7.91600      -72.84110      -25.94620     -144.17900       46.26950        1114260.0      0.07542      0.80107
      57.88200      -43.35400        8.35149       61.35570     -100.57100      -37.92620        4482090.0      0.12143      2.13891
     -20.61920      -77.86400       17.24110       74.24470      -34.64010     -105.05700        1502260.0      0.09372      0.82839
      24.28120       67.80400       56.17590       34.22170     -166.83100       59.08890        4998380.0      0.17721      1.60779
      52.06200       36.56560      -38.35020     -154.74700      -37.43680     -167.66300        1571800.0      0.11157      1.01905
      67.62480       -1.52920      -17.51080     -215.15800       -3.03119       31.35200        1120660.0      0.08368      0.78860
     -24.19440      -43.35760       71.89850       39.86710      217.30700       29.14630        2171500.0      0.16855      1.07039
       7.84960      -73.67840       27.54830       65.25940      -84.57250      -81.62250        2931490.0      0.12209      0.89083
     -64.61880      -23.15640      -12.59550       25.28090       29.93650       67.48150        6467070.0      0.12699      1.37116
     -10.90400      -71.54960       32.44760      -98.88790      105.55200       35.96920        8978480.0      0.18051      1.36813
     -11.08000      -73.76920      -15.35520      -51.95530       62.27860       46.53600        2719320.0      0.07503      0.70561
     -14.16480      -21.43840       87.13020       54.89670      140.66900       55.22230        1086010.0      0.06674      0.46713
     -13.93720       61.11040       60.13380       79.92200      -52.31120      112.15500        5853630.0      0.15984      1.29149
       2.04280       56.25320       69.61230      151.19100     -116.11200       13.19580        1874450.0      0.07765      0.86117
      -8.55040       75.77600        6.57567      109.02600      -57.97700      195.50800        9524200.0      0.23724      1.73556
     -14.45960       13.74320       90.23450      -22.01670      149.56700       54.20720        1386190.0      0.10987      0.78815
     -21.02760       66.98280      -17.47130      -13.88200      -25.86480      -96.83910        7827250.0      0.17729      1.80436
      12.48720      -58.01920       50.45980       13.58210      139.41200       89.17590        3187090.0      0.14127      1.16641
      -6.04760       74.61880       20.18760       -8.99305     -213.69700      -89.17770        3338810.0      0.13621      1.18619
     -34.41520      -26.34520      -62.13570        9.73167      161.76400      167.93000        6110250.0      0.15623      1.29323
     -14.26760       56.89880      -41.97710      -48.15360     -187.59300      -62.73660        5697920.0      0.14917      1.25561
     -54.58960       39.16080        2.10331       68.37410      -51.61180      -89.37230        6201430.0      0.21226      1.64291
       8.14920       13.75640      -73.47410      -38.20840      -28.90410      -59.89070        1786030.0      0.08697      0.65959
      48.31240       32.74440      -30.43460       82.16270      -78.12540     -223.88700        5981520.0      0.26526      1.57541
     -25.10360      -63.34200      -14.92940     -126.09500       14.31860       99.57860        1640760.0      0.06986      0.65100
      26.47360       47.03640       59.72920        7.66393      -30.92390       26.84280        1159580.0      0.08694      0.61192
      16.96040      -62.94880       23.26730       53.09920       20.08070       81.43390        4304280.0      0.14316      0.95022
     -33.63840       56.85040        0.95554     -101.22500      131.90700      -76.45860        5659040.0      0.10009      1.77662
     -25.47680       23.35800      -59.79740       85.97020       38.33190      205.50400        2978770.0      0.13354      1.17329
      23.07080       57.98960       41.63480       71.53510      -33.58670      241.13700        1189480.0      0.08323      0.59883
      -8.42520       55.97960       52.95570       48.84140      184.28400      -19.56090        1288570.0      0.07829      0.80325
      11.26720       66.02400       -8.25052        4.87196       75.95940     -114.57200        1693830.0      0.11584      0.81221
      50.58640       22.96760      -24.44310     -129.27500      -60.06960     -109.17300        1870630.0      0.12537      0.82154
      28.37800       57.99040       30.54180      108.15300      211.38400     -116.61900        3796260.0      0.21360      1.13926
      28.57680       38.08240       60.50100       39.61660      249.36400       -6.49783        6085000.0      0.14892      1.28413
      12.66320      -60.11760      -21.72790      134.64700      219.19300       16.02950        1594640.0      0.12063      0.79919
     -17.41080      -26.87000      -63.02460     -103.48800      164.38200       20.10530        1236510.0      0.06192      0.62643
       9.38680       55.86840      -31.49010      -70.03710      176.93200      186.50500        3271840.0      0.15158      1.13811
     -57.30880        2.52680       -0.32812     -124.23100       12.28600      -68.15630        4212380.0      0.09882      1.28180
      45.85040       -4.58920       48.13710       29.08310      174.95900      -89.39740        7421520.0      0.19860      1.74086
      28.28440       55.88560       -7.83196      138.45600      -69.85660     -213.61100        1818040.0      0.09298      0.80563
      34.50400      -43.02680      -22.38500       79.90230      145.67900      -12.34310        2943540.0      0.10839      0.89606
       7.58200       54.24800       50.28990      -63.26330      217.34600       -8.59703        5505230.0      0.11970      1.28463
     -18.48400      -57.70640      -22.03230       35.81820       62.88560      -93.37240        1220470.0      0.11000      0.77549
      40.45600       -5.46720      -45.02910       -9.16326        0.08430      223.07500        8400570.0      0.14587      1.39589
      10.83120      -59.46600      -13.68890       17.72340     -148.86100       94.00560        2870560.0      0.09979      0.88701
     -32.32560      -49.35120       22.62700      143.44400      150.33000      154.17000        4979080.0      0.13268      1.25860
      31.82440       36.43440      -36.76100       24.59980      193.82000      176.22700        9311200.0      0.26352      1.71892
     -54.72560        2.20680       10.69120       37.93430       46.12520       30.01810        5913010.0      0.18548      1.29602
     -20.11920        8.07600      -61.10960      119.41100       75.30150      220.46800        3282610.0      0.12559      0.89741
     -44.59200       32.37000       -5.17932      138.58100     -155.23700      -95.41090        9809590.0      0.18437      1.85982
     -45.10280      -33.81600       -9.53113       48.73650       73.99960      -79.16680        5516600.0      0.14766      0.98455
     -32.65840      -45.54440      -22.09920      200.82200      172.46600      166.09100        6604580.0      0.16090      1.28060
      18.66960       -5.38080      -62.31930      -27.37750      166.33600      123.38400        8578110.0      0.15411      1.05217
     -38.77480      -19.89800       44.87060      -20.26790     -170.47300      -95.92430        2040390.0      0.09849      0.84347
      30.70240      -33.70160       38.04980       89.10510      133.47100       91.00120        4748150.0      0.12490      1.25248
      10.90720      -39.78320       49.87870       88.77430      155.28600      124.35800        7170770.0      0.22145      1.25550
      -8.53480      -59.04720        5.06892        3.22104       68.82340      108.89300        1168790.0      0.05778      0.48362
     -12.73720      -58.16880       -3.93869       86.44950        5.23321      180.72400        1276870.0      0.07437      0.80750
      34.27120      -24.92920      -38.07840      -40.94500      -74.54390      178.69400        3276130.0      0.09576      0.94699
       8.74040       36.23800      -46.76840       23.96820       44.78430      -17.97870        3235040.0      0.11231      0.70873
      17.87200      -33.36240      -48.64180     -145.34800     -251.97900      116.18000        2390860.0      0.11465      0.84094
     -15.51360      -13.90320       66.39600       -8.48792      126.15500       29.21250        9635800.0      0.15745      1.06470
       8.98240      -56.71760       -3.85466       26.46820      -69.52160      -91.01420        3979630.0      0.12430      0.94609
       7.19680      -13.96120       67.52920       10.67810      216.97700      110.68800        2562030.0      0.11735      0.85335
     -47.70920       -1.68720       28.26780        7.31532        9.34112     -202.55700        5917200.0      0.10048      1.01083
       4.25480       50.46520       44.08510     -103.06700      174.35800       38.27260        8889950.0      0.21221      1.35950
       1.72040      -54.67800       24.33590       77.81890      -50.01580      225.36500        3286020.0      0.15192      1.14339
      25.35720       45.31960      -21.25560      -39.87530      -30.30210     -224.16400        3954130.0      0.12981      0.93471
      18.25200       54.07080       22.14910      -75.89360       83.14860      -17.28980        3206540.0      0.08983      0.72006
      28.18400       -6.84320       57.18230     -110.81100       88.83710      206.26800        5133600.0      0.13043      1.27184
       9.54720      -55.23320       11.02040      -21.73570     -164.71100     -145.80700        2266870.0      0.12732      0.84305
      10.98520      -54.95680       -1.97758      -43.05070       45.21270      -85.17360        1336680.0      0.04789      0.49565
      24.85760      -44.46040      -19.58290      -78.51410       41.14170     -146.64100        9914910.0      0.19818      1.39581
     -35.30880      -23.88600       40.29540       86.06820       35.83560       79.72940        2033510.0      0.11910      0.84896
      -4.96280      -31.00120       54.63010      -44.74130      -21.81490     -169.75700        7888750.0      0.12650      1.04708
      28.72920       44.24640       20.92620     -197.08900      -34.56330     -202.04400        1722280.0      0.08789      0.81918
     -32.11760       18.93280       45.64490     -112.12100        7.24694      290.42600        6170110.0      0.16461      1.60280
       6.53240       42.50040       45.96330      -47.26290       42.17700      122.33100        9797490.0      0.17721      1.07952
       4.54040       53.17160       -3.41017        7.95852      240.52100     -192.21900        6996400.0      0.20362      1.27284
       1.38760      -52.93240        0.18920       31.48890      210.38700      244.00100        4068000.0      0.16463      1.17234
     -39.19640        8.72600      -22.96640      -95.95290      258.55000       50.49740        5449520.0      0.19464      1.59281
     -24.13040       37.59920      -15.50950      101.20400     -147.97900        7.47394        2216800.0      0.05985      0.91392
      21.24080       34.67400       40.66620       -9.55320      122.32700     -121.92900        4013450.0      0.14748      0.92856
      -0.08320       47.52080      -12.33100       29.28510      -12.96830      -39.64200        3040150.0      0.13162      0.69278
     -33.77640      -31.54480       12.02930     -211.27500      -95.93200      107.56800        1960750.0      0.14255      0.80988
       7.65320      -44.02040       16.38020       60.62330       11.11750      297.31400        6946610.0      0.18462      1.29404
       2.74160       38.48720       39.85540       91.95520      283.01200      -54.94250        8178960.0      0.19544      1.31205
     -19.53920       37.66040      -10.82950       64.07060       63.41970      194.99200        4624380.0      0.14316      1.25281
     -25.40480      -35.91640       14.59000       50.05430      -63.47880      133.11000        2159080.0      0.11612      0.85755
     -30.05200       20.97960       27.67000      -84.48860      149.39700     -171.40200        4991140.0      0.16232      0.94443
       6.08360       45.26040        4.71604       92.91230       94.57100     -123.86000        5760590.0      0.15825      0.97253
      18.27400       38.65920       -8.86786       39.71400       13.60990       50.12720        1082290.0      0.04941      0.36993
       2.16960      -44.48960        6.11814       -4.60487       -0.31985      118.85200        3522740.0      0.08831      0.72046
      -0.87840      -40.89600      -20.18730       69.21480       -0.22047      247.03000        2914060.0      0.12380      0.67621
      11.72600       41.69200       -4.31881       97.57520       14.68960      233.22900        5548480.0      0.10908      0.75768
      16.11720       35.76520      -16.57760       -2.50682     -103.01700      -78.25650        7378860.0      0.16015      1.02759
      -0.89560       20.87560       49.18550      143.49900      147.06900     -105.37500        1156400.0      0.06312      0.61965
       3.46880      -41.04720       -8.97690       77.25000      -29.67280     -182.28300        7198510.0      0.19168      0.99772
      23.51280       32.62520       -0.07550       66.88730      104.97900      168.07500        4388180.0      0.09347      0.96681
     -10.82320      -30.87880      -30.72480      121.74500       72.15880      242.24300        5876600.0      0.14354      0.97663
      22.14760       25.52400       28.63880       47.69540      114.88000     -182.67300        5415690.0      0.12144      0.74365
      19.58240       26.77440       26.08960       27.88410      -64.63920      226.17600        4100890.0      0.11487      0.72136
      18.40120       30.42920       18.97300      -80.22430      -73.82430      133.24000        2769400.0      0.04861      0.54962
       5.59320       -2.04920       46.33680       45.80470      152.22200     -101.25500        3892800.0      0.13640      0.71014
       9.52200       13.64760       43.75130      -12.72570      304.38400       21.36890        7366840.0      0.18151      0.99463
      -1.50840      -12.87000       42.40540      -12.17430      142.37000       77.17560        8480910.0      0.10530      0.81471
      11.02560      -27.13600       20.34980      -20.94620     -235.27100      -93.85320        1361770.0      0.06555      0.63668
      13.73760       17.00760      -28.66520       -3.63793       37.87770      197.72800        1085680.0      0.08140      0.61779
      12.12920      -31.16640       -7.18484       13.21440       51.74990       -1.34242        4306090.0      0.10326      0.75416
     -11.57600       12.59200      -32.34840       71.50330     -206.31800      -84.72440        7027590.0      0.18747      1.00563
      12.58240       24.96040       28.02010      -92.25400      -87.10960      217.63700        1394900.0      0.05454      0.37495
      19.25440      -24.09360        1.29494      113.93500       32.31910     -264.43500        1335190.0      0.05831      0.63299
     -25.58040       13.61920       10.05070      -17.12850     -135.55100      365.29000        1070840.0      0.04981      0.58391
      18.01320       27.73080        8.14985        3.51911      298.71600     -193.97500        2399820.0      0.16728      0.83681
      15.97360        6.36680      -30.93830       73.60810     -160.57200      -81.68970        6841360.0      0.14954      0.76707
     -10.33840       16.88000      -27.29710      -15.52810     -180.88200     -144.80700        1023650.0      0.07062      0.46304
      -5.90680       28.75880       22.59280      -70.60740     -249.73800      116.66800        1384080.0      0.06693      0.48254
       1.41000       31.15600       19.15780      -95.38780     -123.10300      -25.83940        2651230.0      0.10764      0.52953
       7.77560       14.09240       37.44750        4.27375     -226.16800       96.96420        2531030.0      0.10853      0.67584
      19.89920      -14.10000      -20.32490      197.74800      -60.83020     -280.14000        1376730.0      0.08648      0.62222
      11.86200       -0.49200       36.67220     -100.39800     -230.40800      -31.64420        6193030.0      0.15219      0.75060
     -23.52760      -16.24600        6.46024       11.93770      155.21100       34.48450        2435400.0      0.09087      0.52276
     -22.67880      -10.87680       16.12430      140.83900      268.51700       -5.24262        5042890.0      0.15598      0.95161
      11.97600        0.32680       31.41000      189.58700      211.79800      231.52000        7454810.0      0.14285      0.77539
       6.55600      -17.84120       21.58740      -74.39120      184.68900      142.65700        4115980.0      0.13437      0.72072
      -5.65040        9.63040       30.88920       66.00540        4.82151     -197.39900        1640100.0      0.04911      0.39491
      15.52280       11.54280       16.19270     -205.51900        5.18167     -313.95000        5966170.0      0.13877      0.74377
       7.20600        2.54640      -24.99880       92.68260      229.86300      -77.31290        5548820.0      0.15796      0.74146
       7.15320        9.59480      -20.86380     -208.93100     -211.04100     -195.06800        1494360.0      0.14743      0.47511
       4.67840       18.09480       -9.99545      -92.58360      195.30100     -266.82400        1222220.0      0.07118      0.28503
       3.01640      -12.63800       19.16790      175.83400       -5.41094      -30.15470        1287550.0      0.04858      0.38279
       8.73360        4.20520      -20.83910     -117.71000       69.01460      170.44100        1473100.0      0.06966      0.37962
     -11.76160      -13.38360        9.42177      157.33700       -7.35168     -138.03000        6698490.0      0.08993      0.60354
      -1.43840       10.11880       22.38060       56.49370      122.34100     -115.01400        1823580.0      0.08417      0.38625
      -4.00560       -0.55040       20.56300     -160.25100       11.89820     -249.05700        9765410.0      0.19868      0.79541
      12.42840        2.86560       -5.01103       69.50180      -75.96360     -309.32500        1076280.0      0.04480      0.37248
      -9.65320       -0.18400        6.42435      -81.51320      256.52100     -294.04900        3275760.0      0.13292      0.52687
