  8.440000E+03 -3.543115E-01 -5.944914E+00  4.859029E+00 -1.219044E+02 -5.943512E+01 -1.791500E+02 -7.443839E-04 -1.178411E+05  1.660743E+03
  8.440000E+03  1.925391E+00 -5.158050E+00  8.611202E+00 -1.114549E+02 -7.143211E+01 -1.489646E+02 -1.409133E-03 -1.176535E+05  1.695415E+03
  8.440000E+03 -2.547204E-01 -5.952280E+00  5.044291E+00 -1.207546E+02 -5.855512E+01 -1.786311E+02 -5.413812E-04 -1.178477E+05  1.664276E+03
  8.440000E+03  8.834858E-01 -5.605551E+00  6.925326E+00 -1.160190E+02 -6.504163E+01 -1.646781E+02 -2.332839E-04 -1.178215E+05  1.679454E+03
  8.440000E+03 -1.393946E-01 -6.035474E+00  5.392441E+00 -1.177104E+02 -5.367173E+01 -1.782478E+02  2.279750E-04 -1.178926E+05  1.671247E+03
  8.440000E+03  2.333302E+00 -4.950437E+00  9.181135E+00 -1.096409E+02 -7.393958E+01 -1.425971E+02 -1.542097E-03 -1.176321E+05  1.698050E+03
  8.440000E+03  5.044683E-01 -5.757773E+00  6.316598E+00 -1.174169E+02 -6.146673E+01 -1.702208E+02 -2.603010E-04 -1.178236E+05  1.674042E+03
  8.440000E+03 -4.448762E-01 -6.020506E+00  4.744693E+00 -1.209882E+02 -5.659090E+01 -1.806424E+02 -4.250225E-04 -1.178672E+05  1.661839E+03
  8.440000E+03 -1.560709E-01 -5.956362E+00  5.263265E+00 -1.195881E+02 -5.697911E+01 -1.780451E+02 -2.926286E-04 -1.178532E+05  1.666555E+03
  8.440000E+03 -2.945198E-01 -6.006408E+00  5.039661E+00 -1.197722E+02 -5.570083E+01 -1.795395E+02 -1.517230E-04 -1.178747E+05  1.665034E+03
  8.440000E+03  1.412312E+00 -5.319191E+00  7.737277E+00 -1.144647E+02 -7.013045E+01 -1.569925E+02 -1.086948E-03 -1.177157E+05  1.685218E+03
  8.440000E+03  1.458952E+00 -5.288860E+00  7.809038E+00 -1.143089E+02 -7.061204E+01 -1.562490E+02 -1.119833E-03 -1.177114E+05  1.685463E+03
  8.440000E+03 -2.649072E-01 -6.066425E+00  5.185210E+00 -1.177871E+02 -5.189129E+01 -1.800193E+02  4.106571E-04 -1.179109E+05  1.666544E+03
  8.440000E+03 -1.155764E-01 -6.017862E+00  5.418211E+00 -1.178995E+02 -5.434639E+01 -1.779137E+02  1.536071E-04 -1.178849E+05  1.671179E+03
  8.440000E+03 -1.146254E-01 -5.960390E+00  5.352257E+00 -1.191046E+02 -5.663293E+01 -1.776781E+02 -2.209384E-04 -1.178552E+05  1.668231E+03
  8.440000E+03 -2.348020E-01 -6.065540E+00  5.242397E+00 -1.177043E+02 -5.224129E+01 -1.795438E+02  3.732411E-04 -1.179065E+05  1.668652E+03
  8.440000E+03 -1.150715E-01 -5.943339E+00  5.331091E+00 -1.195057E+02 -5.734932E+01 -1.775729E+02 -3.310915E-04 -1.178465E+05  1.667366E+03
  8.440000E+03  1.402291E+00 -5.317652E+00  7.714731E+00 -1.145779E+02 -7.021916E+01 -1.571610E+02 -1.099194E-03 -1.177146E+05  1.684809E+03
  8.440000E+03 -2.810322E-01 -5.973947E+00  5.015485E+00 -1.205212E+02 -5.781244E+01 -1.790261E+02 -4.727088E-04 -1.178510E+05  1.664961E+03
  8.440000E+03  8.755493E-01 -5.586851E+00  6.890661E+00 -1.163350E+02 -6.559737E+01 -1.648405E+02 -3.701590E-04 -1.178082E+05  1.678516E+03
  8.440000E+03 -1.421368E-01 -6.036024E+00  5.386201E+00 -1.177371E+02 -5.366379E+01 -1.782792E+02  2.511274E-04 -1.178927E+05  1.671169E+03
  8.440000E+03 -6.876966E-02 -5.985763E+00  5.463479E+00 -1.180022E+02 -5.487064E+01 -1.775818E+02  2.599235E-04 -1.178893E+05  1.667995E+03
  8.440000E+03 -1.226322E-01 -5.997361E+00  5.379144E+00 -1.183945E+02 -5.518523E+01 -1.779191E+02  1.298656E-05 -1.178735E+05  1.669934E+03
  8.440000E+03  1.426590E-01 -5.877909E+00  5.767295E+00 -1.181003E+02 -5.781041E+01 -1.748872E+02  2.593766E-04 -1.178886E+05  1.666531E+03
  8.440000E+03 -1.228067E-01 -6.000153E+00  5.381880E+00 -1.183387E+02 -5.507614E+01 -1.779315E+02  3.399137E-05 -1.178750E+05  1.670067E+03
  8.440000E+03  2.169463E+00 -4.839720E+00  8.778124E+00 -1.121626E+02 -7.694964E+01 -1.452748E+02 -1.747430E-03 -1.176345E+05  1.688882E+03
  8.440000E+03 -9.940472E-02 -5.935181E+00  5.353038E+00 -1.195617E+02 -5.766706E+01 -1.773390E+02 -3.506271E-04 -1.178438E+05  1.667607E+03
  8.440000E+03  6.448571E-01 -5.692315E+00  6.521405E+00 -1.171763E+02 -6.331475E+01 -1.682006E+02 -3.357926E-04 -1.178147E+05  1.675953E+03
  8.440000E+03 -1.064823E-01 -6.005689E+00  5.406661E+00 -1.179714E+02 -5.441373E+01 -1.780107E+02  2.987943E-04 -1.178940E+05  1.668436E+03
  8.440000E+03  2.043511E+00 -5.042557E+00  8.739203E+00 -1.114043E+02 -7.325816E+01 -1.470726E+02 -1.421752E-03 -1.176534E+05  1.693709E+03
  8.440000E+03  2.419094E+00 -4.735686E+00  9.144606E+00 -1.107026E+02 -7.773214E+01 -1.413795E+02 -1.732867E-03 -1.176267E+05  1.691769E+03
  8.440000E+03 -1.106433E-01 -6.014614E+00  5.418256E+00 -1.178805E+02 -5.432294E+01 -1.779377E+02  2.596852E-04 -1.178897E+05  1.670244E+03
  8.440000E+03  1.598139E+00 -5.189510E+00  7.990464E+00 -1.141218E+02 -7.225247E+01 -1.540670E+02 -1.187667E-03 -1.177033E+05  1.685144E+03
  8.440000E+03 -7.637080E-02 -5.919165E+00  5.378751E+00 -1.197562E+02 -5.842088E+01 -1.769285E+02 -4.280901E-04 -1.178378E+05  1.668041E+03
  8.440000E+03  2.070580E+00 -4.889495E+00  8.628584E+00 -1.126642E+02 -7.643760E+01 -1.469199E+02 -1.737340E-03 -1.176373E+05  1.687497E+03
  8.440000E+03  1.992854E-02 -5.939107E+00  5.579047E+00 -1.182174E+02 -5.636554E+01 -1.764197E+02  2.362996E-04 -1.178863E+05  1.667514E+03
  8.440000E+03 -1.134477E-01 -5.958566E+00  5.350379E+00 -1.191467E+02 -5.672012E+01 -1.776511E+02 -1.907388E-04 -1.178560E+05  1.668084E+03
  8.440000E+03 -4.292580E-01 -5.988059E+00  4.752349E+00 -1.215770E+02 -5.781240E+01 -1.801693E+02 -4.884310E-04 -1.178612E+05  1.660095E+03
  8.440000E+03  2.026933E+00 -5.048442E+00  8.707638E+00 -1.115402E+02 -7.322748E+01 -1.473438E+02 -1.385789E-03 -1.176572E+05  1.693278E+03
  8.440000E+03  2.257355E+00 -4.866369E+00  8.975294E+00 -1.109825E+02 -7.599203E+01 -1.437310E+02 -1.521191E-03 -1.176464E+05  1.692944E+03
  8.440000E+03 -3.604406E-01 -6.030311E+00  4.913906E+00 -1.200247E+02 -5.576086E+01 -1.801210E+02 -2.153662E-04 -1.178722E+05  1.665515E+03
  8.440000E+03  2.267123E+00 -4.858197E+00  8.982285E+00 -1.109822E+02 -7.613325E+01 -1.436022E+02 -1.532352E-03 -1.176452E+05  1.692874E+03
  8.440000E+03  7.169248E-01 -5.653823E+00  6.624878E+00 -1.170388E+02 -6.432666E+01 -1.671655E+02 -3.784248E-04 -1.178096E+05  1.676648E+03
  8.440000E+03  5.645879E-01 -5.718214E+00  6.385817E+00 -1.176328E+02 -6.275312E+01 -1.693057E+02 -3.870850E-04 -1.178100E+05  1.674798E+03
  8.440000E+03 -2.982251E-01 -5.981153E+00  4.989381E+00 -1.205002E+02 -5.760097E+01 -1.792370E+02 -4.277276E-04 -1.178524E+05  1.664828E+03
  8.440000E+03  7.101502E-01 -5.654975E+00  6.610922E+00 -1.171064E+02 -6.432000E+01 -1.672604E+02 -3.837996E-04 -1.178092E+05  1.676460E+03
  8.440000E+03  2.013544E+00 -5.061742E+00  8.686083E+00 -1.115944E+02 -7.305561E+01 -1.476243E+02 -1.412313E-03 -1.176523E+05  1.693502E+03
  8.440000E+03  7.319451E-01 -5.643536E+00  6.645756E+00 -1.169979E+02 -6.459538E+01 -1.669490E+02 -3.727893E-04 -1.178101E+05  1.676616E+03
  8.440000E+03 -5.094768E-02 -5.908486E+00  5.415924E+00 -1.197095E+02 -5.884773E+01 -1.765739E+02 -3.840745E-04 -1.178422E+05  1.668285E+03
  8.440000E+03  5.492121E-01 -5.711499E+00  6.347161E+00 -1.178709E+02 -6.299661E+01 -1.695385E+02 -4.533218E-04 -1.178035E+05  1.673905E+03
  8.440000E+03 -3.208952E-01 -5.999810E+00  4.964308E+00 -1.202996E+02 -5.692417E+01 -1.795588E+02 -3.405021E-04 -1.178593E+05  1.665253E+03
  8.440000E+03  1.517562E+00 -5.215797E+00  7.858664E+00 -1.145589E+02 -7.209985E+01 -1.552901E+02 -1.183304E-03 -1.177053E+05  1.684166E+03
  8.440000E+03  2.320732E+00 -4.715361E+00  8.925331E+00 -1.119803E+02 -7.870646E+01 -1.429170E+02 -1.645957E-03 -1.176462E+05  1.686847E+03
  8.440000E+03 -8.821576E-02 -5.935003E+00  5.373595E+00 -1.194743E+02 -5.768937E+01 -1.771863E+02 -2.714075E-04 -1.178491E+05  1.667946E+03
  8.440000E+03 -4.425239E-02 -5.895461E+00  5.412096E+00 -1.198973E+02 -5.941796E+01 -1.764405E+02 -4.439309E-04 -1.178375E+05  1.667818E+03
  8.440000E+03 -3.385635E-01 -5.944753E+00  4.882023E+00 -1.219359E+02 -5.946014E+01 -1.789405E+02 -6.821871E-04 -1.178415E+05  1.661408E+03
  8.440000E+03 -6.807366E-02 -5.898765E+00  5.365045E+00 -1.200747E+02 -5.945086E+01 -1.766926E+02 -4.695788E-04 -1.178363E+05  1.667195E+03
  8.440000E+03  7.190100E-02 -5.903432E+00  5.636375E+00 -1.183748E+02 -5.751396E+01 -1.756612E+02  3.881288E-04 -1.179045E+05  1.665955E+03
  8.440000E+03  2.453496E+00 -4.642192E+00  9.100104E+00 -1.113409E+02 -7.931548E+01 -1.409310E+02 -1.632061E-03 -1.176436E+05  1.686730E+03
  8.440000E+03  1.633104E+00 -5.132635E+00  8.000502E+00 -1.144811E+02 -7.331946E+01 -1.535145E+02 -1.188547E-03 -1.177042E+05  1.682893E+03
  8.440000E+03  1.370763E+00 -5.292504E+00  7.621890E+00 -1.151983E+02 -7.100285E+01 -1.576603E+02 -1.133767E-03 -1.177127E+05  1.682337E+03
  8.440000E+03  2.430627E+00 -4.673843E+00  9.092199E+00 -1.112458E+02 -7.886703E+01 -1.412657E+02 -1.653017E-03 -1.176385E+05  1.688144E+03
  8.440000E+03 -1.981119E-01 -6.037125E+00  5.261850E+00 -1.181344E+02 -5.377216E+01 -1.790277E+02  2.529714E-04 -1.178893E+05  1.668871E+03
  8.440000E+03  2.443327E+00 -4.652885E+00  9.091911E+00 -1.113388E+02 -7.918351E+01 -1.410854E+02 -1.632813E-03 -1.176423E+05  1.687108E+03
  8.440000E+03  2.258876E+00 -4.735441E+00  8.829796E+00 -1.124380E+02 -7.863731E+01 -1.439373E+02 -1.760797E-03 -1.176345E+05  1.686194E+03
  8.440000E+03 -1.079188E-01 -5.909333E+00  5.294909E+00 -1.202223E+02 -5.928942E+01 -1.771100E+02 -4.218483E-04 -1.178430E+05  1.666323E+03
  8.440000E+03 -5.585613E-02 -5.887996E+00  5.378131E+00 -1.201365E+02 -5.979918E+01 -1.765214E+02 -4.644519E-04 -1.178366E+05  1.666785E+03
  8.440000E+03  2.396075E+00 -4.706781E+00  9.061750E+00 -1.112672E+02 -7.846090E+01 -1.417816E+02 -1.660938E-03 -1.176355E+05  1.689167E+03
  8.440000E+03 -1.223651E-01 -5.979674E+00  5.353436E+00 -1.187944E+02 -5.591655E+01 -1.778540E+02 -2.880941E-05 -1.178663E+05  1.668800E+03
  8.440000E+03  2.556107E+00 -4.773250E+00  9.399980E+00 -1.091123E+02 -7.638543E+01 -1.392614E+02 -1.345985E-03 -1.176503E+05  1.695062E+03
  8.440000E+03  2.404260E+00 -4.635565E+00  8.990036E+00 -1.120401E+02 -7.976677E+01 -1.416922E+02 -1.624270E-03 -1.176490E+05  1.684560E+03
  8.440000E+03 -1.259941E-01 -5.993553E+00  5.361313E+00 -1.185361E+02 -5.537609E+01 -1.779510E+02  6.812407E-05 -1.178740E+05  1.669353E+03
  8.440000E+03  2.181994E+00 -4.897456E+00  8.859494E+00 -1.114905E+02 -7.567631E+01 -1.449468E+02 -1.490323E-03 -1.176472E+05  1.691716E+03
  8.440000E+03  2.596796E+00 -4.825656E+00  9.524826E+00 -1.082347E+02 -7.522992E+01 -1.385267E+02 -1.267029E-03 -1.176490E+05  1.698191E+03
  8.440000E+03 -3.970738E-02 -5.906242E+00  5.432193E+00 -1.196115E+02 -5.899271E+01 -1.764183E+02 -2.787802E-04 -1.178517E+05  1.668327E+03
  8.440000E+03 -1.301289E-01 -5.999261E+00  5.357890E+00 -1.184517E+02 -5.516712E+01 -1.780254E+02  1.152983E-04 -1.178777E+05  1.669420E+03
  8.440000E+03  8.965659E-01 -5.533520E+00  6.887816E+00 -1.165979E+02 -6.691902E+01 -1.644720E+02 -2.055926E-04 -1.178243E+05  1.675382E+03
  8.440000E+03  2.585426E+00 -4.800529E+00  9.483614E+00 -1.085549E+02 -7.575664E+01 -1.387340E+02 -1.323432E-03 -1.176461E+05  1.697271E+03
  8.440000E+03  2.399513E+00 -4.685547E+00  9.042594E+00 -1.114642E+02 -7.884668E+01 -1.417490E+02 -1.629193E-03 -1.176401E+05  1.687803E+03
  8.440000E+03 -1.007422E-01 -5.946742E+00  5.359076E+00 -1.193358E+02 -5.723781E+01 -1.774034E+02 -1.723748E-04 -1.178551E+05  1.667905E+03
  8.440000E+03 -3.974807E-02 -5.909247E+00  5.434556E+00 -1.195540E+02 -5.888463E+01 -1.764264E+02 -2.409108E-04 -1.178548E+05  1.668434E+03
  8.440000E+03 -4.022039E-02 -5.910356E+00  5.434713E+00 -1.195388E+02 -5.884248E+01 -1.764355E+02 -2.330708E-04 -1.178554E+05  1.668473E+03
  8.440000E+03 -1.922501E-01 -6.022652E+00  5.256229E+00 -1.184035E+02 -5.439293E+01 -1.788899E+02  1.884873E-04 -1.178822E+05  1.668412E+03
  8.440000E+03  2.326868E+00 -4.758917E+00  8.982872E+00 -1.114396E+02 -7.786695E+01 -1.428037E+02 -1.583331E-03 -1.176416E+05  1.689765E+03
  8.440000E+03 -2.915250E-01 -5.909338E+00  4.939555E+00 -1.219841E+02 -6.107964E+01 -1.782898E+02 -7.396943E-04 -1.178369E+05  1.661159E+03
  8.440000E+03 -1.296475E-01 -5.993073E+00  5.351217E+00 -1.185795E+02 -5.541362E+01 -1.779953E+02  9.189956E-05 -1.178749E+05  1.669083E+03
  8.440000E+03 -3.160568E-01 -5.935091E+00  4.913541E+00 -1.219478E+02 -5.982851E+01 -1.786718E+02 -6.679749E-04 -1.178392E+05  1.661667E+03
  8.440000E+03  2.272517E+00 -4.807919E+00  8.932285E+00 -1.115074E+02 -7.716078E+01 -1.435775E+02 -1.522057E-03 -1.176464E+05  1.690514E+03
  8.440000E+03  8.506613E-01 -5.547152E+00  6.794847E+00 -1.169214E+02 -6.683836E+01 -1.652577E+02 -3.230914E-04 -1.178123E+05  1.674658E+03
  8.440000E+03 -3.346248E-02 -5.899329E+00  5.434834E+00 -1.196603E+02 -5.927343E+01 -1.763197E+02 -2.507345E-04 -1.178542E+05  1.667948E+03
  8.440000E+03 -3.225113E-02 -5.883876E+00  5.421681E+00 -1.199186E+02 -5.983600E+01 -1.762530E+02 -3.283331E-04 -1.178479E+05  1.666987E+03
  8.440000E+03  2.445064E+00 -4.633796E+00  9.067966E+00 -1.115618E+02 -7.956769E+01 -1.410770E+02 -1.581435E-03 -1.176476E+05  1.685824E+03
  8.440000E+03  2.283008E+00 -4.691093E+00  8.818133E+00 -1.127352E+02 -7.946573E+01 -1.436054E+02 -1.772631E-03 -1.176355E+05  1.684453E+03
  8.440000E+03 -1.244895E-01 -5.977948E+00  5.344851E+00 -1.188594E+02 -5.600382E+01 -1.778725E+02 -2.295800E-06 -1.178663E+05  1.668536E+03
  8.440000E+03 -1.279263E-01 -5.985589E+00  5.346012E+00 -1.187247E+02 -5.570786E+01 -1.779447E+02  5.507680E-05 -1.178711E+05  1.668753E+03
  8.440000E+03  2.155058E+00 -4.897966E+00  8.801689E+00 -1.118227E+02 -7.581702E+01 -1.454416E+02 -1.527566E-03 -1.176416E+05  1.690902E+03
  8.440000E+03  2.067282E+00 -4.959681E+00  8.688645E+00 -1.121146E+02 -7.495174E+01 -1.467866E+02 -1.409376E-03 -1.176545E+05  1.690455E+03
  8.440000E+03 -4.511719E-02 -5.861962E+00  5.380714E+00 -1.204457E+02 -6.062285E+01 -1.762206E+02 -4.058050E-04 -1.178430E+05  1.665063E+03
  8.440000E+03  2.489886E+00 -4.741172E+00  9.230360E+00 -1.102577E+02 -7.732381E+01 -1.404573E+02 -1.433196E-03 -1.176464E+05  1.691538E+03
  8.440000E+03  2.222450E+00 -4.715904E+00  8.725084E+00 -1.130849E+02 -7.936498E+01 -1.445332E+02 -1.736931E-03 -1.176416E+05  1.683613E+03
  8.440000E+03 -1.659724E-01 -5.908677E+00  5.184460E+00 -1.206746E+02 -5.957763E+01 -1.775837E+02 -3.346174E-04 -1.178544E+05  1.663783E+03
  8.440000E+03  8.877799E-01 -5.508534E+00  6.835096E+00 -1.170532E+02 -6.781964E+01 -1.646297E+02 -3.699736E-04 -1.178110E+05  1.674122E+03
  8.440000E+03  2.579151E+00 -4.781607E+00  9.450932E+00 -1.087884E+02 -7.611702E+01 -1.388743E+02 -1.268246E-03 -1.176514E+05  1.695903E+03
  8.440000E+03  2.472568E+00 -4.586540E+00  9.059803E+00 -1.117715E+02 -8.041922E+01 -1.406536E+02 -1.518946E-03 -1.176601E+05  1.683829E+03
  8.440000E+03 -1.157498E-01 -5.959451E+00  5.341030E+00 -1.191936E+02 -5.675135E+01 -1.776630E+02 -8.754260E-05 -1.178592E+05  1.667901E+03
  8.440000E+03  2.306831E+00 -4.669891E+00  8.834515E+00 -1.127280E+02 -7.984262E+01 -1.432582E+02 -1.785466E-03 -1.176358E+05  1.684236E+03
  8.440000E+03  2.553102E+00 -4.744081E+00  9.357748E+00 -1.094405E+02 -7.692636E+01 -1.393913E+02 -1.273568E-03 -1.176571E+05  1.692976E+03
  8.440000E+03  2.548667E+00 -4.713897E+00  9.314955E+00 -1.098179E+02 -7.751017E+01 -1.395442E+02 -1.334268E-03 -1.176544E+05  1.691352E+03
  8.440000E+03  2.368394E+00 -4.691207E+00  8.983903E+00 -1.117571E+02 -7.894968E+01 -1.422274E+02 -1.565273E-03 -1.176458E+05  1.686931E+03
  8.440000E+03  2.460561E+00 -4.602816E+00  9.052838E+00 -1.117476E+02 -8.016748E+01 -1.408627E+02 -1.525157E-03 -1.176570E+05  1.684290E+03
  8.440000E+03  7.013419E-01 -5.601967E+00  6.529212E+00 -1.178928E+02 -6.599170E+01 -1.673073E+02 -3.517700E-04 -1.178155E+05  1.672376E+03
  8.440000E+03  6.576978E-01 -5.630639E+00  6.464162E+00 -1.180407E+02 -6.539821E+01 -1.679478E+02 -4.503694E-04 -1.178050E+05  1.673065E+03
  8.440000E+03 -3.962174E-02 -5.917252E+00  5.439115E+00 -1.194129E+02 -5.861442E+01 -1.764537E+02 -1.289774E-04 -1.178622E+05  1.668702E+03
  8.440000E+03 -1.425643E-01 -5.984253E+00  5.314397E+00 -1.188570E+02 -5.579056E+01 -1.781196E+02  5.971867E-05 -1.178693E+05  1.668087E+03
  8.440000E+03  6.622909E-01 -5.625348E+00  6.459782E+00 -1.181742E+02 -6.557614E+01 -1.678949E+02 -4.913470E-04 -1.178007E+05  1.672879E+03
  8.440000E+03  2.275160E+00 -4.773772E+00  8.894519E+00 -1.118911E+02 -7.783444E+01 -1.436135E+02 -1.536915E-03 -1.176451E+05  1.688565E+03
  8.440000E+03  2.357574E+00 -4.637064E+00  8.884313E+00 -1.125915E+02 -8.030140E+01 -1.424394E+02 -1.678027E-03 -1.176488E+05  1.683839E+03
  8.440000E+03  2.481217E+00 -4.558923E+00  9.036229E+00 -1.120664E+02 -8.096769E+01 -1.405310E+02 -1.515388E-03 -1.176632E+05  1.682485E+03
  8.440000E+03  2.555938E+00 -4.685616E+00  9.298095E+00 -1.100446E+02 -7.800066E+01 -1.394963E+02 -1.386758E-03 -1.176497E+05  1.690257E+03
  8.440000E+03  2.391409E+00 -4.670480E+00  9.003685E+00 -1.117582E+02 -7.922161E+01 -1.418854E+02 -1.565226E-03 -1.176458E+05  1.686467E+03
  8.440000E+03  2.373952E+00 -4.790886E+00  9.058249E+00 -1.109717E+02 -7.711653E+01 -1.422498E+02 -1.471957E-03 -1.176445E+05  1.691427E+03
  8.440000E+03  2.473793E+00 -4.567183E+00  9.030739E+00 -1.120483E+02 -8.086639E+01 -1.406515E+02 -1.510875E-03 -1.176625E+05  1.682756E+03
  8.440000E+03  2.545927E+00 -4.721965E+00  9.317458E+00 -1.097452E+02 -7.736336E+01 -1.395678E+02 -1.258398E-03 -1.176601E+05  1.691354E+03
  8.440000E+03  2.033560E+00 -4.825187E+00  8.450357E+00 -1.141520E+02 -7.837234E+01 -1.475025E+02 -1.836307E-03 -1.176335E+05  1.683455E+03
  8.440000E+03  2.482944E+00 -4.546052E+00  9.021964E+00 -1.122184E+02 -8.122273E+01 -1.405086E+02 -1.513203E-03 -1.176651E+05  1.681707E+03
  8.440000E+03  2.331021E+00 -4.714469E+00  8.934644E+00 -1.119268E+02 -7.872107E+01 -1.427766E+02 -1.509214E-03 -1.176504E+05  1.686886E+03
  8.440000E+03  2.548035E+00 -4.727744E+00  9.327857E+00 -1.096604E+02 -7.724434E+01 -1.395184E+02 -1.238643E-03 -1.176608E+05  1.691683E+03
  8.440000E+03  2.445188E+00 -4.612798E+00  9.031183E+00 -1.118474E+02 -8.010294E+01 -1.411090E+02 -1.536148E-03 -1.176535E+05  1.684568E+03
  8.440000E+03  2.433515E+00 -4.631681E+00  9.032811E+00 -1.117700E+02 -7.977354E+01 -1.412806E+02 -1.549864E-03 -1.176497E+05  1.685358E+03
  8.440000E+03 -3.617693E-02 -5.914392E+00  5.440176E+00 -1.194290E+02 -5.875082E+01 -1.764086E+02 -1.035074E-04 -1.178634E+05  1.668552E+03
  8.440000E+03  2.318491E+00 -4.722760E+00  8.919023E+00 -1.119852E+02 -7.862747E+01 -1.429661E+02 -1.506059E-03 -1.176502E+05  1.686946E+03
  8.440000E+03  2.407828E+00 -4.655626E+00  9.014878E+00 -1.117687E+02 -7.943673E+01 -1.416500E+02 -1.556075E-03 -1.176468E+05  1.686082E+03
  8.440000E+03 -3.030987E-02 -5.885065E+00  5.421418E+00 -1.198615E+02 -5.980420E+01 -1.762322E+02 -1.863852E-04 -1.178587E+05  1.666603E+03
  8.440000E+03  9.963608E-01 -5.465892E+00  7.012886E+00 -1.167959E+02 -6.861421E+01 -1.628365E+02 -3.929933E-04 -1.178079E+05  1.676666E+03
  8.440000E+03  2.475583E+00 -4.550964E+00  9.010779E+00 -1.122402E+02 -8.119971E+01 -1.406345E+02 -1.491159E-03 -1.176661E+05  1.681694E+03
  8.440000E+03  3.157905E+00 -4.457549E+00  1.019877E+01 -1.054851E+02 -7.900367E+01 -1.299360E+02 -1.174999E-03 -1.176405E+05  1.696727E+03
  8.440000E+03  2.585071E+00 -4.772040E+00  9.450156E+00 -1.087801E+02 -7.623308E+01 -1.388049E+02 -1.147988E-03 -1.176601E+05  1.694938E+03
  8.440000E+03  2.426610E+00 -4.628693E+00  9.011579E+00 -1.119042E+02 -7.991546E+01 -1.413987E+02 -1.543098E-03 -1.176508E+05  1.684967E+03
  8.440000E+03  2.571874E+00 -4.766831E+00  9.418715E+00 -1.089976E+02 -7.639311E+01 -1.390280E+02 -1.168184E-03 -1.176597E+05  1.694393E+03
  8.440000E+03  2.553126E+00 -4.665664E+00  9.269049E+00 -1.102698E+02 -7.837671E+01 -1.395911E+02 -1.355354E-03 -1.176532E+05  1.688794E+03
  8.440000E+03  2.456899E+00 -4.575426E+00  9.004485E+00 -1.121563E+02 -8.084991E+01 -1.409290E+02 -1.508328E-03 -1.176606E+05  1.682780E+03
  8.440000E+03  2.556423E+00 -4.646595E+00  9.258643E+00 -1.104682E+02 -7.870855E+01 -1.395544E+02 -1.447397E-03 -1.176443E+05  1.688421E+03
  8.440000E+03  2.182941E+00 -4.826830E+00  8.769820E+00 -1.123615E+02 -7.722603E+01 -1.450676E+02 -1.531615E-03 -1.176425E+05  1.688206E+03
  8.440000E+03  2.382234E+00 -4.671826E+00  8.981448E+00 -1.118759E+02 -7.929964E+01 -1.420363E+02 -1.534779E-03 -1.176479E+05  1.686208E+03
  8.440000E+03  2.548534E+00 -4.732947E+00  9.333631E+00 -1.095995E+02 -7.714178E+01 -1.395008E+02 -1.193636E-03 -1.176627E+05  1.691831E+03
  8.440000E+03 -3.683810E-02 -5.915301E+00  5.437489E+00 -1.194149E+02 -5.874495E+01 -1.764268E+02 -7.220313E-05 -1.178649E+05  1.668500E+03
  8.440000E+03 -3.113750E-02 -5.881041E+00  5.414580E+00 -1.199400E+02 -5.995271E+01 -1.762200E+02 -1.680217E-04 -1.178599E+05  1.666158E+03
  8.440000E+03 -2.378502E-02 -5.831308E+00  5.390122E+00 -1.208210E+02 -6.191193E+01 -1.757415E+02 -4.199473E-04 -1.178404E+05  1.664167E+03
  8.440000E+03  2.352110E+00 -4.693782E+00  8.947711E+00 -1.119582E+02 -7.904867E+01 -1.424713E+02 -1.499319E-03 -1.176508E+05  1.686432E+03
  8.440000E+03 -6.573638E-02 -5.943524E+00  5.412410E+00 -1.191612E+02 -5.763658E+01 -1.768771E+02  2.288105E-05 -1.178708E+05  1.669050E+03
  8.440000E+03  2.378411E+00 -4.586748E+00  8.858974E+00 -1.129233E+02 -8.129597E+01 -1.421544E+02 -1.651277E-03 -1.176543E+05  1.681540E+03
  8.440000E+03  2.426372E+00 -4.553814E+00  8.914785E+00 -1.127677E+02 -8.159845E+01 -1.413877E+02 -1.568228E-03 -1.176625E+05  1.680844E+03
  8.440000E+03  2.536023E+00 -4.693858E+00  9.264995E+00 -1.101297E+02 -7.791754E+01 -1.398050E+02 -1.220305E-03 -1.176649E+05  1.689111E+03
  8.440000E+03  2.471592E+00 -4.525054E+00  8.969265E+00 -1.126030E+02 -8.181667E+01 -1.406867E+02 -1.512471E-03 -1.176679E+05  1.680266E+03
  8.440000E+03  2.535111E+00 -4.706330E+00  9.276846E+00 -1.100079E+02 -7.768801E+01 -1.397917E+02 -1.192970E-03 -1.176661E+05  1.689694E+03
  8.440000E+03  2.367247E+00 -4.763000E+00  9.014461E+00 -1.112782E+02 -7.774693E+01 -1.423785E+02 -1.423808E-03 -1.176506E+05  1.689723E+03
  8.440000E+03  3.132411E+00 -4.527137E+00  1.022413E+01 -1.050452E+02 -7.794394E+01 -1.301671E+02 -9.323492E-04 -1.176559E+05  1.698061E+03
  8.440000E+03  2.533664E+00 -4.694804E+00  9.261082E+00 -1.101411E+02 -7.790864E+01 -1.398419E+02 -1.202029E-03 -1.176664E+05  1.688988E+03
  8.440000E+03  2.342558E+00 -4.776175E+00  8.980782E+00 -1.113805E+02 -7.761995E+01 -1.427470E+02 -1.366255E-03 -1.176556E+05  1.689442E+03
  8.440000E+03  2.541913E+00 -4.663483E+00  9.242806E+00 -1.103895E+02 -7.845792E+01 -1.397737E+02 -1.265392E-03 -1.176622E+05  1.687754E+03
  8.440000E+03  2.479770E+00 -4.526009E+00  8.984732E+00 -1.124999E+02 -8.172630E+01 -1.405692E+02 -1.461928E-03 -1.176706E+05  1.680331E+03
  8.440000E+03  2.376788E+00 -4.751682E+00  9.018854E+00 -1.113085E+02 -7.792060E+01 -1.422412E+02 -1.423546E-03 -1.176516E+05  1.689342E+03
  8.440000E+03  2.412854E+00 -4.607946E+00  8.953306E+00 -1.123030E+02 -8.052596E+01 -1.416194E+02 -1.512306E-03 -1.176563E+05  1.683410E+03
  8.440000E+03  2.406595E+00 -4.614611E+00  8.948369E+00 -1.123021E+02 -8.043244E+01 -1.417153E+02 -1.509357E-03 -1.176560E+05  1.683577E+03
  8.440000E+03 -3.991163E-02 -5.914816E+00  5.427841E+00 -1.194318E+02 -5.881352E+01 -1.764776E+02 -4.726614E-05 -1.178655E+05  1.668255E+03
  8.440000E+03  2.545605E+00 -4.736821E+00  9.331047E+00 -1.095857E+02 -7.707217E+01 -1.395448E+02 -1.136151E-03 -1.176660E+05  1.691685E+03
  8.440000E+03  2.548174E+00 -4.740781E+00  9.340673E+00 -1.095143E+02 -7.698159E+01 -1.394902E+02 -1.122789E-03 -1.176666E+05  1.691933E+03
  8.440000E+03  2.320934E+00 -4.713407E+00  8.903173E+00 -1.121306E+02 -7.887664E+01 -1.429585E+02 -1.480334E-03 -1.176514E+05  1.686471E+03
  8.440000E+03  2.457692E+00 -4.546886E+00  8.965574E+00 -1.125058E+02 -8.147511E+01 -1.409304E+02 -1.475353E-03 -1.176661E+05  1.680975E+03
  8.440000E+03  2.365597E+00 -4.748973E+00  8.997661E+00 -1.114119E+02 -7.803615E+01 -1.424089E+02 -1.407186E-03 -1.176528E+05  1.688914E+03
  8.440000E+03  1.336363E+00 -5.249223E+00  7.474219E+00 -1.163634E+02 -7.275483E+01 -1.579659E+02 -1.119387E-03 -1.177271E+05  1.679345E+03
  8.440000E+03  2.375608E+00 -4.553757E+00  8.827315E+00 -1.131442E+02 -8.209611E+01 -1.422228E+02 -1.800950E-03 -1.176434E+05  1.680642E+03
  8.440000E+03  2.475199E+00 -4.523602E+00  8.971548E+00 -1.125798E+02 -8.183571E+01 -1.406421E+02 -1.455987E-03 -1.176707E+05  1.680121E+03
  8.440000E+03  2.410078E+00 -4.544722E+00  8.870674E+00 -1.130307E+02 -8.197391E+01 -1.416281E+02 -1.567604E-03 -1.176640E+05  1.679998E+03
  8.440000E+03  2.530439E+00 -4.673724E+00  9.230644E+00 -1.103838E+02 -7.831444E+01 -1.399317E+02 -1.179215E-03 -1.176701E+05  1.687523E+03
  8.440000E+03  2.540688E+00 -4.623606E+00  9.200475E+00 -1.108394E+02 -7.922057E+01 -1.398090E+02 -1.316354E-03 -1.176593E+05  1.685974E+03
  8.440000E+03  1.401180E+00 -5.210837E+00  7.586833E+00 -1.160602E+02 -7.366158E+01 -1.568598E+02 -1.372446E-03 -1.176978E+05  1.682803E+03
  8.440000E+03  2.396580E+00 -4.608231E+00  8.917613E+00 -1.124955E+02 -8.066189E+01 -1.418718E+02 -1.481492E-03 -1.176597E+05  1.682775E+03
  8.440000E+03  2.369855E+00 -4.736966E+00  8.992263E+00 -1.114886E+02 -7.825214E+01 -1.423531E+02 -1.399276E-03 -1.176542E+05  1.688337E+03
  8.440000E+03  2.455290E+00 -4.540622E+00  8.951888E+00 -1.126095E+02 -8.164297E+01 -1.409678E+02 -1.467719E-03 -1.176670E+05  1.680559E+03
  8.440000E+03  2.546814E+00 -4.632977E+00  9.218067E+00 -1.106488E+02 -7.900435E+01 -1.397344E+02 -1.250202E-03 -1.176651E+05  1.686123E+03
  8.440000E+03  2.435862E+00 -4.559798E+00  8.936711E+00 -1.126076E+02 -8.139388E+01 -1.412736E+02 -1.479931E-03 -1.176637E+05  1.681163E+03
  8.440000E+03  2.435424E+00 -4.692751E+00  9.059406E+00 -1.113368E+02 -7.865769E+01 -1.413565E+02 -1.221909E-03 -1.176709E+05  1.686558E+03
  8.440000E+03  2.437014E+00 -4.556757E+00  8.934997E+00 -1.126306E+02 -8.145214E+01 -1.412554E+02 -1.476830E-03 -1.176642E+05  1.681013E+03
  8.440000E+03  1.399990E+00 -5.214220E+00  7.570651E+00 -1.161867E+02 -7.365481E+01 -1.569142E+02 -1.355151E-03 -1.176999E+05  1.682537E+03
  8.440000E+03  2.524464E+00 -4.675456E+00  9.220441E+00 -1.104179E+02 -7.831046E+01 -1.400183E+02 -1.137040E-03 -1.176740E+05  1.687239E+03
  8.440000E+03  2.246826E+00 -4.767274E+00  8.814536E+00 -1.124011E+02 -7.823689E+01 -1.441565E+02 -1.550932E-03 -1.176406E+05  1.687265E+03
  8.440000E+03  2.546687E+00 -4.631968E+00  9.216036E+00 -1.106526E+02 -7.903025E+01 -1.397236E+02 -1.216768E-03 -1.176687E+05  1.685958E+03
  8.440000E+03  2.405725E+00 -4.585486E+00  8.906197E+00 -1.126613E+02 -8.109184E+01 -1.417368E+02 -1.469947E-03 -1.176626E+05  1.681691E+03
  8.440000E+03  2.359263E+00 -4.555319E+00  8.807110E+00 -1.132591E+02 -8.219680E+01 -1.424789E+02 -1.939325E-03 -1.176287E+05  1.681150E+03
  8.440000E+03 -3.351364E-01 -5.919387E+00  4.863300E+00 -1.220594E+02 -6.121615E+01 -1.787005E+02 -6.298749E-04 -1.178366E+05  1.660505E+03
  8.440000E+03  2.302799E+00 -4.708560E+00  8.851329E+00 -1.124499E+02 -7.914599E+01 -1.433313E+02 -1.520642E-03 -1.176469E+05  1.685514E+03
  8.440000E+03 -3.673043E-02 -5.881828E+00  5.399261E+00 -1.199673E+02 -6.002740E+01 -1.762880E+02 -9.935419E-05 -1.178625E+05  1.665867E+03
  8.440000E+03 -6.685284E-02 -5.814155E+00  5.298276E+00 -1.213912E+02 -6.336579E+01 -1.758363E+02 -5.325196E-04 -1.178345E+05  1.662962E+03
  8.440000E+03  3.218470E+00 -4.332618E+00  1.018210E+01 -1.061021E+02 -8.089031E+01 -1.290668E+02 -1.321231E-03 -1.176273E+05  1.694944E+03
  8.440000E+03  2.437597E+00 -4.545987E+00  8.921630E+00 -1.127515E+02 -8.169574E+01 -1.412416E+02 -1.462552E-03 -1.176664E+05  1.680408E+03
  8.440000E+03  2.370165E+00 -4.718141E+00  8.972097E+00 -1.116682E+02 -7.862549E+01 -1.423589E+02 -1.373873E-03 -1.176576E+05  1.687200E+03
  8.440000E+03  2.550253E+00 -4.624772E+00  9.213434E+00 -1.106867E+02 -7.917684E+01 -1.396514E+02 -1.185129E-03 -1.176728E+05  1.685693E+03
  8.440000E+03  2.804002E+00 -4.588002E+00  9.670201E+00 -1.081059E+02 -7.841972E+01 -1.355297E+02 -9.502626E-04 -1.176751E+05  1.691158E+03
  8.440000E+03  2.335969E+00 -4.660928E+00  8.854673E+00 -1.126462E+02 -7.997465E+01 -1.428447E+02 -1.504967E-03 -1.176521E+05  1.683753E+03
