  8.440000E+03  6.720160E+00 -1.163981E+00  1.441220E+01 -7.644700E+01 -9.239115E+01 -6.398801E+01  3.459755E-04 -1.175178E+05  1.712344E+03
  8.440000E+03  6.620577E+00 -1.420328E+00  1.444095E+01 -7.645905E+01 -9.127559E+01 -6.539295E+01  4.709624E-04 -1.175197E+05  1.717443E+03
  8.440000E+03  6.777433E+00 -1.026005E+00  1.439640E+01 -7.631731E+01 -9.302474E+01 -6.317201E+01  3.054618E-04 -1.175200E+05  1.709769E+03
  8.440000E+03  6.618038E+00 -1.333117E+00  1.439879E+01 -7.689382E+01 -9.178415E+01 -6.560061E+01  3.072748E-04 -1.175055E+05  1.715332E+03
  8.440000E+03  6.975314E+00 -1.472497E+00  1.505220E+01 -7.111285E+01 -8.860774E+01 -5.685029E+01  7.460785E-04 -1.174965E+05  1.727908E+03
  8.440000E+03  6.642749E+00 -1.416722E+00  1.447970E+01 -7.611737E+01 -9.107408E+01 -6.464731E+01  7.003983E-04 -1.175383E+05  1.717454E+03
  8.440000E+03  6.807940E+00 -9.499427E-01  1.438369E+01 -7.630512E+01 -9.339808E+01 -6.278086E+01  2.434435E-04 -1.175161E+05  1.708616E+03
  8.440000E+03  6.704187E+00 -1.318911E+00  1.452026E+01 -7.560230E+01 -9.133174E+01 -6.345350E+01  6.777312E-04 -1.175392E+05  1.716600E+03
  8.440000E+03  6.831074E+00 -1.331928E+00  1.474851E+01 -7.367886E+01 -9.036883E+01 -6.044525E+01  6.558704E-04 -1.175190E+05  1.721413E+03
  8.440000E+03  6.860302E+00 -7.058289E-01  1.430555E+01 -7.657671E+01 -9.494542E+01 -6.250868E+01 -3.557019E-04 -1.174695E+05  1.705474E+03
  8.440000E+03  6.662032E+00 -1.269873E+00  1.440957E+01 -7.668328E+01 -9.199661E+01 -6.487774E+01  3.364559E-04 -1.175104E+05  1.714522E+03
  8.440000E+03  6.855228E+00 -1.345687E+00  1.479182E+01 -7.325710E+01 -9.010297E+01 -5.986211E+01  7.508423E-04 -1.175248E+05  1.721572E+03
  8.440000E+03  6.695678E+00 -1.210441E+00  1.440955E+01 -7.656019E+01 -9.221991E+01 -6.437398E+01  3.609911E-04 -1.175158E+05  1.713219E+03
  8.440000E+03  6.725354E+00 -1.296675E+00  1.453565E+01 -7.536825E+01 -9.135579E+01 -6.300238E+01  7.330347E-04 -1.175479E+05  1.716233E+03
  8.440000E+03  6.708097E+00 -1.312144E+00  1.452072E+01 -7.556859E+01 -9.135510E+01 -6.336577E+01  7.042856E-04 -1.175427E+05  1.716404E+03
  8.440000E+03  6.714593E+00 -1.173918E+00  1.440940E+01 -7.648649E+01 -9.236453E+01 -6.408417E+01  3.690253E-04 -1.175181E+05  1.712504E+03
  8.440000E+03  7.777642E+00 -7.249127E-01  1.590227E+01 -6.127193E+01 -8.806698E+01 -3.794141E+01 -1.286195E-04 -1.173677E+05  1.741402E+03
  8.440000E+03  6.697171E+00 -1.342211E+00  1.452432E+01 -7.562448E+01 -9.123851E+01 -6.358706E+01  6.595291E-04 -1.175331E+05  1.717442E+03
  8.440000E+03  7.074933E+00 -1.396308E+00  1.517176E+01 -6.993527E+01 -8.857284E+01 -5.463965E+01  5.773049E-04 -1.174696E+05  1.730954E+03
  8.440000E+03  6.650337E+00 -1.386023E+00  1.447837E+01 -7.609230E+01 -9.127414E+01 -6.447664E+01  6.026308E-04 -1.175342E+05  1.717834E+03
  8.440000E+03  6.917164E+00 -7.013287E-01  1.434863E+01 -7.612482E+01 -9.456299E+01 -6.128012E+01  8.276311E-05 -1.175092E+05  1.704942E+03
  8.440000E+03  7.134020E+00 -1.145537E+00  1.511642E+01 -7.017152E+01 -8.974769E+01 -5.410071E+01  2.329063E-04 -1.174500E+05  1.728352E+03
  8.440000E+03  6.793085E+00 -9.853339E-01  1.438844E+01 -7.631127E+01 -9.322858E+01 -6.295730E+01  3.143874E-04 -1.175202E+05  1.709087E+03
  8.440000E+03  6.898191E+00 -6.646269E-01  1.431414E+01 -7.640664E+01 -9.501348E+01 -6.181561E+01 -2.437983E-04 -1.174812E+05  1.705029E+03
  8.440000E+03  6.790929E+00 -9.905035E-01  1.438909E+01 -7.631253E+01 -9.320424E+01 -6.298324E+01  3.238504E-04 -1.175208E+05  1.709160E+03
  8.440000E+03  6.911091E+00 -7.097183E-01  1.434400E+01 -7.619388E+01 -9.454674E+01 -6.141735E+01  8.226917E-05 -1.175079E+05  1.704919E+03
  8.440000E+03  7.159905E+00 -1.087131E+00  1.512349E+01 -7.003043E+01 -9.001399E+01 -5.360660E+01  1.274181E-04 -1.174402E+05  1.729331E+03
  8.440000E+03  6.695019E+00 -1.338484E+00  1.452048E+01 -7.564391E+01 -9.127549E+01 -6.361397E+01  6.768164E-04 -1.175344E+05  1.717326E+03
  8.440000E+03  6.712668E+00 -1.304002E+00  1.452125E+01 -7.554615E+01 -9.139914E+01 -6.327616E+01  7.026106E-04 -1.175431E+05  1.716488E+03
  8.440000E+03  6.753798E+00 -1.083176E+00  1.440084E+01 -7.636804E+01 -9.276998E+01 -6.349556E+01  3.877589E-04 -1.175231E+05  1.710704E+03
  8.440000E+03  6.765185E+00 -1.053696E+00  1.439666E+01 -7.634903E+01 -9.290841E+01 -6.333327E+01  3.803084E-04 -1.175235E+05  1.710144E+03
  8.440000E+03  6.702006E+00 -1.317591E+00  1.451539E+01 -7.564551E+01 -9.137498E+01 -6.351384E+01  6.848646E-04 -1.175373E+05  1.716764E+03
  8.440000E+03  6.654394E+00 -1.355765E+00  1.445864E+01 -7.629199E+01 -9.148144E+01 -6.461772E+01  5.014127E-04 -1.175227E+05  1.717328E+03
  8.440000E+03  6.681205E+00 -1.359230E+00  1.451754E+01 -7.569021E+01 -9.120513E+01 -6.379889E+01  7.135426E-04 -1.175368E+05  1.717552E+03
  8.440000E+03  6.869678E+00 -1.313503E+00  1.477146E+01 -7.338705E+01 -9.028577E+01 -5.977605E+01  7.879893E-04 -1.175289E+05  1.720823E+03
  8.440000E+03  6.841689E+00 -8.677457E-01  1.436748E+01 -7.629258E+01 -9.382475E+01 -6.235876E+01  2.066057E-04 -1.175118E+05  1.707526E+03
  8.440000E+03  6.747399E+00 -1.098646E+00  1.440156E+01 -7.638924E+01 -9.270452E+01 -6.359097E+01  4.027182E-04 -1.175232E+05  1.710996E+03
  8.440000E+03  6.851898E+00 -1.237731E+00  1.469847E+01 -7.388409E+01 -9.093522E+01 -6.041951E+01  6.941513E-04 -1.175275E+05  1.718764E+03
  8.440000E+03  6.662676E+00 -1.396082E+00  1.452152E+01 -7.568082E+01 -9.103815E+01 -6.395872E+01  7.963540E-04 -1.175441E+05  1.718073E+03
  8.440000E+03  6.796419E+00 -9.773389E-01  1.438656E+01 -7.630464E+01 -9.327040E+01 -6.289613E+01  3.469762E-04 -1.175220E+05  1.708952E+03
  8.440000E+03  6.714571E+00 -1.172156E+00  1.440433E+01 -7.652231E+01 -9.239536E+01 -6.410912E+01  4.024062E-04 -1.175189E+05  1.712447E+03
  8.440000E+03  6.670734E+00 -1.396884E+00  1.453616E+01 -7.553593E+01 -9.097624E+01 -6.373296E+01  8.281821E-04 -1.175470E+05  1.718283E+03
  8.440000E+03  6.864888E+00 -1.278774E+00  1.474711E+01 -7.354410E+01 -9.055463E+01 -5.997910E+01  7.342620E-04 -1.175256E+05  1.720167E+03
  8.440000E+03  6.714058E+00 -1.288799E+00  1.451008E+01 -7.563974E+01 -9.151702E+01 -6.334155E+01  6.757160E-04 -1.175393E+05  1.716283E+03
  8.440000E+03  7.696053E+00 -6.899123E-01  1.575080E+01 -6.290891E+01 -8.872039E+01 -4.052303E+01 -6.877090E-05 -1.173840E+05  1.737843E+03
  8.440000E+03  7.135806E+00 -1.143405E+00  1.511317E+01 -7.020130E+01 -8.976606E+01 -5.409847E+01  2.596033E-04 -1.174502E+05  1.728372E+03
  8.440000E+03  6.865131E+00 -1.210663E+00  1.469695E+01 -7.384380E+01 -9.104502E+01 -6.023053E+01  6.978829E-04 -1.175283E+05  1.718327E+03
  8.440000E+03  6.793559E+00 -9.840343E-01  1.438705E+01 -7.630610E+01 -9.324078E+01 -6.292681E+01  3.706648E-04 -1.175233E+05  1.709041E+03
  8.440000E+03  6.711173E+00 -1.290422E+00  1.450585E+01 -7.567663E+01 -9.152445E+01 -6.341214E+01  6.920324E-04 -1.175396E+05  1.716165E+03
  8.440000E+03  6.718908E+00 -1.163830E+00  1.440336E+01 -7.650927E+01 -9.243466E+01 -6.404218E+01  4.178716E-04 -1.175200E+05  1.712305E+03
  8.440000E+03  6.690325E+00 -1.223630E+00  1.440578E+01 -7.659975E+01 -9.218842E+01 -6.446456E+01  4.238647E-04 -1.175177E+05  1.713503E+03
  8.440000E+03  6.731562E+00 -1.136433E+00  1.440250E+01 -7.645496E+01 -9.254955E+01 -6.383896E+01  4.264048E-04 -1.175221E+05  1.711766E+03
  8.440000E+03  7.045608E+00 -2.769217E-01  1.418791E+01 -7.675092E+01 -9.715265E+01 -6.008004E+01 -6.748783E-04 -1.174570E+05  1.699197E+03
  8.440000E+03  7.008576E+00 -1.224701E+00  1.493149E+01 -7.187759E+01 -9.007154E+01 -5.710895E+01  4.917400E-04 -1.174870E+05  1.723975E+03
  8.440000E+03  7.518014E+00 -8.597081E-01  1.557978E+01 -6.510829E+01 -8.891114E+01 -4.473372E+01  9.438744E-05 -1.174072E+05  1.735335E+03
  8.440000E+03  6.847682E+00 -6.427184E-01  1.417660E+01 -7.766514E+01 -9.588724E+01 -6.349971E+01 -6.319510E-04 -1.174445E+05  1.703956E+03
  8.440000E+03  7.082752E+00 -1.283211E+00  1.511306E+01 -7.039975E+01 -8.921147E+01 -5.488477E+01  4.623330E-04 -1.174636E+05  1.729210E+03
  8.440000E+03  6.927551E+00 -1.255017E+00  1.481720E+01 -7.292406E+01 -9.037235E+01 -5.881485E+01  6.492548E-04 -1.175100E+05  1.721684E+03
  8.440000E+03  7.102563E+00 -1.238347E+00  1.511457E+01 -7.032126E+01 -8.940165E+01 -5.459772E+01  3.841349E-04 -1.174573E+05  1.729260E+03
  8.440000E+03  6.912709E+00 -1.249820E+00  1.479063E+01 -7.312884E+01 -9.050847E+01 -5.911187E+01  6.870270E-04 -1.175163E+05  1.721167E+03
  8.440000E+03  7.161351E+00 -1.085874E+00  1.511565E+01 -7.010977E+01 -9.003488E+01 -5.367801E+01  1.591586E-04 -1.174397E+05  1.729159E+03
  8.440000E+03  7.762302E+00 -7.717776E-01  1.590630E+01 -6.125055E+01 -8.788631E+01 -3.790541E+01  1.570295E-04 -1.173881E+05  1.741115E+03
  8.440000E+03  6.950592E+00 -1.273177E+00  1.486758E+01 -7.247725E+01 -9.011722E+01 -5.824851E+01  6.360838E-04 -1.175044E+05  1.722884E+03
  8.440000E+03  6.827817E+00 -9.060731E-01  1.437658E+01 -7.625072E+01 -9.362411E+01 -6.246239E+01  3.295395E-04 -1.175199E+05  1.708085E+03
  8.440000E+03  6.902638E+00 -1.187194E+00  1.473191E+01 -7.354491E+01 -9.100227E+01 -5.954180E+01  6.479117E-04 -1.175190E+05  1.719284E+03
  8.440000E+03  6.713047E+00 -1.180392E+00  1.440432E+01 -7.651724E+01 -9.236689E+01 -6.411330E+01  4.569567E-04 -1.175217E+05  1.712667E+03
  8.440000E+03  7.423817E+00 -9.363319E-01  1.547638E+01 -6.632302E+01 -8.908810E+01 -4.685079E+01  2.227661E-04 -1.174249E+05  1.734308E+03
  8.440000E+03  6.733891E+00 -1.129978E+00  1.439866E+01 -7.646720E+01 -9.259182E+01 -6.381413E+01  4.554954E-04 -1.175238E+05  1.711582E+03
  8.440000E+03  6.900801E+00 -1.234478E+00  1.475931E+01 -7.334895E+01 -9.069190E+01 -5.941579E+01  7.339689E-04 -1.175231E+05  1.720180E+03
  8.440000E+03  6.715254E+00 -1.264473E+00  1.448591E+01 -7.581025E+01 -9.170814E+01 -6.346811E+01  6.988120E-04 -1.175401E+05  1.715399E+03
  8.440000E+03  6.717985E+00 -1.170349E+00  1.440359E+01 -7.649863E+01 -9.241087E+01 -6.403461E+01  4.689048E-04 -1.175230E+05  1.712467E+03
  8.440000E+03  6.714920E+00 -1.264679E+00  1.448499E+01 -7.581578E+01 -9.170924E+01 -6.347634E+01  7.069974E-04 -1.175407E+05  1.715352E+03
  8.440000E+03  7.063377E+00 -1.145870E+00  1.495102E+01 -7.161346E+01 -9.031175E+01 -5.619873E+01  4.119676E-04 -1.174774E+05  1.724387E+03
  8.440000E+03  7.011635E+00 -5.150086E-01  1.436871E+01 -7.557949E+01 -9.525942E+01 -5.943446E+01  4.905883E-05 -1.175076E+05  1.704625E+03
  8.440000E+03  6.901210E+00 -7.225936E-01  1.433496E+01 -7.632526E+01 -9.452755E+01 -6.162025E+01  1.455615E-04 -1.175073E+05  1.704922E+03
  8.440000E+03  7.771565E+00 -5.793432E-01  1.577295E+01 -6.229912E+01 -8.885787E+01 -3.919350E+01 -4.724138E-05 -1.173842E+05  1.736745E+03
  8.440000E+03  6.752090E+00 -1.083172E+00  1.439212E+01 -7.642192E+01 -9.280725E+01 -6.353581E+01  4.767593E-04 -1.175275E+05  1.710558E+03
  8.440000E+03  6.724878E+00 -1.154484E+00  1.440122E+01 -7.648112E+01 -9.248411E+01 -6.393111E+01  4.854082E-04 -1.175248E+05  1.712108E+03
  8.440000E+03  6.908220E+00 -1.181751E+00  1.473142E+01 -7.353024E+01 -9.102255E+01 -5.946225E+01  6.775726E-04 -1.175204E+05  1.719232E+03
  8.440000E+03  6.715536E+00 -1.259796E+00  1.447924E+01 -7.584984E+01 -9.174485E+01 -6.349213E+01  7.316652E-04 -1.175429E+05  1.715057E+03
  8.440000E+03  7.186580E+00 -1.032103E+00  1.511236E+01 -7.005040E+01 -9.024592E+01 -5.335634E+01  1.146370E-04 -1.174348E+05  1.728807E+03
  8.440000E+03  6.769932E+00 -1.039693E+00  1.438902E+01 -7.636395E+01 -9.300210E+01 -6.324945E+01  4.767134E-04 -1.175288E+05  1.709837E+03
  8.440000E+03  6.803320E+00 -1.215318E+00  1.459265E+01 -7.471131E+01 -9.150785E+01 -6.162254E+01  7.423399E-04 -1.175381E+05  1.716936E+03
  8.440000E+03  6.947381E+00 -1.237902E+00  1.482578E+01 -7.277400E+01 -9.041612E+01 -5.850793E+01  6.791331E-04 -1.175103E+05  1.721743E+03
  8.440000E+03  6.923005E+00 -1.119772E+00  1.471325E+01 -7.359247E+01 -9.136228E+01 -5.938029E+01  5.792195E-04 -1.175140E+05  1.718261E+03
  8.440000E+03  7.172629E+00 -9.736184E-01  1.505477E+01 -7.056254E+01 -9.062076E+01 -5.400262E+01  3.493805E-05 -1.174314E+05  1.726140E+03
  8.440000E+03  6.896260E+00 -7.342055E-01  1.433699E+01 -7.631769E+01 -9.447529E+01 -6.166893E+01  1.840602E-04 -1.175095E+05  1.705108E+03
  8.440000E+03  7.174653E+00 -1.059699E+00  1.511072E+01 -7.011494E+01 -9.014943E+01 -5.354567E+01  1.529482E-04 -1.174369E+05  1.729013E+03
  8.440000E+03  6.946309E+00 -1.188363E+00  1.479063E+01 -7.301538E+01 -9.075573E+01 -5.866413E+01  6.693118E-04 -1.175125E+05  1.720586E+03
  8.440000E+03  7.224634E+00 -9.338382E-01  1.511018E+01 -6.988488E+01 -9.057467E+01 -5.276811E+01  6.685320E-05 -1.174337E+05  1.727287E+03
  8.440000E+03  7.118838E+00 -1.218313E+00  1.512432E+01 -7.018906E+01 -8.943625E+01 -5.427288E+01  4.170085E-04 -1.174577E+05  1.729280E+03
  8.440000E+03  6.915900E+00 -1.149167E+00  1.471739E+01 -7.360366E+01 -9.120848E+01 -5.943809E+01  6.575776E-04 -1.175191E+05  1.718586E+03
  8.440000E+03  6.939590E+00 -1.175315E+00  1.476921E+01 -7.317124E+01 -9.089089E+01 -5.884898E+01  6.916731E-04 -1.175166E+05  1.719937E+03
  8.440000E+03  6.774936E+00 -1.029020E+00  1.438772E+01 -7.634786E+01 -9.305365E+01 -6.316151E+01  4.995201E-04 -1.175304E+05  1.709691E+03
  8.440000E+03  6.854430E+00 -1.139090E+00  1.461020E+01 -7.445113E+01 -9.168903E+01 -6.082615E+01  7.266300E-04 -1.175360E+05  1.715726E+03
  8.440000E+03  7.146042E+00 -1.249748E+00  1.520123E+01 -6.946041E+01 -8.908751E+01 -5.319444E+01  5.029058E-04 -1.174608E+05  1.731600E+03
  8.440000E+03  7.125474E+00 -1.188735E+00  1.511243E+01 -7.025003E+01 -8.957964E+01 -5.426280E+01  4.029486E-04 -1.174577E+05  1.728618E+03
  8.440000E+03  6.928490E+00 -6.603766E-01  1.433168E+01 -7.625918E+01 -9.481828E+01 -6.111755E+01  1.086151E-04 -1.175052E+05  1.704822E+03
  8.440000E+03  6.853637E+00 -8.432056E-01  1.435961E+01 -7.623020E+01 -9.395231E+01 -6.213143E+01  3.792208E-04 -1.175243E+05  1.706772E+03
  8.440000E+03  6.936673E+00 -6.295229E-01  1.431986E+01 -7.632448E+01 -9.499182E+01 -6.101629E+01  8.360089E-05 -1.175040E+05  1.704297E+03
  8.440000E+03  6.935110E+00 -1.079699E+00  1.470051E+01 -7.367143E+01 -9.158726E+01 -5.930678E+01  5.103859E-04 -1.175071E+05  1.717925E+03
  8.440000E+03  7.193894E+00 -1.015003E+00  1.510736E+01 -7.007190E+01 -9.031448E+01 -5.329992E+01  1.251218E-04 -1.174341E+05  1.728478E+03
  8.440000E+03  6.887889E+00 -7.562877E-01  1.434088E+01 -7.629489E+01 -9.437347E+01 -6.174967E+01  2.552059E-04 -1.175143E+05  1.705425E+03
  8.440000E+03  7.134321E+00 -1.205742E+00  1.514191E+01 -6.999624E+01 -8.940408E+01 -5.391725E+01  4.389184E-04 -1.174579E+05  1.729282E+03
  8.440000E+03  7.087456E+00 -1.067402E+00  1.492393E+01 -7.173859E+01 -9.070966E+01 -5.600602E+01  3.944755E-04 -1.174753E+05  1.723237E+03
  8.440000E+03  6.968161E+00 -1.159761E+00  1.479610E+01 -7.292702E+01 -9.083772E+01 -5.834817E+01  6.594777E-04 -1.175097E+05  1.720468E+03
  8.440000E+03  7.231999E+00 -9.133294E-01  1.510337E+01 -6.991456E+01 -9.065287E+01 -5.271241E+01  8.571707E-05 -1.174342E+05  1.726742E+03
  8.440000E+03  6.720119E+00 -1.236334E+00  1.445586E+01 -7.596928E+01 -9.188593E+01 -6.349708E+01  8.622733E-04 -1.175561E+05  1.713497E+03
  8.440000E+03  7.122697E+00 -1.194520E+00  1.510606E+01 -7.029783E+01 -8.956943E+01 -5.434085E+01  4.487422E-04 -1.174617E+05  1.728366E+03
  8.440000E+03  7.141272E+00 -1.188920E+00  1.513971E+01 -6.999019E+01 -8.946049E+01 -5.383952E+01  4.375677E-04 -1.174578E+05  1.728908E+03
  8.440000E+03  7.235303E+00 -9.041401E-01  1.510180E+01 -6.991218E+01 -9.068472E+01 -5.267302E+01  8.850517E-05 -1.174343E+05  1.726532E+03
  8.440000E+03  7.191412E+00 -1.021995E+00  1.510555E+01 -7.010151E+01 -9.029376E+01 -5.335283E+01  1.455027E-04 -1.174348E+05  1.728526E+03
  8.440000E+03  7.222073E+00 -9.391123E-01  1.510156E+01 -6.998790E+01 -9.057729E+01 -5.289464E+01  1.001323E-04 -1.174336E+05  1.727177E+03
  8.440000E+03  6.924007E+00 -1.125084E+00  1.470460E+01 -7.367979E+01 -9.133101E+01 -5.940649E+01  6.847556E-04 -1.175206E+05  1.717829E+03
  8.440000E+03  6.865866E+00 -1.097166E+00  1.457905E+01 -7.463146E+01 -9.202113E+01 -6.082378E+01  7.145087E-04 -1.175362E+05  1.715284E+03
  8.440000E+03  6.749782E+00 -1.092861E+00  1.439084E+01 -7.641732E+01 -9.277521E+01 -6.352218E+01  5.823515E-04 -1.175342E+05  1.710731E+03
  8.440000E+03  6.884850E+00 -7.709712E-01  1.434523E+01 -7.624311E+01 -9.429876E+01 -6.173681E+01  3.316235E-04 -1.175205E+05  1.705681E+03
  8.440000E+03  7.194331E+00 -1.014959E+00  1.510413E+01 -7.010326E+01 -9.032073E+01 -5.332013E+01  1.484912E-04 -1.174347E+05  1.728408E+03
  8.440000E+03  7.115294E+00 -1.205416E+00  1.508826E+01 -7.045014E+01 -8.957427E+01 -5.458473E+01  5.041184E-04 -1.174677E+05  1.727866E+03
  8.440000E+03  6.878644E+00 -7.922671E-01  1.435196E+01 -7.619059E+01 -9.418858E+01 -6.177041E+01  3.871361E-04 -1.175253E+05  1.706070E+03
  8.440000E+03  7.144657E+00 -1.133427E+00  1.510391E+01 -7.025293E+01 -8.984800E+01 -5.399146E+01  3.615385E-04 -1.174536E+05  1.728634E+03
  8.440000E+03  7.681298E+00 -5.728136E-01  1.564158E+01 -6.385231E+01 -8.939436E+01 -4.177052E+01 -6.636578E-05 -1.173876E+05  1.733569E+03
  8.440000E+03  6.874458E+00 -8.082846E-01  1.435812E+01 -7.614167E+01 -9.410243E+01 -6.177971E+01  4.287548E-04 -1.175288E+05  1.706415E+03
  8.440000E+03  7.179683E+00 -1.144175E+00  1.520193E+01 -6.932641E+01 -8.945198E+01 -5.256578E+01  4.710772E-04 -1.174586E+05  1.730505E+03
  8.440000E+03  6.945353E+00 -1.130303E+00  1.472884E+01 -7.343780E+01 -9.118346E+01 -5.897881E+01  7.659258E-04 -1.175248E+05  1.718122E+03
  8.440000E+03  6.733174E+00 -1.189609E+00  1.443652E+01 -7.606790E+01 -9.215708E+01 -6.339422E+01  8.594213E-04 -1.175564E+05  1.712476E+03
  8.440000E+03  7.785053E+00 -4.889949E-01  1.573005E+01 -6.256470E+01 -8.924202E+01 -3.934452E+01 -5.891319E-05 -1.173840E+05  1.735106E+03
  8.440000E+03  7.252515E+00 -8.534873E-01  1.509397E+01 -6.988874E+01 -9.085756E+01 -5.245532E+01  1.001666E-04 -1.174354E+05  1.725348E+03
  8.440000E+03  7.145295E+00 -1.141745E+00  1.510623E+01 -7.022952E+01 -8.981425E+01 -5.394624E+01  3.923641E-04 -1.174559E+05  1.728907E+03
  8.440000E+03  7.205313E+00 -9.857292E-01  1.509980E+01 -7.009538E+01 -9.042928E+01 -5.318483E+01  1.441834E-04 -1.174342E+05  1.727914E+03
  8.440000E+03  6.916314E+00 -1.081425E+00  1.464747E+01 -7.405625E+01 -9.175676E+01 -5.979029E+01  7.090601E-04 -1.175277E+05  1.716291E+03
  8.440000E+03  6.936805E+00 -1.000855E+00  1.462778E+01 -7.411833E+01 -9.216958E+01 -5.947705E+01  6.580321E-04 -1.175276E+05  1.715226E+03
  8.440000E+03  6.740410E+00 -1.172002E+00  1.443384E+01 -7.606100E+01 -9.224359E+01 -6.328259E+01  8.670311E-04 -1.175572E+05  1.712230E+03
  8.440000E+03  7.535950E+00 -7.169700E-01  1.549353E+01 -6.560917E+01 -8.958747E+01 -4.507314E+01  1.918178E-04 -1.174222E+05  1.731191E+03
  8.440000E+03  6.893408E+00 -1.016572E+00  1.457251E+01 -7.461544E+01 -9.233415E+01 -6.034123E+01  7.160580E-04 -1.175368E+05  1.713915E+03
  8.440000E+03  7.184447E+00 -1.047043E+00  1.510746E+01 -7.011552E+01 -9.019635E+01 -5.340099E+01  2.245817E-04 -1.174396E+05  1.728927E+03
  8.440000E+03  6.985300E+00 -1.095079E+00  1.476274E+01 -7.312821E+01 -9.116585E+01 -5.829377E+01  6.947673E-04 -1.175138E+05  1.718508E+03
  8.440000E+03  7.797633E+00 -4.392250E-01  1.571987E+01 -6.260771E+01 -8.940733E+01 -3.924698E+01 -1.223394E-04 -1.173781E+05  1.734685E+03
  8.440000E+03  7.788923E+00 -4.948941E-01  1.573037E+01 -6.255214E+01 -8.920456E+01 -3.927984E+01 -1.552638E-05 -1.173872E+05  1.735053E+03
  8.440000E+03  6.947003E+00 -9.800339E-01  1.462580E+01 -7.410795E+01 -9.223663E+01 -5.933739E+01  6.684312E-04 -1.175283E+05  1.714716E+03
  8.440000E+03  7.547845E+00 -6.991382E-01  1.550024E+01 -6.547786E+01 -8.955923E+01 -4.481301E+01  2.560993E-04 -1.174280E+05  1.730280E+03
  8.440000E+03  7.240786E+00 -8.258639E-01  1.506129E+01 -7.018666E+01 -9.107796E+01 -5.285463E+01  7.523931E-05 -1.174326E+05  1.724207E+03
  8.440000E+03  7.744051E+00 -8.081504E-01  1.591589E+01 -6.136352E+01 -8.783876E+01 -3.821323E+01  1.302403E-04 -1.173700E+05  1.742936E+03
  8.440000E+03  7.277285E+00 -1.020979E+00  1.527926E+01 -6.834046E+01 -8.961075E+01 -5.034428E+01  4.651406E-04 -1.174568E+05  1.731659E+03
  8.440000E+03  6.951679E+00 -9.990135E-01  1.464345E+01 -7.399089E+01 -9.209499E+01 -5.920456E+01  6.714250E-04 -1.175259E+05  1.715566E+03
  8.440000E+03  6.781560E+00 -1.118702E+00  1.445154E+01 -7.578350E+01 -9.239729E+01 -6.258074E+01  8.849346E-04 -1.175583E+05  1.711977E+03
  8.440000E+03  7.554139E+00 -6.769383E-01  1.549200E+01 -6.549523E+01 -8.967254E+01 -4.477468E+01  2.412135E-04 -1.174274E+05  1.730164E+03
  8.440000E+03  7.195622E+00 -1.029443E+00  1.511376E+01 -7.002161E+01 -9.023375E+01 -5.315936E+01  2.406425E-04 -1.174402E+05  1.728924E+03
  8.440000E+03  6.948031E+00 -1.034869E+00  1.465646E+01 -7.392693E+01 -9.192600E+01 -5.925209E+01  6.682493E-04 -1.175226E+05  1.716712E+03
  8.440000E+03  7.248715E+00 -8.640065E-01  1.508829E+01 -6.997032E+01 -9.083958E+01 -5.255924E+01  1.325814E-04 -1.174361E+05  1.725475E+03
  8.440000E+03  7.542607E+00 -6.946400E-01  1.549506E+01 -6.554385E+01 -8.960017E+01 -4.484171E+01  2.755906E-04 -1.174303E+05  1.730374E+03
  8.440000E+03  7.206859E+00 -9.843365E-01  1.509637E+01 -7.011969E+01 -9.043605E+01 -5.316556E+01  1.922926E-04 -1.174370E+05  1.727785E+03
  8.440000E+03  7.809246E+00 -6.133213E-01  1.586013E+01 -6.124416E+01 -8.842218E+01 -3.753034E+01  2.574103E-04 -1.173984E+05  1.738362E+03
  8.440000E+03  7.781170E+00 -6.973618E-01  1.587706E+01 -6.141378E+01 -8.816881E+01 -3.799796E+01  1.821663E-04 -1.173833E+05  1.739932E+03
  8.440000E+03  7.241351E+00 -8.810798E-01  1.508505E+01 -7.003907E+01 -9.079955E+01 -5.270589E+01  1.405169E-04 -1.174358E+05  1.725757E+03
  8.440000E+03  6.950712E+00 -7.161054E-01  1.440794E+01 -7.553673E+01 -9.425828E+01 -6.030954E+01  4.233380E-04 -1.175256E+05  1.707132E+03
  8.440000E+03  6.969770E+00 -5.251603E-01  1.428482E+01 -7.646038E+01 -9.559272E+01 -6.057483E+01  4.888889E-05 -1.174985E+05  1.703088E+03
  8.440000E+03  6.960293E+00 -9.624014E-01  1.462726E+01 -7.407702E+01 -9.227306E+01 -5.914010E+01  6.941408E-04 -1.175289E+05  1.714403E+03
  8.440000E+03  7.226248E+00 -9.213687E-01  1.508396E+01 -7.013023E+01 -9.067951E+01 -5.296265E+01  1.575695E-04 -1.174356E+05  1.726497E+03
  8.440000E+03  6.954667E+00 -1.063771E+00  1.468347E+01 -7.374139E+01 -9.159859E+01 -5.907692E+01  7.800694E-04 -1.175280E+05  1.716209E+03
  8.440000E+03  6.768977E+00 -1.069146E+00  1.439979E+01 -7.622752E+01 -9.282897E+01 -6.307198E+01  7.579400E-04 -1.175474E+05  1.710383E+03
  8.440000E+03  6.952303E+00 -1.079236E+00  1.468816E+01 -7.371536E+01 -9.150737E+01 -5.906769E+01  8.281477E-04 -1.175317E+05  1.716378E+03
  8.440000E+03  6.882344E+00 -8.435217E-01  1.439892E+01 -7.580238E+01 -9.381440E+01 -6.140361E+01  5.405149E-04 -1.175338E+05  1.708296E+03
  8.440000E+03  7.052726E+00 -1.011371E+00  1.480853E+01 -7.264422E+01 -9.130022E+01 -5.712277E+01  5.685291E-04 -1.174964E+05  1.718992E+03
  8.440000E+03  7.800912E+00 -3.902192E-01  1.569686E+01 -6.281358E+01 -8.968583E+01 -3.934816E+01 -2.173410E-04 -1.173689E+05  1.735162E+03
  8.440000E+03  6.803942E+00 -9.657373E-01  1.437359E+01 -7.629131E+01 -9.339582E+01 -6.271122E+01  6.260030E-04 -1.175385E+05  1.708811E+03
  8.440000E+03  6.955661E+00 -8.903057E-01  1.457086E+01 -7.442272E+01 -9.279789E+01 -5.941023E+01  6.928245E-04 -1.175342E+05  1.712061E+03
  8.440000E+03  7.879924E+00 -3.894832E-01  1.579281E+01 -6.160511E+01 -8.917337E+01 -3.729258E+01 -8.795338E-05 -1.173748E+05  1.735971E+03
  8.440000E+03  7.804051E+00 -3.813024E-01  1.569447E+01 -6.281209E+01 -8.970615E+01 -3.931764E+01 -2.076612E-04 -1.173698E+05  1.734876E+03
  8.440000E+03  7.219707E+00 -9.686565E-01  1.510592E+01 -6.997881E+01 -9.043636E+01 -5.284635E+01  2.577003E-04 -1.174420E+05  1.727594E+03
  8.440000E+03  7.875952E+00 -4.360112E-01  1.582690E+01 -6.118072E+01 -8.891135E+01 -3.675285E+01  1.540522E-04 -1.173965E+05  1.736318E+03
  8.440000E+03  7.229866E+00 -1.016064E+00  1.518225E+01 -6.926126E+01 -8.997547E+01 -5.185484E+01  4.818360E-04 -1.174606E+05  1.729241E+03
  8.440000E+03  6.961191E+00 -8.717276E-01  1.456478E+01 -7.444065E+01 -9.289946E+01 -5.935578E+01  6.844296E-04 -1.175336E+05  1.711752E+03
  8.440000E+03  7.093939E+00 -9.894243E-01  1.486416E+01 -7.216119E+01 -9.116318E+01 -5.622989E+01  4.935807E-04 -1.174840E+05  1.720363E+03
  8.440000E+03  7.585645E+00 -6.085911E-01  1.549884E+01 -6.532825E+01 -8.994970E+01 -4.412482E+01  1.292757E-04 -1.174141E+05  1.732042E+03
  8.440000E+03  6.782680E+00 -1.025745E+00  1.438437E+01 -7.628700E+01 -9.308094E+01 -6.295404E+01  7.351991E-04 -1.175455E+05  1.709575E+03
  8.440000E+03  7.238397E+00 -9.580133E-01  1.513547E+01 -6.964527E+01 -9.034537E+01 -5.227877E+01  3.270006E-04 -1.174474E+05  1.727791E+03
  8.440000E+03  6.936846E+00 -7.430673E-01  1.440699E+01 -7.558065E+01 -9.415848E+01 -6.048795E+01  4.996430E-04 -1.175304E+05  1.707414E+03
  8.440000E+03  7.603139E+00 -5.776642E-01  1.551361E+01 -6.515885E+01 -8.996557E+01 -4.373507E+01  8.427707E-05 -1.174087E+05  1.732060E+03
  8.440000E+03  7.240705E+00 -9.555898E-01  1.513925E+01 -6.959841E+01 -9.033472E+01 -5.219525E+01  3.458484E-04 -1.174489E+05  1.727749E+03
  8.440000E+03  6.804183E+00 -9.599525E-01  1.436557E+01 -7.634195E+01 -9.345554E+01 -6.275056E+01  6.466847E-04 -1.175392E+05  1.708583E+03
  8.440000E+03  6.837782E+00 -8.997637E-01  1.436455E+01 -7.619488E+01 -9.372025E+01 -6.224913E+01  6.273920E-04 -1.175402E+05  1.707907E+03
  8.440000E+03  7.544689E+00 -6.222967E-01  1.544165E+01 -6.595291E+01 -9.005925E+01 -4.522593E+01  2.100296E-04 -1.174256E+05  1.729381E+03
  8.440000E+03  7.631413E+00 -5.302802E-01  1.553030E+01 -6.490804E+01 -8.999781E+01 -4.318245E+01  4.804672E-05 -1.174042E+05  1.731651E+03
  8.440000E+03  7.269900E+00 -7.967520E-01  1.507547E+01 -6.997690E+01 -9.107846E+01 -5.226879E+01  1.558334E-04 -1.174386E+05  1.724029E+03
  8.440000E+03  7.077613E+00 -1.015899E+00  1.486032E+01 -7.224903E+01 -9.108260E+01 -5.643677E+01  5.417660E-04 -1.174880E+05  1.720651E+03
  8.440000E+03  7.230139E+00 -9.087025E-01  1.507218E+01 -7.020904E+01 -9.074267E+01 -5.295921E+01  2.207644E-04 -1.174403E+05  1.725917E+03
  8.440000E+03  7.271384E+00 -7.832618E-01  1.507452E+01 -6.997263E+01 -9.113428E+01 -5.222339E+01  1.372520E-04 -1.174375E+05  1.723920E+03
  8.440000E+03  7.001787E+00 -8.183516E-01  1.458576E+01 -7.419014E+01 -9.300951E+01 -5.865741E+01  6.380469E-04 -1.175267E+05  1.711903E+03
  8.440000E+03  7.240469E+00 -9.526864E-01  1.514019E+01 -6.957492E+01 -9.033088E+01 -5.213956E+01  3.907802E-04 -1.174529E+05  1.727539E+03
  8.440000E+03  7.787931E+00 -6.624283E-01  1.586116E+01 -6.148325E+01 -8.831537E+01 -3.802541E+01  2.174583E-04 -1.173852E+05  1.739328E+03
  8.440000E+03  6.979517E+00 -1.011044E+00  1.467609E+01 -7.371570E+01 -9.182336E+01 -5.866225E+01  8.291317E-04 -1.175327E+05  1.715630E+03
  8.440000E+03  6.969957E+00 -1.003875E+00  1.465778E+01 -7.387363E+01 -9.195291E+01 -5.887202E+01  8.057600E-04 -1.175320E+05  1.715518E+03
  8.440000E+03  7.810531E+00 -3.786956E-01  1.568090E+01 -6.283074E+01 -8.967978E+01 -3.928805E+01 -2.801287E-05 -1.173871E+05  1.733309E+03
  8.440000E+03  7.255381E+00 -9.091819E-01  1.512371E+01 -6.965391E+01 -9.051816E+01 -5.208148E+01  3.574975E-04 -1.174512E+05  1.726513E+03
  8.440000E+03  7.241383E+00 -8.981356E-01  1.508094E+01 -7.008232E+01 -9.072742E+01 -5.268862E+01  2.718132E-04 -1.174448E+05  1.725771E+03
  8.440000E+03  7.257268E+00 -9.033009E-01  1.512210E+01 -6.965769E+01 -9.054049E+01 -5.206086E+01  3.596202E-04 -1.174516E+05  1.726372E+03
  8.440000E+03  7.915238E+00 -3.236281E-01  1.579604E+01 -6.136888E+01 -8.928161E+01 -3.668370E+01 -7.793740E-05 -1.173744E+05  1.735369E+03
  8.440000E+03  7.074578E+00 -9.348396E-01  1.478689E+01 -7.275352E+01 -9.169681E+01 -5.685986E+01  5.100895E-04 -1.174916E+05  1.718377E+03
  8.440000E+03  7.868597E+00 -3.531988E-01  1.574537E+01 -6.200017E+01 -8.942742E+01 -3.777732E+01  7.906308E-06 -1.173867E+05  1.734313E+03
