  8.440000E+03  6.764493E+00 -1.301092E+00  1.459315E+01 -7.526324E+01 -9.121944E+01 -6.301590E+01 -6.066863E-04 -1.174516E+05  1.720436E+03
  8.440000E+03  6.351742E+00 -1.478856E+00  1.395603E+01 -8.095793E+01 -9.291501E+01 -7.231315E+01 -7.649032E-04 -1.174693E+05  1.709927E+03
  8.440000E+03  6.816734E+00 -1.195631E+00  1.458664E+01 -7.508051E+01 -9.170628E+01 -6.228938E+01 -6.526832E-04 -1.174530E+05  1.718996E+03
  8.440000E+03  6.751744E+00 -1.318896E+00  1.458708E+01 -7.535564E+01 -9.116318E+01 -6.323821E+01 -5.982855E-04 -1.174515E+05  1.720511E+03
  8.440000E+03  6.243485E+00 -1.439724E+00  1.371072E+01 -8.272362E+01 -9.416949E+01 -7.458763E+01 -5.717203E-04 -1.175093E+05  1.703723E+03
  8.440000E+03  6.664253E+00 -1.472940E+00  1.458509E+01 -7.543560E+01 -9.041676E+01 -6.409509E+01 -7.152152E-06 -1.175006E+05  1.720277E+03
  8.440000E+03  6.244456E+00 -1.451184E+00  1.372500E+01 -8.262444E+01 -9.405230E+01 -7.453272E+01 -5.700909E-04 -1.175075E+05  1.704246E+03
  8.440000E+03  5.659277E+00 -1.886100E+00  1.295132E+01 -8.898455E+01 -9.489210E+01 -8.592191E+01 -5.104496E-04 -1.175406E+05  1.695770E+03
  8.440000E+03  6.576437E+00 -1.363212E+00  1.426099E+01 -7.822922E+01 -9.226050E+01 -6.767888E+01 -7.410890E-04 -1.174566E+05  1.714927E+03
  8.440000E+03  6.827798E+00 -1.168524E+00  1.458054E+01 -7.508172E+01 -9.184773E+01 -6.216880E+01 -6.685168E-04 -1.174522E+05  1.718585E+03
  8.440000E+03  6.311101E+00 -1.566242E+00  1.397298E+01 -8.088770E+01 -9.242036E+01 -7.280802E+01 -6.675883E-04 -1.174723E+05  1.711478E+03
  8.440000E+03  6.884474E+00 -1.063654E+00  1.457834E+01 -7.493095E+01 -9.229544E+01 -6.143770E+01 -8.110561E-04 -1.174425E+05  1.717559E+03
  8.440000E+03  6.682179E+00 -1.428690E+00  1.457797E+01 -7.537590E+01 -9.063386E+01 -6.383136E+01  3.592338E-05 -1.175074E+05  1.719253E+03
  8.440000E+03  6.526441E+00 -1.615696E+00  1.442568E+01 -7.712295E+01 -9.026874E+01 -6.748068E+01 -2.329145E-04 -1.174791E+05  1.718352E+03
  8.440000E+03  6.849653E+00 -1.123125E+00  1.457504E+01 -7.504900E+01 -9.206322E+01 -6.190642E+01 -7.169408E-04 -1.174493E+05  1.718030E+03
  8.440000E+03  6.299113E+00 -1.468357E+00  1.384296E+01 -8.178530E+01 -9.344391E+01 -7.342112E+01 -6.462585E-04 -1.174882E+05  1.707187E+03
  8.440000E+03  6.309071E+00 -1.583107E+00  1.398627E+01 -8.077918E+01 -9.228089E+01 -7.275970E+01 -6.173110E-04 -1.174752E+05  1.711886E+03
  8.440000E+03  6.332843E+00 -1.522939E+00  1.396818E+01 -8.088679E+01 -9.265244E+01 -7.251209E+01 -6.882218E-04 -1.174720E+05  1.710763E+03
  8.440000E+03  6.686596E+00 -1.405859E+00  1.455259E+01 -7.579492E+01 -9.091415E+01 -6.436760E+01 -5.263718E-04 -1.174549E+05  1.720734E+03
  8.440000E+03  6.348191E+00 -1.432998E+00  1.390019E+01 -8.133051E+01 -9.337473E+01 -7.255637E+01 -7.327710E-04 -1.174760E+05  1.707986E+03
  8.440000E+03  6.637831E+00 -1.540908E+00  1.458599E+01 -7.558277E+01 -9.007547E+01 -6.455367E+01  2.087841E-05 -1.174971E+05  1.721042E+03
  8.440000E+03  6.358825E+00 -1.470647E+00  1.395870E+01 -8.091729E+01 -9.294196E+01 -7.218841E+01 -7.232170E-04 -1.174712E+05  1.709818E+03
  8.440000E+03  6.238330E+00 -1.465923E+00  1.372666E+01 -8.262797E+01 -9.396945E+01 -7.462160E+01 -5.368764E-04 -1.175077E+05  1.704539E+03
  8.440000E+03  6.353924E+00 -1.423608E+00  1.390174E+01 -8.130895E+01 -9.341275E+01 -7.247250E+01 -7.370777E-04 -1.174752E+05  1.707852E+03
  8.440000E+03  6.732460E+00 -1.348824E+00  1.458128E+01 -7.534226E+01 -9.103058E+01 -6.335869E+01 -3.176670E-04 -1.174752E+05  1.719918E+03
  8.440000E+03  6.322296E+00 -1.560852E+00  1.398898E+01 -8.072796E+01 -9.238429E+01 -7.253659E+01 -6.068497E-04 -1.174763E+05  1.711643E+03
  8.440000E+03  6.369409E+00 -1.440596E+00  1.394754E+01 -8.097534E+01 -9.313626E+01 -7.208619E+01 -7.423813E-04 -1.174706E+05  1.709156E+03
  8.440000E+03  6.447197E+00 -1.926450E+00  1.446941E+01 -7.706679E+01 -8.842927E+01 -6.842291E+01  2.953008E-04 -1.175128E+05  1.721182E+03
  8.440000E+03  6.548946E+00 -1.558745E+00  1.445284E+01 -7.682652E+01 -9.053763E+01 -6.682073E+01 -2.828141E-04 -1.174742E+05  1.719356E+03
  8.440000E+03  6.793076E+00 -1.081806E+00  1.444197E+01 -7.628992E+01 -9.280102E+01 -6.361761E+01 -9.852067E-04 -1.174276E+05  1.715252E+03
  8.440000E+03  6.838956E+00 -1.135914E+00  1.456868E+01 -7.513805E+01 -9.202827E+01 -6.209241E+01 -6.763198E-04 -1.174501E+05  1.717969E+03
  8.440000E+03  6.342756E+00 -1.415161E+00  1.387233E+01 -8.150597E+01 -9.357366E+01 -7.270857E+01 -6.823207E-04 -1.174824E+05  1.706886E+03
  8.440000E+03  6.829846E+00 -1.153965E+00  1.457012E+01 -7.516687E+01 -9.194507E+01 -6.221571E+01 -6.616866E-04 -1.174500E+05  1.718211E+03
  8.440000E+03  6.696816E+00 -1.377321E+00  1.455971E+01 -7.543357E+01 -9.091113E+01 -6.371278E+01  6.277060E-05 -1.175106E+05  1.717864E+03
  8.440000E+03  6.824522E+00 -1.164147E+00  1.457072E+01 -7.518656E+01 -9.189861E+01 -6.228982E+01 -6.535393E-04 -1.174499E+05  1.718345E+03
  8.440000E+03  6.758911E+00 -1.302971E+00  1.459106E+01 -7.517744E+01 -9.122135E+01 -6.300422E+01 -4.195404E-04 -1.174655E+05  1.719811E+03
  8.440000E+03  6.702562E+00 -1.377110E+00  1.456599E+01 -7.565455E+01 -9.096529E+01 -6.397147E+01 -4.297807E-04 -1.174588E+05  1.720373E+03
  8.440000E+03  6.375635E+00 -1.405490E+00  1.392460E+01 -8.111353E+01 -9.339973E+01 -7.208962E+01 -7.454717E-04 -1.174716E+05  1.708020E+03
  8.440000E+03  6.235136E+00 -1.453641E+00  1.370748E+01 -8.276248E+01 -9.411010E+01 -7.471904E+01 -5.043164E-04 -1.175107E+05  1.703861E+03
  8.440000E+03  6.748558E+00 -1.307154E+00  1.457678E+01 -7.528157E+01 -9.123520E+01 -6.312348E+01 -3.044345E-04 -1.174773E+05  1.719199E+03
  8.440000E+03  6.657329E+00 -1.476041E+00  1.457309E+01 -7.560445E+01 -9.043315E+01 -6.431349E+01 -5.731095E-06 -1.174950E+05  1.720210E+03
  8.440000E+03  6.204986E+00 -1.378574E+00  1.356083E+01 -8.381452E+01 -9.509688E+01 -7.559540E+01 -4.573216E-04 -1.175298E+05  1.698878E+03
  8.440000E+03  6.926537E+00 -9.498737E-01  1.454474E+01 -7.502518E+01 -9.286213E+01 -6.103759E+01 -8.470469E-04 -1.174401E+05  1.715092E+03
  8.440000E+03  6.883478E+00 -1.039042E+00  1.455241E+01 -7.510685E+01 -9.248809E+01 -6.158739E+01 -7.604438E-04 -1.174451E+05  1.716467E+03
  8.440000E+03  6.811183E+00 -1.185482E+00  1.456890E+01 -7.526204E+01 -9.181202E+01 -6.249522E+01 -6.339808E-04 -1.174490E+05  1.718566E+03
  8.440000E+03  6.912496E+00 -9.763807E-01  1.454425E+01 -7.507206E+01 -9.276458E+01 -6.123495E+01 -8.174955E-04 -1.174418E+05  1.715454E+03
  8.440000E+03  6.812923E+00 -1.052838E+00  1.443901E+01 -7.622399E+01 -9.293004E+01 -6.330339E+01 -9.236075E-04 -1.174341E+05  1.714838E+03
  8.440000E+03  6.377587E+00 -1.398392E+00  1.392098E+01 -8.112941E+01 -9.344558E+01 -7.207326E+01 -7.266424E-04 -1.174726E+05  1.707752E+03
  8.440000E+03  6.953792E+00 -8.883471E-01  1.453827E+01 -7.497638E+01 -9.312126E+01 -6.068838E+01 -8.906454E-04 -1.174369E+05  1.714050E+03
  8.440000E+03  6.220388E+00 -1.392932E+00  1.361236E+01 -8.342800E+01 -9.480521E+01 -7.520107E+01 -4.531863E-04 -1.175245E+05  1.700348E+03
  8.440000E+03  6.227878E+00 -1.412221E+00  1.364852E+01 -8.317873E+01 -9.455392E+01 -7.498775E+01 -4.651082E-04 -1.175193E+05  1.701605E+03
  8.440000E+03  6.209092E+00 -1.376401E+00  1.356932E+01 -8.373891E+01 -9.507316E+01 -7.550295E+01 -4.425460E-04 -1.175293E+05  1.698999E+03
  8.440000E+03  6.735262E+00 -1.314561E+00  1.456135E+01 -7.552312E+01 -9.126089E+01 -6.349429E+01 -3.868971E-04 -1.174652E+05  1.719338E+03
  8.440000E+03  6.633419E+00 -1.515601E+00  1.456134E+01 -7.576507E+01 -9.028295E+01 -6.471764E+01  6.235443E-05 -1.174987E+05  1.720285E+03
  8.440000E+03  6.820322E+00 -1.161057E+00  1.456185E+01 -7.527724E+01 -9.194411E+01 -6.240424E+01 -6.387639E-04 -1.174486E+05  1.718139E+03
  8.440000E+03  6.356214E+00 -1.450566E+00  1.393190E+01 -8.110106E+01 -9.315227E+01 -7.233500E+01 -6.778587E-04 -1.174732E+05  1.708916E+03
  8.440000E+03  6.745949E+00 -1.291423E+00  1.455929E+01 -7.545361E+01 -9.137079E+01 -6.330059E+01 -3.434284E-04 -1.174714E+05  1.718825E+03
  8.440000E+03  6.828361E+00 -1.019837E+00  1.443352E+01 -7.619227E+01 -9.307903E+01 -6.308722E+01 -8.962568E-04 -1.174371E+05  1.714101E+03
  8.440000E+03  6.846174E+00 -1.107242E+00  1.455415E+01 -7.522885E+01 -9.219955E+01 -6.208387E+01 -6.694057E-04 -1.174483E+05  1.717295E+03
  8.440000E+03  6.352291E+00 -1.483367E+00  1.395844E+01 -8.090065E+01 -9.288264E+01 -7.226710E+01 -6.208066E-04 -1.174753E+05  1.709866E+03
  8.440000E+03  6.349655E+00 -1.482610E+00  1.395267E+01 -8.095025E+01 -9.291033E+01 -7.233420E+01 -6.263236E-04 -1.174749E+05  1.709753E+03
  8.440000E+03  6.729151E+00 -1.084393E+00  1.432187E+01 -7.721629E+01 -9.327677E+01 -6.508235E+01 -8.308512E-04 -1.174473E+05  1.711841E+03
  8.440000E+03  5.599619E+00 -1.917438E+00  1.286243E+01 -8.969953E+01 -9.509381E+01 -8.702475E+01 -4.490652E-04 -1.175424E+05  1.694861E+03
  8.440000E+03  6.220650E+00 -1.397735E+00  1.361828E+01 -8.338893E+01 -9.475323E+01 -7.517735E+01 -4.288334E-04 -1.175241E+05  1.700551E+03
  8.440000E+03  6.850332E+00 -1.095262E+00  1.454988E+01 -7.524493E+01 -9.226478E+01 -6.205060E+01 -6.711039E-04 -1.174480E+05  1.717042E+03
  8.440000E+03  6.226886E+00 -1.432022E+00  1.366729E+01 -8.305299E+01 -9.437642E+01 -7.495039E+01 -4.405337E-04 -1.175171E+05  1.702416E+03
  8.440000E+03  6.745599E+00 -1.282696E+00  1.455393E+01 -7.551805E+01 -9.143304E+01 -6.336686E+01 -3.784599E-04 -1.174662E+05  1.718747E+03
  8.440000E+03  6.680950E+00 -1.346789E+00  1.448559E+01 -7.627126E+01 -9.142639E+01 -6.481606E+01 -4.966652E-04 -1.174578E+05  1.718497E+03
  8.440000E+03  6.663513E+00 -1.440654E+00  1.455571E+01 -7.570556E+01 -9.065200E+01 -6.430345E+01  1.556838E-05 -1.174958E+05  1.719374E+03
  8.440000E+03  6.371005E+00 -1.454330E+00  1.396300E+01 -8.082327E+01 -9.300509E+01 -7.197195E+01 -6.137474E-04 -1.174758E+05  1.709494E+03
  8.440000E+03  6.724870E+00 -1.313945E+00  1.455142E+01 -7.567649E+01 -9.130193E+01 -6.373711E+01 -4.381303E-04 -1.174569E+05  1.719298E+03
  8.440000E+03  6.756179E+00 -1.258529E+00  1.455109E+01 -7.546182E+01 -9.154788E+01 -6.318365E+01 -3.415777E-04 -1.174716E+05  1.718214E+03
  8.440000E+03  6.370446E+00 -1.358114E+00  1.386896E+01 -8.146640E+01 -9.383979E+01 -7.233207E+01 -6.465692E-04 -1.174823E+05  1.705487E+03
  8.440000E+03  6.356573E+00 -1.455403E+00  1.393700E+01 -8.104576E+01 -9.310860E+01 -7.230360E+01 -6.275388E-04 -1.174750E+05  1.709012E+03
  8.440000E+03  6.748094E+00 -1.272695E+00  1.455200E+01 -7.553616E+01 -9.148674E+01 -6.335597E+01 -3.985466E-04 -1.174632E+05  1.718666E+03
  8.440000E+03  6.821848E+00 -1.141485E+00  1.454674E+01 -7.538092E+01 -9.208624E+01 -6.246520E+01 -6.289032E-04 -1.174481E+05  1.717593E+03
  8.440000E+03  6.364975E+00 -1.353242E+00  1.385466E+01 -8.156381E+01 -9.391925E+01 -7.244483E+01 -6.192531E-04 -1.174858E+05  1.704959E+03
  8.440000E+03  6.821046E+00 -1.141178E+00  1.454520E+01 -7.539487E+01 -9.209380E+01 -6.248466E+01 -6.269425E-04 -1.174481E+05  1.717558E+03
  8.440000E+03  6.585278E+00 -1.482716E+00  1.443152E+01 -7.693658E+01 -9.096105E+01 -6.647721E+01 -3.034301E-04 -1.174699E+05  1.718279E+03
  8.440000E+03  6.863988E+00 -9.439214E-01  1.442234E+01 -7.610811E+01 -9.340444E+01 -6.259896E+01 -8.432619E-04 -1.174430E+05  1.712283E+03
  8.440000E+03  6.813074E+00 -1.151496E+00  1.454190E+01 -7.544924E+01 -9.206528E+01 -6.261474E+01 -6.200113E-04 -1.174479E+05  1.717645E+03
  8.440000E+03  6.720391E+00 -1.308010E+00  1.454066E+01 -7.577308E+01 -9.136660E+01 -6.386154E+01 -4.395575E-04 -1.174561E+05  1.718979E+03
  8.440000E+03  6.716455E+00 -1.299939E+00  1.452531E+01 -7.559348E+01 -9.137467E+01 -6.360993E+01  8.657629E-05 -1.175123E+05  1.716038E+03
  8.440000E+03  6.954166E+00 -8.355793E-01  1.448722E+01 -7.530511E+01 -9.352290E+01 -6.092687E+01 -8.381773E-04 -1.174421E+05  1.711812E+03
  8.440000E+03  6.353028E+00 -1.433908E+00  1.390905E+01 -8.123982E+01 -9.332721E+01 -7.245762E+01 -6.144128E-04 -1.174775E+05  1.707996E+03
  8.440000E+03  6.762577E+00 -1.232776E+00  1.454226E+01 -7.550092E+01 -9.169499E+01 -6.313688E+01 -3.492113E-04 -1.174704E+05  1.717720E+03
  8.440000E+03  6.770936E+00 -1.217446E+00  1.454246E+01 -7.544163E+01 -9.175704E+01 -6.299117E+01 -3.265831E-04 -1.174741E+05  1.717366E+03
  8.440000E+03  6.665206E+00 -1.424140E+00  1.454491E+01 -7.578283E+01 -9.076173E+01 -6.430950E+01  3.567341E-05 -1.174974E+05  1.718972E+03
  8.440000E+03  6.659441E+00 -1.435116E+00  1.454303E+01 -7.582162E+01 -9.071746E+01 -6.440294E+01  4.420049E-05 -1.174977E+05  1.719088E+03
  8.440000E+03  6.873427E+00 -1.027910E+00  1.452560E+01 -7.533281E+01 -9.263050E+01 -6.186431E+01 -6.900403E-04 -1.174469E+05  1.715562E+03
  8.440000E+03  6.638008E+00 -1.479199E+00  1.453742E+01 -7.594958E+01 -9.052957E+01 -6.476037E+01  7.747374E-05 -1.174987E+05  1.719508E+03
  8.440000E+03  6.717276E+00 -1.259634E+00  1.447951E+01 -7.616945E+01 -9.182992E+01 -6.430713E+01 -5.103410E-04 -1.174571E+05  1.717022E+03
  8.440000E+03  6.823064E+00 -1.124814E+00  1.453381E+01 -7.546450E+01 -9.220754E+01 -6.251455E+01 -6.169716E-04 -1.174483E+05  1.717093E+03
  8.440000E+03  6.759834E+00 -1.233193E+00  1.454135E+01 -7.555027E+01 -9.170431E+01 -6.321980E+01 -3.921982E-04 -1.174639E+05  1.717931E+03
  8.440000E+03  6.667981E+00 -1.414320E+00  1.454194E+01 -7.579338E+01 -9.081685E+01 -6.427102E+01  3.962151E-05 -1.174981E+05  1.718802E+03
  8.440000E+03  6.596268E+00 -1.576328E+00  1.453570E+01 -7.608062E+01 -9.008466E+01 -6.546765E+01  1.337646E-04 -1.174989E+05  1.720437E+03
  8.440000E+03  6.708514E+00 -1.314042E+00  1.453179E+01 -7.562349E+01 -9.130877E+01 -6.371616E+01  2.906722E-05 -1.175031E+05  1.716844E+03
  8.440000E+03  6.840474E+00 -1.090319E+00  1.453001E+01 -7.542496E+01 -9.236156E+01 -6.229292E+01 -6.311782E-04 -1.174482E+05  1.716510E+03
  8.440000E+03  6.633318E+00 -1.486919E+00  1.453352E+01 -7.600332E+01 -9.050566E+01 -6.484384E+01  8.936248E-05 -1.174994E+05  1.719571E+03
  8.440000E+03  6.817221E+00 -1.127331E+00  1.452706E+01 -7.553209E+01 -9.222645E+01 -6.263036E+01 -6.081491E-04 -1.174484E+05  1.717003E+03
  8.440000E+03  6.942883E+00 -8.483253E-01  1.447980E+01 -7.538901E+01 -9.350120E+01 -6.111512E+01 -7.888015E-04 -1.174446E+05  1.711695E+03
  8.440000E+03  6.943799E+00 -8.447595E-01  1.447819E+01 -7.539631E+01 -9.352128E+01 -6.110884E+01 -7.889515E-04 -1.174447E+05  1.711599E+03
  8.440000E+03  6.874939E+00 -1.011183E+00  1.451263E+01 -7.541641E+01 -9.274733E+01 -6.190998E+01 -6.816127E-04 -1.174473E+05  1.714993E+03
  8.440000E+03  6.621451E+00 -1.515283E+00  1.453125E+01 -7.606960E+01 -9.037774E+01 -6.505739E+01  1.093351E-04 -1.174993E+05  1.719849E+03
  8.440000E+03  6.768326E+00 -1.204286E+00  1.453156E+01 -7.556722E+01 -9.186290E+01 -6.311905E+01 -3.708479E-04 -1.174670E+05  1.717220E+03
  8.440000E+03  6.724243E+00 -1.276896E+00  1.452450E+01 -7.586684E+01 -9.157093E+01 -6.387974E+01 -4.397614E-04 -1.174553E+05  1.718288E+03
  8.440000E+03  6.631568E+00 -1.483988E+00  1.453085E+01 -7.601960E+01 -9.053617E+01 -6.484614E+01  9.613942E-05 -1.175010E+05  1.719571E+03
  8.440000E+03  6.849280E+00 -1.064367E+00  1.452063E+01 -7.545635E+01 -9.250432E+01 -6.221907E+01 -6.363120E-04 -1.174482E+05  1.715938E+03
  8.440000E+03  6.948774E+00 -8.079177E-01  1.445178E+01 -7.555590E+01 -9.377675E+01 -6.115822E+01 -8.013695E-04 -1.174453E+05  1.710487E+03
  8.440000E+03  6.265066E+00 -1.371544E+00  1.368849E+01 -8.282210E+01 -9.454798E+01 -7.429226E+01 -3.759893E-04 -1.175180E+05  1.701196E+03
  8.440000E+03  6.881718E+00 -9.850624E-01  1.449966E+01 -7.547909E+01 -9.290095E+01 -6.188327E+01 -6.862637E-04 -1.174476E+05  1.714273E+03
  8.440000E+03  6.797503E+00 -1.142354E+00  1.451134E+01 -7.570875E+01 -9.224198E+01 -6.298962E+01 -6.010599E-04 -1.174472E+05  1.717017E+03
  8.440000E+03  6.893602E+00 -9.538778E-01  1.449076E+01 -7.549511E+01 -9.305764E+01 -6.176463E+01 -7.037492E-04 -1.174472E+05  1.713578E+03
  8.440000E+03  6.417756E+00 -1.947472E+00  1.446692E+01 -7.692329E+01 -8.841655E+01 -6.854308E+01  6.232996E-04 -1.175363E+05  1.721261E+03
  8.440000E+03  6.422954E+00 -1.939289E+00  1.447242E+01 -7.687682E+01 -8.844792E+01 -6.841721E+01  6.135619E-04 -1.175354E+05  1.721427E+03
  8.440000E+03  6.776847E+00 -1.174365E+00  1.452040E+01 -7.559629E+01 -9.202600E+01 -6.303304E+01 -3.517487E-04 -1.174699E+05  1.716402E+03
  8.440000E+03  6.847117E+00 -1.059986E+00  1.451363E+01 -7.551035E+01 -9.255040E+01 -6.228188E+01 -6.251841E-04 -1.174486E+05  1.715705E+03
  8.440000E+03  6.786162E+00 -1.155799E+00  1.451957E+01 -7.554468E+01 -9.210649E+01 -6.289437E+01 -3.432306E-04 -1.174720E+05  1.716002E+03
  8.440000E+03  6.917486E+00 -8.902433E-01  1.447350E+01 -7.552176E+01 -9.337123E+01 -6.151224E+01 -7.332270E-04 -1.174466E+05  1.712160E+03
  8.440000E+03  6.761624E+00 -1.204930E+00  1.451750E+01 -7.560855E+01 -9.177147E+01 -6.301629E+01  1.568529E-05 -1.175049E+05  1.714785E+03
  8.440000E+03  6.872600E+00 -9.952533E-01  1.449434E+01 -7.554738E+01 -9.288241E+01 -6.203409E+01 -6.627922E-04 -1.174484E+05  1.714276E+03
  8.440000E+03  6.508615E+00 -1.745531E+00  1.450066E+01 -7.640755E+01 -8.938351E+01 -6.690580E+01  4.463761E-04 -1.175263E+05  1.720456E+03
  8.440000E+03  6.191972E+00 -1.399566E+00  1.355875E+01 -8.383863E+01 -9.499833E+01 -7.578368E+01 -3.012982E-04 -1.175322E+05  1.699103E+03
  8.440000E+03  6.203385E+00 -1.393377E+00  1.357777E+01 -8.368109E+01 -9.494417E+01 -7.555115E+01 -3.034966E-04 -1.175307E+05  1.699349E+03
  8.440000E+03  6.706397E+00 -1.300312E+00  1.451241E+01 -7.580092E+01 -9.142398E+01 -6.382204E+01  5.748960E-05 -1.175053E+05  1.716273E+03
  8.440000E+03  6.945181E+00 -8.057378E-01  1.444565E+01 -7.560380E+01 -9.380837E+01 -6.122509E+01 -7.669630E-04 -1.174468E+05  1.710218E+03
  8.440000E+03  6.627893E+00 -1.381537E+00  1.442456E+01 -7.683867E+01 -9.147731E+01 -6.580477E+01 -2.937987E-04 -1.174709E+05  1.717204E+03
  8.440000E+03  6.867754E+00 -8.482138E-01  1.433932E+01 -7.665046E+01 -9.415377E+01 -6.295476E+01 -8.625304E-04 -1.174419E+05  1.709039E+03
  8.440000E+03  6.715081E+00 -1.277735E+00  1.450676E+01 -7.579839E+01 -9.154246E+01 -6.372628E+01  5.783686E-05 -1.175063E+05  1.715777E+03
  8.440000E+03  6.507272E+00 -1.745187E+00  1.449918E+01 -7.641024E+01 -8.939386E+01 -6.691007E+01  4.657404E-04 -1.175282E+05  1.720423E+03
  8.440000E+03  6.567172E+00 -1.627184E+00  1.451180E+01 -7.635364E+01 -8.990360E+01 -6.603077E+01  2.181752E-04 -1.175056E+05  1.720344E+03
  8.440000E+03  6.778384E+00 -1.157580E+00  1.451273E+01 -7.566344E+01 -9.213338E+01 -6.306304E+01 -3.774141E-04 -1.174657E+05  1.716164E+03
  8.440000E+03  6.844220E+00 -1.047684E+00  1.449887E+01 -7.561694E+01 -9.265941E+01 -6.239075E+01 -6.068021E-04 -1.174495E+05  1.715153E+03
  8.440000E+03  6.807122E+00 -1.111083E+00  1.452100E+01 -7.546312E+01 -9.231578E+01 -6.262615E+01 -4.200314E-04 -1.174639E+05  1.715783E+03
  8.440000E+03  6.889596E+00 -9.388350E-01  1.447144E+01 -7.563609E+01 -9.319442E+01 -6.191323E+01 -6.771997E-04 -1.174484E+05  1.712822E+03
  8.440000E+03  6.521328E+00 -1.712976E+00  1.449829E+01 -7.643619E+01 -8.953898E+01 -6.673576E+01  4.000136E-04 -1.175224E+05  1.720179E+03
  8.440000E+03  6.869816E+00 -9.830793E-01  1.447972E+01 -7.565393E+01 -9.298946E+01 -6.214458E+01 -6.465446E-04 -1.174490E+05  1.713705E+03
  8.440000E+03  6.172948E+00 -1.292332E+00  1.341479E+01 -8.486362E+01 -9.617146E+01 -7.647333E+01 -3.544244E-04 -1.175408E+05  1.693486E+03
  8.440000E+03  6.309958E+00 -1.366171E+00  1.376750E+01 -8.223317E+01 -9.421473E+01 -7.346173E+01 -4.071021E-04 -1.175034E+05  1.702807E+03
  8.440000E+03  6.871826E+00 -9.751239E-01  1.447600E+01 -7.567109E+01 -9.303573E+01 -6.213548E+01 -6.474933E-04 -1.174490E+05  1.713486E+03
  8.440000E+03  6.589552E+00 -1.542127E+00  1.451548E+01 -7.619957E+01 -9.035352E+01 -6.546189E+01  1.746330E-04 -1.175072E+05  1.720041E+03
  8.440000E+03  6.168431E+00 -1.367493E+00  1.347558E+01 -8.442925E+01 -9.552491E+01 -7.637700E+01 -2.586315E-04 -1.175416E+05  1.696404E+03
  8.440000E+03  6.793083E+00 -1.890430E+00  1.505984E+01 -7.161268E+01 -8.684225E+01 -5.932584E+01  8.366775E-04 -1.175153E+05  1.731669E+03
  8.440000E+03  6.806618E+00 -1.096147E+00  1.450825E+01 -7.554886E+01 -9.241536E+01 -6.268250E+01 -3.969751E-04 -1.174662E+05  1.715090E+03
  8.440000E+03  6.627730E+00 -1.366305E+00  1.440723E+01 -7.695766E+01 -9.161390E+01 -6.593230E+01 -2.967626E-04 -1.174698E+05  1.716612E+03
  8.440000E+03  6.280679E+00 -1.356318E+00  1.370513E+01 -8.267561E+01 -9.453058E+01 -7.401523E+01 -3.181715E-04 -1.175172E+05  1.700996E+03
  8.440000E+03  6.576599E+00 -1.578923E+00  1.451518E+01 -7.625072E+01 -9.018240E+01 -6.568486E+01  1.971391E-04 -1.175075E+05  1.720530E+03
  8.440000E+03  6.549159E+00 -1.654779E+00  1.450379E+01 -7.642182E+01 -8.979346E+01 -6.627830E+01  2.883193E-04 -1.175138E+05  1.720202E+03
  8.440000E+03  6.636837E+00 -1.406416E+00  1.448869E+01 -7.623913E+01 -9.105375E+01 -6.492531E+01  9.690279E-05 -1.175048E+05  1.717511E+03
  8.440000E+03  6.788588E+00 -1.114148E+00  1.448358E+01 -7.588759E+01 -9.249713E+01 -6.321660E+01 -5.722008E-04 -1.174478E+05  1.716079E+03
  8.440000E+03  6.570806E+00 -1.592728E+00  1.451377E+01 -7.627682E+01 -9.012361E+01 -6.578942E+01  2.080816E-04 -1.175078E+05  1.720670E+03
  8.440000E+03  6.605443E+00 -1.479103E+00  1.450047E+01 -7.623369E+01 -9.070246E+01 -6.528537E+01  1.494173E-04 -1.175065E+05  1.718856E+03
  8.440000E+03  6.747489E+00 -1.205617E+00  1.449834E+01 -7.569781E+01 -9.188994E+01 -6.321067E+01  1.069045E-04 -1.175141E+05  1.714615E+03
  8.440000E+03  6.866580E+00 -9.728633E-01  1.446734E+01 -7.574653E+01 -9.308146E+01 -6.224864E+01 -6.306340E-04 -1.174492E+05  1.713224E+03
  8.440000E+03  6.804627E+00 -1.081542E+00  1.449365E+01 -7.565507E+01 -9.252096E+01 -6.277030E+01 -3.754193E-04 -1.174683E+05  1.714362E+03
  8.440000E+03  6.907886E+00 -8.705294E-01  1.444185E+01 -7.576007E+01 -9.358301E+01 -6.179020E+01 -6.869901E-04 -1.174485E+05  1.711041E+03
  8.440000E+03  6.796552E+00 -1.088568E+00  1.448594E+01 -7.574380E+01 -9.251088E+01 -6.291259E+01 -3.521021E-04 -1.174703E+05  1.714162E+03
  8.440000E+03  6.573918E+00 -1.568392E+00  1.451083E+01 -7.626211E+01 -9.025695E+01 -6.571951E+01  2.050876E-04 -1.175079E+05  1.720266E+03
  8.440000E+03  6.559612E+00 -1.614284E+00  1.450882E+01 -7.633083E+01 -9.003663E+01 -6.600139E+01  2.350307E-04 -1.175093E+05  1.720678E+03
  8.440000E+03  6.447385E+00 -1.870727E+00  1.448346E+01 -7.662487E+01 -8.885681E+01 -6.788616E+01  6.184101E-04 -1.175350E+05  1.721620E+03
  8.440000E+03  6.449279E+00 -1.862966E+00  1.448340E+01 -7.661241E+01 -8.889618E+01 -6.784418E+01  6.202515E-04 -1.175356E+05  1.721489E+03
  8.440000E+03  6.503675E+00 -1.738018E+00  1.449523E+01 -7.640354E+01 -8.945988E+01 -6.690153E+01  5.255102E-04 -1.175332E+05  1.720285E+03
  8.440000E+03  6.938270E+00 -7.421489E-01  1.437662E+01 -7.609230E+01 -9.437260E+01 -6.162410E+01 -7.763475E-04 -1.174473E+05  1.707905E+03
  8.440000E+03  6.262899E+00 -1.338705E+00  1.365326E+01 -8.301840E+01 -9.484283E+01 -7.441904E+01 -2.467889E-04 -1.175267E+05  1.699223E+03
  8.440000E+03  6.566625E+00 -1.583260E+00  1.450883E+01 -7.629225E+01 -9.019741E+01 -6.584829E+01  2.196943E-04 -1.175082E+05  1.720400E+03
  8.440000E+03  6.859701E+00 -9.758389E-01  1.446121E+01 -7.581037E+01 -9.309643E+01 -6.236937E+01 -6.124849E-04 -1.174494E+05  1.713101E+03
  8.440000E+03  6.526302E+00 -1.685046E+00  1.449602E+01 -7.640529E+01 -8.969042E+01 -6.658843E+01  4.323555E-04 -1.175261E+05  1.719771E+03
  8.440000E+03  6.386941E+00 -2.007446E+00  1.445138E+01 -7.706063E+01 -8.817020E+01 -6.909634E+01  7.706368E-04 -1.175417E+05  1.721496E+03
  8.440000E+03  6.943217E+00 -7.350959E-01  1.438182E+01 -7.603332E+01 -9.437657E+01 -6.150877E+01 -7.649396E-04 -1.174475E+05  1.707909E+03
  8.440000E+03  6.543151E+00 -1.640403E+00  1.449841E+01 -7.640907E+01 -8.992417E+01 -6.633022E+01  3.025502E-04 -1.175145E+05  1.720105E+03
  8.440000E+03  6.628965E+00 -1.392913E+00  1.446739E+01 -7.640531E+01 -9.119892E+01 -6.513564E+01  1.049726E-04 -1.175053E+05  1.716894E+03
  8.440000E+03  6.939576E+00 -7.550062E-01  1.439489E+01 -7.595327E+01 -9.423576E+01 -6.150128E+01 -7.348070E-04 -1.174486E+05  1.708360E+03
  8.440000E+03  6.166221E+00 -1.290974E+00  1.340104E+01 -8.496512E+01 -9.624288E+01 -7.662642E+01 -3.072135E-04 -1.175406E+05  1.693091E+03
  8.440000E+03  6.637738E+00 -1.319535E+00  1.438800E+01 -7.704325E+01 -9.190233E+01 -6.585713E+01 -2.869712E-04 -1.174708E+05  1.715528E+03
  8.440000E+03  6.840219E+00 -1.004664E+00  1.446069E+01 -7.587183E+01 -9.298465E+01 -6.261127E+01 -5.613708E-04 -1.174519E+05  1.713432E+03
  8.440000E+03  6.588346E+00 -1.506286E+00  1.449954E+01 -7.627541E+01 -9.059455E+01 -6.552826E+01  1.848422E-04 -1.175063E+05  1.719227E+03
  8.440000E+03  6.937052E+00 -7.238327E-01  1.435799E+01 -7.622155E+01 -9.453668E+01 -6.171452E+01 -7.785560E-04 -1.174470E+05  1.707363E+03
  8.440000E+03  6.619542E+00 -1.405722E+00  1.446468E+01 -7.644761E+01 -9.115631E+01 -6.527896E+01  1.180901E-04 -1.175055E+05  1.717020E+03
  8.440000E+03  6.682706E+00 -1.292656E+00  1.446862E+01 -7.621382E+01 -9.162890E+01 -6.434799E+01  7.857553E-05 -1.175061E+05  1.715483E+03
  8.440000E+03  6.788065E+00 -1.112026E+00  1.448792E+01 -7.564657E+01 -9.226504E+01 -6.264140E+01  1.239627E-04 -1.175177E+05  1.712462E+03
  8.440000E+03  6.198039E+00 -1.343914E+00  1.351967E+01 -8.403779E+01 -9.543404E+01 -7.578827E+01 -1.890787E-04 -1.175402E+05  1.696549E+03
  8.440000E+03  6.573198E+00 -1.542593E+00  1.450186E+01 -7.629906E+01 -9.042031E+01 -6.574685E+01  2.129922E-04 -1.175070E+05  1.719705E+03
  8.440000E+03  6.901518E+00 -8.520964E-01  1.441776E+01 -7.594204E+01 -9.376533E+01 -6.199110E+01 -6.728038E-04 -1.174482E+05  1.710237E+03
  8.440000E+03  6.871103E+00 -9.336768E-01  1.444428E+01 -7.587798E+01 -9.333439E+01 -6.229222E+01 -6.193978E-04 -1.174487E+05  1.712039E+03
  8.440000E+03  6.817777E+00 -1.028016E+00  1.447293E+01 -7.576311E+01 -9.284379E+01 -6.271777E+01 -4.350643E-04 -1.174615E+05  1.713420E+03
  8.440000E+03  6.600873E+00 -1.461273E+00  1.448338E+01 -7.636083E+01 -9.084821E+01 -6.545009E+01  1.614408E-04 -1.175050E+05  1.718201E+03
  8.440000E+03  6.700175E+00 -1.256943E+00  1.446834E+01 -7.614225E+01 -9.178736E+01 -6.408197E+01  7.826282E-05 -1.175070E+05  1.714965E+03
  8.440000E+03  6.894175E+00 -8.658602E-01  1.441891E+01 -7.596235E+01 -9.370900E+01 -6.209381E+01 -6.623842E-04 -1.174479E+05  1.710476E+03
  8.440000E+03  6.548594E+00 -1.601142E+00  1.449593E+01 -7.639601E+01 -9.016615E+01 -6.619125E+01  2.689857E-04 -1.175097E+05  1.720155E+03
  8.440000E+03  6.703075E+00 -1.210986E+00  1.443228E+01 -7.655445E+01 -9.225035E+01 -6.463731E+01 -4.197067E-04 -1.174563E+05  1.715745E+03
  8.440000E+03  6.148706E+00 -1.365450E+00  1.343063E+01 -8.479061E+01 -9.574102E+01 -7.686127E+01 -2.298568E-04 -1.175395E+05  1.695417E+03
  8.440000E+03  6.487348E+00 -1.756701E+00  1.448655E+01 -7.646555E+01 -8.941447E+01 -6.715782E+01  6.017006E-04 -1.175364E+05  1.720282E+03
  8.440000E+03  6.946369E+00 -7.131425E-01  1.437260E+01 -7.607464E+01 -9.451278E+01 -6.146819E+01 -7.478495E-04 -1.174474E+05  1.707498E+03
  8.440000E+03  6.686092E+00 -1.280507E+00  1.446314E+01 -7.623344E+01 -9.170664E+01 -6.430270E+01  9.979754E-05 -1.175081E+05  1.715255E+03
  8.440000E+03  6.684632E+00 -1.282943E+00  1.446257E+01 -7.624256E+01 -9.169853E+01 -6.432529E+01  1.028427E-04 -1.175082E+05  1.715285E+03
  8.440000E+03  6.803871E+00 -1.033773E+00  1.444504E+01 -7.606517E+01 -9.296445E+01 -6.315018E+01 -5.265540E-04 -1.174521E+05  1.713575E+03
  8.440000E+03  6.621160E+00 -1.317953E+00  1.434806E+01 -7.742991E+01 -9.206906E+01 -6.635839E+01 -3.254675E-04 -1.174657E+05  1.715017E+03
  8.440000E+03  6.426454E+00 -1.921569E+00  1.447351E+01 -7.681396E+01 -8.863943E+01 -6.830202E+01  6.540118E-04 -1.175308E+05  1.722501E+03
  8.440000E+03  6.692736E+00 -1.215876E+00  1.441984E+01 -7.668443E+01 -9.226377E+01 -6.486954E+01 -4.199379E-04 -1.174558E+05  1.715329E+03
  8.440000E+03  6.418717E+00 -1.940186E+00  1.447252E+01 -7.685534E+01 -8.850309E+01 -6.842184E+01  7.083999E-04 -1.175344E+05  1.722134E+03
