  8.440000E+03  6.886519E+00 -8.074738E-01  1.437972E+01 -7.591802E+01 -9.404165E+01 -6.137766E+01  5.738260E-04 -1.175347E+05  1.707432E+03
  8.440000E+03  7.835421E+00 -5.275336E-01  1.583778E+01 -6.127818E+01 -8.867966E+01 -3.723188E+01  3.017634E-04 -1.174026E+05  1.737143E+03
  8.440000E+03  7.171936E+00 -8.650518E-01  1.490953E+01 -7.163274E+01 -9.148997E+01 -5.481085E+01  2.730543E-04 -1.174588E+05  1.721483E+03
  8.440000E+03  6.993786E+00 -7.897122E-01  1.454695E+01 -7.445296E+01 -9.330056E+01 -5.893102E+01  6.602811E-04 -1.175309E+05  1.710757E+03
  8.440000E+03  7.848207E+00 -4.929095E-01  1.583268E+01 -6.124084E+01 -8.876924E+01 -3.704293E+01  2.949956E-04 -1.174038E+05  1.736716E+03
  8.440000E+03  7.536700E+00 -1.088152E+00  1.579395E+01 -6.327350E+01 -8.750372E+01 -4.256781E+01  5.731487E-04 -1.173996E+05  1.740991E+03
  8.440000E+03  7.181526E+00 -8.465827E-01  1.491339E+01 -7.157544E+01 -9.154705E+01 -5.465275E+01  2.415537E-04 -1.174553E+05  1.721508E+03
  8.440000E+03  7.265593E+00 -8.744917E-01  1.511456E+01 -6.967555E+01 -9.064991E+01 -5.195560E+01  3.736486E-04 -1.174537E+05  1.725707E+03
  8.440000E+03  6.813341E+00 -9.585786E-01  1.436107E+01 -7.629190E+01 -9.346527E+01 -6.264759E+01  7.741693E-04 -1.175490E+05  1.708153E+03
  8.440000E+03  7.296263E+00 -8.838816E-01  1.518835E+01 -6.890328E+01 -9.028569E+01 -5.077122E+01  5.542516E-04 -1.174693E+05  1.726418E+03
  8.440000E+03  7.783234E+00 -3.329671E-01  1.562563E+01 -6.346359E+01 -9.007152E+01 -4.019050E+01 -1.618897E-04 -1.173766E+05  1.732359E+03
  8.440000E+03  7.213529E+00 -8.241805E-01  1.496048E+01 -7.117436E+01 -9.146563E+01 -5.395650E+01  1.078801E-04 -1.174380E+05  1.722992E+03
  8.440000E+03  7.928281E+00 -2.974056E-01  1.579149E+01 -6.130149E+01 -8.933886E+01 -3.648123E+01 -3.324930E-05 -1.173788E+05  1.734849E+03
  8.440000E+03  7.800133E+00 -6.236470E-01  1.585190E+01 -6.146485E+01 -8.844336E+01 -3.788227E+01  2.388229E-04 -1.173874E+05  1.738823E+03
  8.440000E+03  7.282415E+00 -7.495862E-01  1.505651E+01 -7.004531E+01 -9.131691E+01 -5.218335E+01  1.490673E-04 -1.174392E+05  1.723199E+03
  8.440000E+03  7.756968E+00 -3.446953E-01  1.559279E+01 -6.383772E+01 -9.015610E+01 -4.085299E+01 -1.067013E-04 -1.173841E+05  1.731109E+03
  8.440000E+03  7.721406E+00 -3.737827E-01  1.555571E+01 -6.427384E+01 -9.021804E+01 -4.166180E+01 -2.081913E-05 -1.173953E+05  1.729938E+03
  8.440000E+03  7.363594E+00 -8.019093E-01  1.524590E+01 -6.822923E+01 -9.031406E+01 -4.936056E+01  4.582252E-04 -1.174576E+05  1.726992E+03
  8.440000E+03  7.775186E+00 -6.782104E-01  1.585108E+01 -6.164064E+01 -8.832000E+01 -3.830791E+01  2.691116E-04 -1.173868E+05  1.739366E+03
  8.440000E+03  7.268475E+00 -7.846754E-01  1.505284E+01 -7.015262E+01 -9.120569E+01 -5.241196E+01  2.030850E-04 -1.174427E+05  1.723557E+03
  8.440000E+03  6.999604E+00 -8.339165E-01  1.458143E+01 -7.427233E+01 -9.293807E+01 -5.872744E+01  7.109893E-04 -1.175299E+05  1.711934E+03
  8.440000E+03  7.820026E+00 -5.648936E-01  1.584158E+01 -6.137614E+01 -8.860245E+01 -3.753118E+01  2.883530E-04 -1.173959E+05  1.737859E+03
  8.440000E+03  6.971169E+00 -9.153700E-01  1.458796E+01 -7.435583E+01 -9.256348E+01 -5.915998E+01  8.050258E-04 -1.175363E+05  1.712700E+03
  8.440000E+03  6.977190E+00 -9.324122E-01  1.461618E+01 -7.415252E+01 -9.238801E+01 -5.894028E+01  7.902125E-04 -1.175320E+05  1.713688E+03
  8.440000E+03  7.229255E+00 -7.798659E-01  1.495788E+01 -7.111202E+01 -9.163149E+01 -5.372954E+01  8.554289E-05 -1.174356E+05  1.722363E+03
  8.440000E+03  7.785029E+00 -6.543347E-01  1.584909E+01 -6.159643E+01 -8.838351E+01 -3.817169E+01  2.611109E-04 -1.173864E+05  1.739112E+03
  8.440000E+03  7.752349E+00 -3.279379E-01  1.556961E+01 -6.403307E+01 -9.027906E+01 -4.111017E+01 -8.634335E-05 -1.173873E+05  1.730182E+03
  8.440000E+03  6.982591E+00 -9.380772E-01  1.462999E+01 -7.402784E+01 -9.231136E+01 -5.876872E+01  8.155594E-04 -1.175331E+05  1.714100E+03
  8.440000E+03  7.864843E+00 -3.104841E-01  1.569501E+01 -6.242806E+01 -8.974316E+01 -3.832979E+01 -7.872499E-06 -1.173868E+05  1.733109E+03
  8.440000E+03  7.276600E+00 -8.069731E-01  1.508422E+01 -6.986343E+01 -9.099117E+01 -5.195804E+01  3.250036E-04 -1.174521E+05  1.724402E+03
  8.440000E+03  7.740850E+00 -3.309805E-01  1.555108E+01 -6.421968E+01 -9.033770E+01 -4.141893E+01 -4.909330E-05 -1.173922E+05  1.729528E+03
  8.440000E+03  6.981058E+00 -9.056525E-01  1.459465E+01 -7.429557E+01 -9.257295E+01 -5.899947E+01  7.869807E-04 -1.175331E+05  1.712877E+03
  8.440000E+03  7.270959E+00 -8.395637E-01  1.510415E+01 -6.969999E+01 -9.079111E+01 -5.183257E+01  4.291969E-04 -1.174601E+05  1.724836E+03
  8.440000E+03  7.259021E+00 -7.378149E-01  1.499997E+01 -7.055777E+01 -9.161025E+01 -5.292270E+01  1.338759E-04 -1.174390E+05  1.722163E+03
  8.440000E+03  7.831522E+00 -2.891805E-01  1.564219E+01 -6.303824E+01 -9.004986E+01 -3.927292E+01 -6.313053E-05 -1.173847E+05  1.732036E+03
  8.440000E+03  7.759946E+00 -3.048643E-01  1.556114E+01 -6.406171E+01 -9.036646E+01 -4.107070E+01 -9.454256E-05 -1.173866E+05  1.729798E+03
  8.440000E+03  7.035659E+00 -7.410064E-01  1.456254E+01 -7.425197E+01 -9.336919E+01 -5.824904E+01  6.759032E-04 -1.175292E+05  1.710478E+03
  8.440000E+03  7.078303E+00 -4.069307E-01  1.436387E+01 -7.522923E+01 -9.565060E+01 -5.818714E+01  4.596755E-04 -1.175331E+05  1.703297E+03
  8.440000E+03  7.364919E+00 -7.692549E-01  1.522077E+01 -6.839606E+01 -9.050832E+01 -4.948317E+01  4.810002E-04 -1.174611E+05  1.726025E+03
  8.440000E+03  6.843328E+00 -8.735895E-01  1.434361E+01 -7.631409E+01 -9.393694E+01 -6.225890E+01  6.837673E-04 -1.175405E+05  1.707447E+03
  8.440000E+03  7.277418E+00 -8.145918E-01  1.509713E+01 -6.971431E+01 -9.090070E+01 -5.176790E+01  4.219502E-04 -1.174603E+05  1.724368E+03
  8.440000E+03  7.043367E+00 -7.032975E-01  1.454561E+01 -7.431014E+01 -9.359751E+01 -5.819922E+01  6.608591E-04 -1.175292E+05  1.709696E+03
  8.440000E+03  7.872988E+00 -2.864835E-01  1.568533E+01 -6.245875E+01 -8.982981E+01 -3.827988E+01  1.164171E-06 -1.173877E+05  1.732698E+03
  8.440000E+03  7.642457E+00 -4.213760E-01  1.543951E+01 -6.551714E+01 -9.054487E+01 -4.377578E+01  1.464417E-04 -1.174180E+05  1.726954E+03
  8.440000E+03  7.286402E+00 -7.233720E-01  1.503799E+01 -7.014794E+01 -9.145911E+01 -5.222155E+01  2.057744E-04 -1.174435E+05  1.722221E+03
  8.440000E+03  7.402902E+00 -7.129677E-01  1.524675E+01 -6.804929E+01 -9.056410E+01 -4.874061E+01  4.293758E-04 -1.174549E+05  1.725872E+03
  8.440000E+03  7.020611E+00 -5.557818E-01  1.437679E+01 -7.546047E+01 -9.500960E+01 -5.919053E+01  5.331700E-04 -1.175336E+05  1.705096E+03
  8.440000E+03  6.995071E+00 -9.052950E-01  1.462515E+01 -7.401430E+01 -9.245156E+01 -5.858718E+01  8.263026E-04 -1.175332E+05  1.713565E+03
  8.440000E+03  7.791130E+00 -2.553267E-01  1.556823E+01 -6.386695E+01 -9.046219E+01 -4.057610E+01 -1.554434E-04 -1.173792E+05  1.729914E+03
  8.440000E+03  7.284412E+00 -7.646824E-01  1.506974E+01 -6.990324E+01 -9.117980E+01 -5.190987E+01  3.355395E-04 -1.174537E+05  1.723289E+03
  8.440000E+03  7.239582E+00 -7.154762E-01  1.492551E+01 -7.126385E+01 -9.195684E+01 -5.373233E+01  1.195428E-04 -1.174402E+05  1.720351E+03
  8.440000E+03  7.071156E+00 -3.581203E-01  1.433292E+01 -7.555205E+01 -9.601631E+01 -5.851249E+01  2.218272E-04 -1.175089E+05  1.702410E+03
  8.440000E+03  7.075526E+00 -8.643724E-01  1.473342E+01 -7.309372E+01 -9.215228E+01 -5.703274E+01  5.985472E-04 -1.175011E+05  1.716000E+03
  8.440000E+03  7.875144E+00 -2.696277E-01  1.567281E+01 -6.254382E+01 -8.991607E+01 -3.835347E+01  8.647463E-06 -1.173887E+05  1.732262E+03
  8.440000E+03  7.891900E+00 -3.693879E-01  1.579806E+01 -6.129108E+01 -8.913923E+01 -3.669695E+01  2.841390E-04 -1.174038E+05  1.734736E+03
  8.440000E+03  6.865007E+00 -8.408625E-01  1.435430E+01 -7.614793E+01 -9.401832E+01 -6.184088E+01  7.130899E-04 -1.175424E+05  1.707231E+03
  8.440000E+03  7.054509E+00 -3.631112E-01  1.430630E+01 -7.582427E+01 -9.611498E+01 -5.893758E+01  1.890888E-04 -1.175065E+05  1.701605E+03
  8.440000E+03  7.851548E+00 -2.736598E-01  1.564304E+01 -6.290673E+01 -9.004526E+01 -3.895593E+01  1.155268E-05 -1.173906E+05  1.731666E+03
  8.440000E+03  7.941495E+00 -2.411214E-01  1.575703E+01 -6.140726E+01 -8.953291E+01 -3.647147E+01  1.480732E-04 -1.173963E+05  1.732521E+03
  8.440000E+03  7.002984E+00 -8.858947E-01  1.462203E+01 -7.400613E+01 -9.253519E+01 -5.848061E+01  8.310149E-04 -1.175331E+05  1.713242E+03
  8.440000E+03  7.518170E+00 -5.418437E-01  1.531666E+01 -6.697750E+01 -9.072206E+01 -4.645032E+01  3.740090E-04 -1.174473E+05  1.724919E+03
  8.440000E+03  7.846497E+00 -2.569610E-01  1.562608E+01 -6.307302E+01 -9.015928E+01 -3.917998E+01 -9.070188E-06 -1.173895E+05  1.731140E+03
  8.440000E+03  7.281582E+00 -7.966789E-01  1.509385E+01 -6.967158E+01 -9.096420E+01 -5.165743E+01  4.900633E-04 -1.174665E+05  1.723781E+03
  8.440000E+03  7.757914E+00 -6.840500E-01  1.582357E+01 -6.191469E+01 -8.840138E+01 -3.874419E+01  4.022423E-04 -1.173971E+05  1.738681E+03
  8.440000E+03  7.134048E+00 -7.837232E-01  1.477307E+01 -7.262776E+01 -9.225017E+01 -5.601411E+01  5.060971E-04 -1.174886E+05  1.715664E+03
  8.440000E+03  7.344842E+00 -7.469818E-01  1.516854E+01 -6.881537E+01 -9.078731E+01 -5.008390E+01  5.466332E-04 -1.174701E+05  1.724428E+03
  8.440000E+03  7.863431E+00 -4.271327E-01  1.580791E+01 -6.137180E+01 -8.900316E+01 -3.701851E+01  3.242292E-04 -1.174032E+05  1.735682E+03
  8.440000E+03  7.057485E+00 -6.337438E-01  1.450834E+01 -7.445978E+01 -9.407061E+01 -5.811616E+01  6.422672E-04 -1.175293E+05  1.708602E+03
  8.440000E+03  7.895298E+00 -3.511390E-01  1.578607E+01 -6.136887E+01 -8.921309E+01 -3.676880E+01  3.006965E-04 -1.174051E+05  1.734123E+03
  8.440000E+03  7.290243E+00 -7.031953E-01  1.503173E+01 -7.015814E+01 -9.152820E+01 -5.213573E+01  2.721366E-04 -1.174489E+05  1.721514E+03
  8.440000E+03  7.016006E+00 -7.451477E-01  1.452942E+01 -7.452750E+01 -9.350230E+01 -5.869241E+01  7.442749E-04 -1.175344E+05  1.709669E+03
  8.440000E+03  7.292419E+00 -7.824055E-01  1.510205E+01 -6.953900E+01 -9.096915E+01 -5.139414E+01  5.295738E-04 -1.174701E+05  1.723621E+03
  8.440000E+03  7.247325E+00 -6.649396E-01  1.489732E+01 -7.140650E+01 -9.222218E+01 -5.376745E+01  1.432210E-04 -1.174436E+05  1.718678E+03
  8.440000E+03  7.003345E+00 -8.515943E-01  1.459161E+01 -7.422055E+01 -9.279880E+01 -5.863567E+01  8.093785E-04 -1.175325E+05  1.712263E+03
  8.440000E+03  7.918295E+00 -2.840024E-01  1.576018E+01 -6.145654E+01 -8.942276E+01 -3.669991E+01  2.766040E-04 -1.174060E+05  1.732541E+03
  8.440000E+03  7.291373E+00 -7.422840E-01  1.507038E+01 -6.980269E+01 -9.122849E+01 -5.170095E+01  4.392217E-04 -1.174629E+05  1.722465E+03
  8.440000E+03  7.294050E+00 -6.948309E-01  1.503380E+01 -7.011218E+01 -9.153924E+01 -5.203282E+01  2.989076E-04 -1.174512E+05  1.721312E+03
  8.440000E+03  7.856991E+00 -2.307619E-01  1.561614E+01 -6.309027E+01 -9.024434E+01 -3.910641E+01  9.001132E-06 -1.173909E+05  1.730550E+03
  8.440000E+03  7.283272E+00 -6.378857E-01  1.495772E+01 -7.075083E+01 -9.207538E+01 -5.280892E+01  1.463847E-04 -1.174407E+05  1.719533E+03
  8.440000E+03  7.966389E+00 -1.678501E-01  1.572956E+01 -6.157264E+01 -8.980112E+01 -3.649662E+01  1.519076E-05 -1.173838E+05  1.731656E+03
  8.440000E+03  7.010995E+00 -8.511668E-01  1.460325E+01 -7.410580E+01 -9.273831E+01 -5.845891E+01  8.391630E-04 -1.175339E+05  1.712337E+03
  8.440000E+03  7.298736E+00 -6.987054E-01  1.504789E+01 -6.995293E+01 -9.145878E+01 -5.179699E+01  3.693263E-04 -1.174575E+05  1.721435E+03
  8.440000E+03  7.953154E+00 -1.997979E-01  1.574126E+01 -6.146213E+01 -8.967160E+01 -3.642128E+01  1.654250E-04 -1.173973E+05  1.731699E+03
  8.440000E+03  7.882962E+00 -2.208799E-01  1.564035E+01 -6.275007E+01 -9.013957E+01 -3.850432E+01  3.774499E-05 -1.173918E+05  1.730890E+03
  8.440000E+03  7.081963E+00 -5.868597E-01  1.450477E+01 -7.441371E+01 -9.425966E+01 -5.774589E+01  6.179422E-04 -1.175267E+05  1.708318E+03
  8.440000E+03  7.294474E+00 -7.253183E-01  1.506361E+01 -6.982449E+01 -9.130392E+01 -5.168647E+01  4.527391E-04 -1.174642E+05  1.721945E+03
  8.440000E+03  7.717427E+00 -7.589244E-01  1.580891E+01 -6.225440E+01 -8.827787E+01 -3.948073E+01  5.079088E-04 -1.174027E+05  1.739141E+03
  8.440000E+03  7.021287E+00 -8.588647E-01  1.462535E+01 -7.391792E+01 -9.260554E+01 -5.819964E+01  8.650831E-04 -1.175337E+05  1.712834E+03
  8.440000E+03  7.763716E+00 -2.056020E-01  1.546317E+01 -6.476281E+01 -9.097567E+01 -4.181056E+01 -3.336906E-05 -1.173966E+05  1.726045E+03
  8.440000E+03  7.870997E+00 -1.423421E-01  1.558058E+01 -6.332363E+01 -9.061695E+01 -3.926241E+01 -1.329645E-04 -1.173788E+05  1.729148E+03
  8.440000E+03  7.909283E+00 -2.979600E-01  1.575957E+01 -6.150523E+01 -8.940185E+01 -3.683523E+01  3.105898E-04 -1.174068E+05  1.732634E+03
  8.440000E+03  7.294994E+00 -7.206878E-01  1.506138E+01 -6.982880E+01 -9.132350E+01 -5.167985E+01  4.701798E-04 -1.174658E+05  1.721738E+03
  8.440000E+03  7.285162E+00 -6.194771E-01  1.494917E+01 -7.075337E+01 -9.215734E+01 -5.276770E+01  2.126321E-04 -1.174477E+05  1.718710E+03
  8.440000E+03  7.293579E+00 -7.270470E-01  1.506379E+01 -6.981217E+01 -9.128925E+01 -5.167106E+01  4.916678E-04 -1.174675E+05  1.721803E+03
  8.440000E+03  7.643981E+00 -9.201296E-01  1.581552E+01 -6.255741E+01 -8.789602E+01 -4.039517E+01  6.661345E-04 -1.174104E+05  1.741393E+03
  8.440000E+03  7.861773E+00 -4.191531E-01  1.580051E+01 -6.145604E+01 -8.905330E+01 -3.713503E+01  3.373347E-04 -1.174013E+05  1.735511E+03
  8.440000E+03  7.306041E+00 -6.546243E-01  1.502515E+01 -7.008688E+01 -9.168841E+01 -5.186550E+01  3.351003E-04 -1.174549E+05  1.720273E+03
  8.440000E+03  7.765505E+00 -7.719774E-01  1.597700E+01 -6.031707E+01 -8.762824E+01 -3.646670E+01  7.713657E-04 -1.174175E+05  1.741090E+03
  8.440000E+03  6.984864E+00 -8.137606E-01  1.452748E+01 -7.467735E+01 -9.322706E+01 -5.918740E+01  8.520666E-04 -1.175398E+05  1.710200E+03
  8.440000E+03  7.895691E+00 -1.898300E-01  1.563060E+01 -6.275001E+01 -9.022951E+01 -3.839165E+01  5.744007E-05 -1.173934E+05  1.730203E+03
  8.440000E+03  7.833540E+00 -1.242735E-01  1.551642E+01 -6.402886E+01 -9.096151E+01 -4.036575E+01 -1.679973E-04 -1.173783E+05  1.727450E+03
  8.440000E+03  7.796151E+00 -1.473948E-01  1.547133E+01 -6.455475E+01 -9.109224E+01 -4.125685E+01 -1.013646E-04 -1.173881E+05  1.726201E+03
  8.440000E+03  7.275887E+00 -5.848209E-01  1.487920E+01 -7.139594E+01 -9.256015E+01 -5.344786E+01  1.235238E-04 -1.174415E+05  1.717222E+03
  8.440000E+03  7.299493E+00 -5.752879E-01  1.492557E+01 -7.093726E+01 -9.239991E+01 -5.278836E+01  1.168807E-04 -1.174384E+05  1.718087E+03
  8.440000E+03  7.928928E+00 -2.379504E-01  1.573971E+01 -6.156639E+01 -8.959347E+01 -3.672837E+01  2.838364E-04 -1.174056E+05  1.731597E+03
  8.440000E+03  7.000149E+00 -8.130350E-01  1.454895E+01 -7.449860E+01 -9.312308E+01 -5.887596E+01  8.561295E-04 -1.175377E+05  1.710674E+03
  8.440000E+03  7.691393E+00 -2.752479E-01  1.537302E+01 -6.575999E+01 -9.115324E+01 -4.358542E+01  1.597475E-04 -1.174211E+05  1.723723E+03
  8.440000E+03  7.762564E+00 -6.552948E-01  1.580636E+01 -6.201826E+01 -8.852830E+01 -3.880055E+01  4.606044E-04 -1.174004E+05  1.738044E+03
  8.440000E+03  7.724849E+00 -2.217230E-01  1.539733E+01 -6.540357E+01 -9.117625E+01 -4.283881E+01  1.244244E-04 -1.174163E+05  1.723791E+03
  8.440000E+03  7.909642E+00 -2.861004E-01  1.575101E+01 -6.157571E+01 -8.945941E+01 -3.692317E+01  3.222377E-04 -1.174064E+05  1.732270E+03
  8.440000E+03  7.906658E+00 -2.941820E-01  1.575355E+01 -6.157216E+01 -8.943648E+01 -3.694455E+01  3.258901E-04 -1.174062E+05  1.732447E+03
  8.440000E+03  7.989476E+00 -1.137394E-01  1.572184E+01 -6.145707E+01 -8.991520E+01 -3.612967E+01  8.803232E-05 -1.173890E+05  1.730675E+03
  8.440000E+03  7.860365E+00 -4.177123E-01  1.579869E+01 -6.149174E+01 -8.906870E+01 -3.719394E+01  3.387702E-04 -1.173992E+05  1.735538E+03
  8.440000E+03  7.888381E+00 -8.374304E-02  1.555796E+01 -6.339530E+01 -9.082753E+01 -3.917178E+01 -1.312766E-04 -1.173791E+05  1.727954E+03
  8.440000E+03  7.075604E+00 -7.816961E-01  1.464763E+01 -7.359650E+01 -9.276116E+01 -5.736882E+01  8.044472E-04 -1.175245E+05  1.712119E+03
  8.440000E+03  7.319417E+00 -6.176440E-01  1.501941E+01 -7.002371E+01 -9.181737E+01 -5.164843E+01  3.852282E-04 -1.174599E+05  1.719377E+03
  8.440000E+03  7.095436E+00 -5.662173E-01  1.449498E+01 -7.447897E+01 -9.434249E+01 -5.760260E+01  6.560078E-04 -1.175284E+05  1.707831E+03
  8.440000E+03  7.774154E+00 -6.282863E-01  1.580823E+01 -6.194215E+01 -8.859050E+01 -3.860517E+01  4.382741E-04 -1.173979E+05  1.737930E+03
  8.440000E+03  7.068132E+00 -6.140224E-01  1.449103E+01 -7.459194E+01 -9.420151E+01 -5.803662E+01  6.976610E-04 -1.175313E+05  1.708290E+03
  8.440000E+03  7.011818E+00 -6.928393E-01  1.446081E+01 -7.496252E+01 -9.405256E+01 -5.900835E+01  8.091535E-04 -1.175425E+05  1.708231E+03
  8.440000E+03  7.892507E+00 -6.078659E-02  1.554813E+01 -6.345092E+01 -9.092074E+01 -3.918995E+01 -1.484018E-04 -1.173777E+05  1.727506E+03
  8.440000E+03  7.296742E+00 -5.755966E-01  1.493362E+01 -7.075547E+01 -9.234254E+01 -5.259275E+01  3.057971E-04 -1.174569E+05  1.717378E+03
  8.440000E+03  7.323166E+00 -5.863499E-01  1.499831E+01 -7.018521E+01 -9.201329E+01 -5.178300E+01  3.183130E-04 -1.174540E+05  1.718712E+03
  8.440000E+03  7.899316E+00 -3.095772E-01  1.575708E+01 -6.159109E+01 -8.940288E+01 -3.703086E+01  3.361911E-04 -1.174046E+05  1.732813E+03
  8.440000E+03  7.988033E+00 -1.117156E-01  1.571973E+01 -6.144976E+01 -8.992944E+01 -3.611720E+01  1.392463E-04 -1.173927E+05  1.730546E+03
  8.440000E+03  8.000085E+00 -7.956263E-02  1.570336E+01 -6.158065E+01 -9.004249E+01 -3.618134E+01  6.365625E-05 -1.173870E+05  1.729897E+03
  8.440000E+03  7.976862E+00 -9.354737E-02  1.567156E+01 -6.194176E+01 -9.014931E+01 -3.676018E+01  1.255438E-04 -1.173961E+05  1.729207E+03
  8.440000E+03  7.359634E+00 -6.127871E-01  1.507831E+01 -6.934076E+01 -9.152996E+01 -5.046744E+01  5.938728E-04 -1.174783E+05  1.719972E+03
  8.440000E+03  7.853805E+00 -4.325404E-01  1.580336E+01 -6.151641E+01 -8.903037E+01 -3.729004E+01  3.309875E-04 -1.173950E+05  1.735950E+03
  8.440000E+03  7.390949E+00 -5.869747E-01  1.510614E+01 -6.899722E+01 -9.144896E+01 -4.982450E+01  6.186889E-04 -1.174796E+05  1.719760E+03
  8.440000E+03  7.877813E+00 -3.677238E-01  1.577996E+01 -6.154364E+01 -8.922960E+01 -3.712693E+01  3.406487E-04 -1.174003E+05  1.734432E+03
  8.440000E+03  7.903015E+00 -4.737770E-02  1.554820E+01 -6.337861E+01 -9.092914E+01 -3.898845E+01 -1.029709E-04 -1.173817E+05  1.727273E+03
  8.440000E+03  7.333909E+00 -5.745625E-01  1.500712E+01 -7.002287E+01 -9.200564E+01 -5.148761E+01  3.939960E-04 -1.174612E+05  1.718567E+03
  8.440000E+03  7.883985E+00 -2.803393E-02  1.551416E+01 -6.376093E+01 -9.115250E+01 -3.959956E+01 -1.786822E-04 -1.173758E+05  1.726360E+03
  8.440000E+03  7.921094E+00 -2.435393E-01  1.573386E+01 -6.165643E+01 -8.961117E+01 -3.691955E+01  3.188952E-04 -1.174053E+05  1.731453E+03
  8.440000E+03  7.929352E+00 -1.193210E-01  1.561572E+01 -6.265451E+01 -9.039690E+01 -3.795224E+01  1.242556E-04 -1.173989E+05  1.728862E+03
  8.440000E+03  7.894427E+00 -5.782467E-01  1.603664E+01 -5.909452E+01 -8.780516E+01 -3.393839E+01  6.410062E-04 -1.174007E+05  1.740543E+03
  8.440000E+03  7.901074E+00 -7.737977E-02  1.555881E+01 -6.328666E+01 -9.080261E+01 -3.889148E+01 -1.688294E-05 -1.173888E+05  1.727736E+03
  8.440000E+03  7.309133E+00 -5.312366E-01  1.490531E+01 -7.092285E+01 -9.262686E+01 -5.262374E+01  2.555145E-04 -1.174526E+05  1.716730E+03
  8.440000E+03  7.312117E+00 -5.429728E-01  1.492625E+01 -7.073924E+01 -9.248004E+01 -5.239110E+01  3.146329E-04 -1.174576E+05  1.717013E+03
  8.440000E+03  7.383900E+00 -5.763001E-01  1.508002E+01 -6.920212E+01 -9.158016E+01 -5.010446E+01  6.490721E-04 -1.174836E+05  1.718830E+03
  8.440000E+03  7.881925E+00 -3.541989E-01  1.577450E+01 -6.157019E+01 -8.927654E+01 -3.713476E+01  3.395338E-04 -1.173995E+05  1.734143E+03
  8.440000E+03  7.662664E+00 -2.437580E-01  1.529323E+01 -6.645228E+01 -9.156107E+01 -4.447991E+01  2.783275E-04 -1.174363E+05  1.721241E+03
  8.440000E+03  7.852161E+00 -4.341432E-01  1.580320E+01 -6.154472E+01 -8.903272E+01 -3.734519E+01  3.274213E-04 -1.173923E+05  1.736056E+03
  8.440000E+03  7.893236E+00 -3.211139E-01  1.576060E+01 -6.161228E+01 -8.938142E+01 -3.710953E+01  3.394924E-04 -1.174013E+05  1.733227E+03
  8.440000E+03  7.910975E+00 -1.068349E-01  1.558453E+01 -6.301574E+01 -9.059519E+01 -3.850237E+01  7.722232E-05 -1.173954E+05  1.728402E+03
  8.440000E+03  8.005197E+00 -7.174380E-02  1.571052E+01 -6.143650E+01 -9.004446E+01 -3.595172E+01  1.272907E-04 -1.173901E+05  1.730131E+03
  8.440000E+03  7.088577E+00 -5.802223E-01  1.448316E+01 -7.460513E+01 -9.433889E+01 -5.777763E+01  7.001782E-04 -1.175313E+05  1.707843E+03
  8.440000E+03  7.760203E+00 -6.463762E-01  1.579425E+01 -6.213532E+01 -8.859096E+01 -3.893194E+01  5.131702E-04 -1.174020E+05  1.737745E+03
  8.440000E+03  7.322907E+00 -5.112062E-01  1.490843E+01 -7.082058E+01 -9.267125E+01 -5.237736E+01  2.822970E-04 -1.174551E+05  1.716508E+03
  8.440000E+03  7.324290E+00 -5.086142E-01  1.490780E+01 -7.081900E+01 -9.268267E+01 -5.236216E+01  2.810905E-04 -1.174550E+05  1.716481E+03
  8.440000E+03  7.953247E+00 -1.676506E-01  1.571883E+01 -6.160561E+01 -8.982573E+01 -3.658211E+01  2.700043E-04 -1.174013E+05  1.730640E+03
  8.440000E+03  7.586572E+00 -3.143138E-01  1.521592E+01 -6.737257E+01 -9.174562E+01 -4.612086E+01  3.748299E-04 -1.174497E+05  1.720412E+03
  8.440000E+03  7.868318E+00 -3.886782E-01  1.578854E+01 -6.155698E+01 -8.917413E+01 -3.721924E+01  3.341658E-04 -1.173948E+05  1.735156E+03
  8.440000E+03  7.324822E+00 -4.846471E-01  1.482041E+01 -7.165999E+01 -9.310971E+01 -5.309742E+01  1.587196E-04 -1.174473E+05  1.715417E+03
  8.440000E+03  7.648769E+00 -2.382246E-01  1.526227E+01 -6.674145E+01 -9.171008E+01 -4.483276E+01  3.298465E-04 -1.174429E+05  1.720577E+03
  8.440000E+03  7.914166E+00 -2.465707E-02  1.554001E+01 -6.335833E+01 -9.097868E+01 -3.881354E+01 -1.977577E-05 -1.173889E+05  1.726596E+03
  8.440000E+03  7.919059E+00 -2.400685E-01  1.572898E+01 -6.171239E+01 -8.964377E+01 -3.701581E+01  3.315768E-04 -1.174038E+05  1.731335E+03
  8.440000E+03  7.824521E+00 -4.997399E-01  1.580667E+01 -6.170423E+01 -8.888731E+01 -3.782124E+01  3.531127E-04 -1.173894E+05  1.736861E+03
  8.440000E+03  7.916033E+00  4.079141E-02  1.550703E+01 -6.362283E+01 -9.129557E+01 -3.911077E+01 -1.579963E-04 -1.173776E+05  1.725292E+03
  8.440000E+03  7.651608E+00 -2.260031E-01  1.525747E+01 -6.675961E+01 -9.176358E+01 -4.479913E+01  3.334147E-04 -1.174435E+05  1.720405E+03
  8.440000E+03  7.974124E+00 -1.229569E-01  1.571122E+01 -6.156275E+01 -8.994154E+01 -3.635994E+01  2.339648E-04 -1.173979E+05  1.730173E+03
  8.440000E+03  7.876042E+00 -3.660801E-01  1.577966E+01 -6.158401E+01 -8.924835E+01 -3.719672E+01  3.362622E-04 -1.173953E+05  1.734636E+03
  8.440000E+03  7.840532E+00 -4.583150E-01  1.580365E+01 -6.163414E+01 -8.898572E+01 -3.757136E+01  3.364178E-04 -1.173891E+05  1.736396E+03
  8.440000E+03  7.667955E+00 -8.225288E-01  1.577827E+01 -6.272676E+01 -8.823268E+01 -4.041346E+01  7.019492E-04 -1.174140E+05  1.739009E+03
  8.440000E+03  7.362651E+00 -4.594168E-01  1.492887E+01 -7.050349E+01 -9.277003E+01 -5.166608E+01  2.229239E-04 -1.174485E+05  1.716975E+03
  8.440000E+03  7.867014E+00 -3.891745E-01  1.578831E+01 -6.157817E+01 -8.917896E+01 -3.725801E+01  3.335095E-04 -1.173929E+05  1.735238E+03
  8.440000E+03  7.913851E+00 -6.192022E-02  1.555630E+01 -6.321850E+01 -9.080194E+01 -3.865988E+01  8.098769E-05 -1.173965E+05  1.727155E+03
  8.440000E+03  7.890087E+00 -3.242807E-01  1.576135E+01 -6.164156E+01 -8.938531E+01 -3.717319E+01  3.410795E-04 -1.173979E+05  1.733474E+03
  8.440000E+03  7.086774E+00 -6.543513E-01  1.453044E+01 -7.433849E+01 -9.380213E+01 -5.763947E+01  8.140044E-04 -1.175348E+05  1.709408E+03
  8.440000E+03  7.821211E+00 -4.982873E-01  1.580115E+01 -6.176077E+01 -8.891167E+01 -3.790736E+01  3.762131E-04 -1.173908E+05  1.736697E+03
  8.440000E+03  7.910256E+00 -2.591874E-01  1.573271E+01 -6.173784E+01 -8.959994E+01 -3.713193E+01  3.461537E-04 -1.174025E+05  1.731684E+03
  8.440000E+03  7.621427E+00 -8.989186E-01  1.576057E+01 -6.311184E+01 -8.811574E+01 -4.128854E+01  7.385906E-04 -1.174164E+05  1.739519E+03
  8.440000E+03  7.932654E+00  6.195157E-02  1.551129E+01 -6.347515E+01 -9.128808E+01 -3.876199E+01 -9.876681E-05 -1.173828E+05  1.724944E+03
  8.440000E+03  7.936228E+00 -1.929456E-01  1.571583E+01 -6.172462E+01 -8.978922E+01 -3.687757E+01  3.169547E-04 -1.174025E+05  1.730640E+03
  8.440000E+03  8.025853E+00 -1.717160E-02  1.569598E+01 -6.143220E+01 -9.022908E+01 -3.575397E+01  1.066897E-04 -1.173868E+05  1.729772E+03
  8.440000E+03  7.923109E+00  1.080984E-02  1.552517E+01 -6.341040E+01 -9.109839E+01 -3.875534E+01  8.203535E-06 -1.173918E+05  1.725675E+03
  8.440000E+03  7.826362E+00 -4.818398E-01  1.579850E+01 -6.175296E+01 -8.895696E+01 -3.784119E+01  3.743045E-04 -1.173906E+05  1.736480E+03
  8.440000E+03  8.044949E+00  3.987514E-02  1.567993E+01 -6.147670E+01 -9.042826E+01 -3.560468E+01  1.828762E-05 -1.173802E+05  1.729493E+03
  8.440000E+03  8.028550E+00 -7.887209E-03  1.569273E+01 -6.143826E+01 -9.026438E+01 -3.573504E+01  1.044283E-04 -1.173865E+05  1.729677E+03
  8.440000E+03  7.922159E+00  4.824379E-03  1.552601E+01 -6.340510E+01 -9.107563E+01 -3.875229E+01  3.246350E-05 -1.173938E+05  1.725698E+03
  8.440000E+03  7.779315E+00 -5.846598E-01  1.578864E+01 -6.206638E+01 -8.875974E+01 -3.863646E+01  5.092008E-04 -1.174008E+05  1.737093E+03
  8.440000E+03  7.920907E+00 -2.243099E-01  1.571942E+01 -6.178072E+01 -8.971705E+01 -3.708389E+01  3.462386E-04 -1.174032E+05  1.730975E+03
  8.440000E+03  7.909546E+00 -2.559374E-01  1.572947E+01 -6.176974E+01 -8.962255E+01 -3.717679E+01  3.543463E-04 -1.174020E+05  1.731606E+03
  8.440000E+03  7.990090E+00 -8.529219E-02  1.570187E+01 -6.156606E+01 -9.005090E+01 -3.622744E+01  2.168466E-04 -1.173948E+05  1.729738E+03
  8.440000E+03  7.398994E+00 -3.963959E-01  1.494943E+01 -7.010135E+01 -9.288762E+01 -5.078423E+01  2.917279E-04 -1.174567E+05  1.716907E+03
  8.440000E+03  7.396494E+00 -3.877629E-01  1.492382E+01 -7.038802E+01 -9.307425E+01 -5.114294E+01  1.259920E-04 -1.174410E+05  1.717250E+03
  8.440000E+03  7.277470E+00 -4.773559E-01  1.472690E+01 -7.248259E+01 -9.363763E+01 -5.412654E+01  2.010937E-04 -1.174580E+05  1.714620E+03
  8.440000E+03  7.391174E+00 -4.513056E-01  1.498403E+01 -6.981953E+01 -9.250284E+01 -5.058201E+01  5.059445E-04 -1.174746E+05  1.717127E+03
  8.440000E+03  8.389195E+00 -2.509340E-01  1.655543E+01 -4.983011E+01 -8.659949E+01 -1.704183E+01  9.045956E-04 -1.173781E+05  1.754705E+03
  8.440000E+03  7.916251E+00 -2.324196E-01  1.571954E+01 -6.180690E+01 -8.970400E+01 -3.715750E+01  3.579853E-04 -1.174030E+05  1.731073E+03
  8.440000E+03  7.938026E+00  1.162555E-01  1.548703E+01 -6.357072E+01 -9.153649E+01 -3.885968E+01 -1.373586E-04 -1.173807E+05  1.723723E+03
  8.440000E+03  7.409692E+00 -4.574404E-01  1.501026E+01 -6.950693E+01 -9.232746E+01 -5.007496E+01  6.281273E-04 -1.174856E+05  1.717297E+03
  8.440000E+03  7.929234E+00 -1.984236E-01  1.571037E+01 -6.180560E+01 -8.980255E+01 -3.703577E+01  3.456499E-04 -1.174032E+05  1.730507E+03
  8.440000E+03  7.118442E+00 -6.076187E-01  1.454662E+01 -7.412878E+01 -9.390581E+01 -5.707550E+01  7.598751E-04 -1.175284E+05  1.709579E+03
  8.440000E+03  7.929645E+00 -1.963016E-01  1.570922E+01 -6.181224E+01 -8.981121E+01 -3.703943E+01  3.472874E-04 -1.174033E+05  1.730456E+03
  8.440000E+03  8.032636E+00  6.005663E-02  1.564205E+01 -6.180419E+01 -9.063733E+01 -3.602100E+01  7.916305E-05 -1.173891E+05  1.728422E+03
  8.440000E+03  7.403588E+00 -3.870881E-01  1.495228E+01 -6.999312E+01 -9.289404E+01 -5.057869E+01  3.934979E-04 -1.174669E+05  1.716607E+03
  8.440000E+03  7.970233E+00  5.783501E-04  1.557972E+01 -6.268531E+01 -9.076655E+01 -3.753246E+01  1.621973E-04 -1.174017E+05  1.726830E+03
  8.440000E+03  7.984577E+00 -8.912819E-02  1.569768E+01 -6.163016E+01 -9.005732E+01 -3.634802E+01  2.431849E-04 -1.173959E+05  1.729543E+03
