  8.440000E+03  4.582384E+00 -3.261991E+00  1.193757E+01 -9.575854E+01 -8.749410E+01 -1.051563E+02  4.548726E-04 -1.176969E+05  1.694452E+03
  8.440000E+03  5.606785E+00 -2.076066E+00  1.298611E+01 -8.881765E+01 -9.325046E+01 -8.715394E+01 -6.274774E-04 -1.175365E+05  1.696889E+03
  8.440000E+03  5.571253E+00 -2.454691E+00  1.321699E+01 -8.707320E+01 -8.926259E+01 -8.659991E+01  7.207684E-04 -1.176460E+05  1.700286E+03
  8.440000E+03  5.101529E+00 -2.546273E+00  1.239160E+01 -9.306835E+01 -9.222610E+01 -9.609691E+01 -3.494272E-05 -1.176155E+05  1.692727E+03
  8.440000E+03  6.478083E+00 -1.886722E+00  1.446332E+01 -7.728266E+01 -8.860739E+01 -6.844395E+01 -3.993678E-04 -1.174751E+05  1.721329E+03
  8.440000E+03  5.438726E+00 -2.329621E+00  1.288892E+01 -8.966742E+01 -9.177260E+01 -9.003602E+01 -4.103387E-04 -1.175473E+05  1.698300E+03
  8.440000E+03  5.088635E+00 -2.547757E+00  1.236687E+01 -9.323323E+01 -9.231142E+01 -9.632728E+01 -8.439561E-06 -1.176197E+05  1.692161E+03
  8.440000E+03  5.618027E+00 -2.057903E+00  1.299411E+01 -8.875369E+01 -9.335698E+01 -8.693475E+01 -6.397310E-04 -1.175351E+05  1.696978E+03
  8.440000E+03  6.006495E+00 -1.882962E+00  1.361430E+01 -8.375874E+01 -9.204118E+01 -7.883195E+01 -4.277339E-04 -1.175311E+05  1.706978E+03
  8.440000E+03  5.434081E+00 -2.330533E+00  1.288015E+01 -8.972814E+01 -9.180058E+01 -9.011777E+01 -3.915612E-04 -1.175492E+05  1.698126E+03
  8.440000E+03  5.044435E+00 -2.560941E+00  1.228602E+01 -9.374298E+01 -9.255091E+01 -9.706134E+01  1.291889E-04 -1.176399E+05  1.690614E+03
  8.440000E+03  5.548838E+00 -2.520443E+00  1.321411E+01 -8.713203E+01 -8.872236E+01 -8.704559E+01  8.042799E-04 -1.176502E+05  1.700176E+03
  8.440000E+03  5.557536E+00 -2.491361E+00  1.321217E+01 -8.713600E+01 -8.898069E+01 -8.689457E+01  7.529955E-04 -1.176461E+05  1.700302E+03
  8.440000E+03  5.712068E+00 -2.223100E+00  1.330630E+01 -8.628442E+01 -9.076361E+01 -8.418681E+01  3.396045E-04 -1.176107E+05  1.701587E+03
  8.440000E+03  5.611343E+00 -2.359846E+00  1.323019E+01 -8.692203E+01 -8.999105E+01 -8.584326E+01  6.195507E-04 -1.176383E+05  1.700528E+03
  8.440000E+03  6.088543E+00 -1.749084E+00  1.370124E+01 -8.305381E+01 -9.253728E+01 -7.707943E+01 -6.160824E-04 -1.175136E+05  1.707882E+03
  8.440000E+03  6.262077E+00 -1.903404E+00  1.406059E+01 -8.054168E+01 -8.987337E+01 -7.375795E+01 -3.878172E-04 -1.174952E+05  1.712856E+03
  8.440000E+03  5.659493E+00 -2.286656E+00  1.325959E+01 -8.664489E+01 -9.045906E+01 -8.503102E+01  5.227751E-04 -1.176298E+05  1.700847E+03
  8.440000E+03  5.628662E+00 -2.331135E+00  1.323834E+01 -8.683984E+01 -9.019092E+01 -8.555553E+01  5.865129E-04 -1.176353E+05  1.700629E+03
  8.440000E+03  5.472326E+00 -2.257787E+00  1.289140E+01 -8.961826E+01 -9.228473E+01 -8.950457E+01 -4.461021E-04 -1.175459E+05  1.697128E+03
  8.440000E+03  5.688323E+00 -2.244651E+00  1.327916E+01 -8.647138E+01 -9.070571E+01 -8.457342E+01  4.397499E-04 -1.176215E+05  1.701027E+03
  8.440000E+03  6.644393E+00 -1.722571E+00  1.469664E+01 -7.487062E+01 -8.875961E+01 -6.423917E+01 -2.604913E-04 -1.174847E+05  1.724171E+03
  8.440000E+03  5.570708E+00 -2.433781E+00  1.320304E+01 -8.717855E+01 -8.948190E+01 -8.667792E+01  6.740164E-04 -1.176396E+05  1.700062E+03
  8.440000E+03  5.446344E+00 -2.305453E+00  1.288241E+01 -8.970888E+01 -9.196208E+01 -8.991787E+01 -3.729440E-04 -1.175493E+05  1.697627E+03
  8.440000E+03  6.613240E+00 -1.745747E+00  1.465348E+01 -7.526102E+01 -8.877525E+01 -6.497500E+01 -2.253399E-04 -1.174894E+05  1.723242E+03
  8.440000E+03  5.505571E+00 -2.197601E+00  1.289917E+01 -8.952972E+01 -9.270944E+01 -8.896638E+01 -4.932615E-04 -1.175437E+05  1.696566E+03
  8.440000E+03  6.256457E+00 -1.878555E+00  1.403254E+01 -8.076513E+01 -9.011391E+01 -7.398263E+01 -4.318557E-04 -1.174918E+05  1.712111E+03
  8.440000E+03  5.557087E+00 -2.483476E+00  1.320599E+01 -8.719574E+01 -8.906884E+01 -8.694461E+01  7.246883E-04 -1.176414E+05  1.700314E+03
  8.440000E+03  6.270101E+00 -1.845764E+00  1.400268E+01 -8.107485E+01 -9.036323E+01 -7.400826E+01 -5.285179E-04 -1.174862E+05  1.711414E+03
  8.440000E+03  5.708648E+00 -2.060403E+00  1.318184E+01 -8.711213E+01 -9.251442E+01 -8.450620E+01  4.900245E-05 -1.175971E+05  1.698917E+03
  8.440000E+03  5.474508E+00 -2.242741E+00  1.288079E+01 -8.968770E+01 -9.244279E+01 -8.948611E+01 -4.376182E-04 -1.175469E+05  1.696745E+03
  8.440000E+03  5.619525E+00 -2.334712E+00  1.322292E+01 -8.695906E+01 -9.021386E+01 -8.577553E+01  5.891766E-04 -1.176342E+05  1.700280E+03
  8.440000E+03  6.377844E+00 -1.793743E+00  1.419299E+01 -7.931340E+01 -9.005882E+01 -7.145186E+01 -5.003053E-04 -1.174804E+05  1.714743E+03
  8.440000E+03  5.643834E+00 -2.296087E+00  1.323678E+01 -8.681844E+01 -9.046608E+01 -8.535567E+01  5.519113E-04 -1.176314E+05  1.700362E+03
  8.440000E+03  5.677551E+00 -2.247184E+00  1.326029E+01 -8.659767E+01 -9.075750E+01 -8.478179E+01  4.828451E-04 -1.176253E+05  1.700581E+03
  8.440000E+03  5.674758E+00 -2.250231E+00  1.325744E+01 -8.662052E+01 -9.074460E+01 -8.483125E+01  4.905481E-04 -1.176260E+05  1.700531E+03
  8.440000E+03  5.351574E+00 -2.297992E+00  1.267001E+01 -9.115822E+01 -9.304316E+01 -9.162757E+01 -2.819340E-04 -1.175801E+05  1.694884E+03
  8.440000E+03  5.694493E+00 -2.223290E+00  1.327295E+01 -8.648806E+01 -9.089421E+01 -8.450462E+01  4.341151E-04 -1.176203E+05  1.700760E+03
  8.440000E+03  5.564661E+00 -2.449046E+00  1.319906E+01 -8.723247E+01 -8.937731E+01 -8.683821E+01  6.732933E-04 -1.176364E+05  1.700187E+03
  8.440000E+03  5.716485E+00 -2.196081E+00  1.329222E+01 -8.634015E+01 -9.102940E+01 -8.415157E+01  3.537594E-04 -1.176116E+05  1.701134E+03
  8.440000E+03  6.295329E+00 -1.838149E+00  1.407054E+01 -8.042192E+01 -9.021302E+01 -7.326676E+01 -4.807196E-04 -1.174853E+05  1.712579E+03
  8.440000E+03  5.577734E+00 -2.404613E+00  1.319607E+01 -8.721919E+01 -8.974206E+01 -8.660116E+01  6.351988E-04 -1.176345E+05  1.699890E+03
  8.440000E+03  5.977562E+00 -1.904534E+00  1.357463E+01 -8.407413E+01 -9.207554E+01 -7.939187E+01 -3.526972E-04 -1.175357E+05  1.706573E+03
  8.440000E+03  6.088609E+00 -1.747673E+00  1.370368E+01 -8.303011E+01 -9.254355E+01 -7.705080E+01 -5.777316E-04 -1.175135E+05  1.707980E+03
  8.440000E+03  5.635447E+00 -2.301462E+00  1.322512E+01 -8.691159E+01 -9.046459E+01 -8.553898E+01  5.593151E-04 -1.176308E+05  1.700129E+03
  8.440000E+03  5.162320E+00 -2.409310E+00  1.238090E+01 -9.326011E+01 -9.363800E+01 -9.497758E+01 -2.775191E-04 -1.175949E+05  1.694017E+03
  8.440000E+03  5.570522E+00 -2.423811E+00  1.319435E+01 -8.725178E+01 -8.959475E+01 -8.674977E+01  6.477560E-04 -1.176340E+05  1.699978E+03
  8.440000E+03  5.199011E+00 -2.440519E+00  1.248177E+01 -9.248676E+01 -9.279269E+01 -9.432408E+01 -9.298551E-05 -1.176038E+05  1.694130E+03
  8.440000E+03  6.185122E+00 -1.611880E+00  1.376220E+01 -8.252655E+01 -9.307826E+01 -7.539607E+01 -7.678091E-04 -1.174974E+05  1.708035E+03
  8.440000E+03  5.545898E+00 -2.128665E+00  1.291420E+01 -8.939661E+01 -9.320517E+01 -8.823384E+01 -5.293657E-04 -1.175405E+05  1.696704E+03
  8.440000E+03  5.563610E+00 -2.443140E+00  1.319382E+01 -8.727803E+01 -8.944165E+01 -8.687098E+01  6.698366E-04 -1.176347E+05  1.700106E+03
  8.440000E+03  5.625238E+00 -2.313503E+00  1.321577E+01 -8.699492E+01 -9.040317E+01 -8.574046E+01  5.693851E-04 -1.176306E+05  1.699996E+03
  8.440000E+03  5.548165E+00 -2.499897E+00  1.320028E+01 -8.730593E+01 -8.892811E+01 -8.699363E+01  8.418823E-04 -1.176503E+05  1.700276E+03
  8.440000E+03  6.626471E+00 -1.620174E+00  1.457984E+01 -7.581550E+01 -8.963430E+01 -6.538136E+01 -4.525651E-04 -1.174695E+05  1.720903E+03
  8.440000E+03  5.128809E+00 -2.330735E+00  1.226547E+01 -9.415182E+01 -9.476392E+01 -9.540656E+01 -2.700562E-04 -1.176062E+05  1.690544E+03
  8.440000E+03  6.596856E+00 -1.669598E+00  1.455458E+01 -7.610042E+01 -8.944087E+01 -6.602137E+01 -4.004460E-04 -1.174737E+05  1.720364E+03
  8.440000E+03  6.199528E+00 -1.590030E+00  1.376755E+01 -8.247151E+01 -9.316612E+01 -7.516610E+01 -7.752239E-04 -1.174965E+05  1.707791E+03
  8.440000E+03  5.991232E+00 -2.087859E+00  1.370411E+01 -8.349047E+01 -9.014883E+01 -7.894809E+01 -1.101974E-04 -1.175379E+05  1.709251E+03
  8.440000E+03  5.701105E+00 -2.203490E+00  1.326923E+01 -8.649156E+01 -9.106610E+01 -8.441701E+01  4.295201E-04 -1.176185E+05  1.700640E+03
  8.440000E+03  6.689505E+00 -1.517713E+00  1.463926E+01 -7.519837E+01 -8.999041E+01 -6.395082E+01 -5.638795E-04 -1.174591E+05  1.722352E+03
  8.440000E+03  5.574207E+00 -2.404851E+00  1.318949E+01 -8.727791E+01 -8.976496E+01 -8.669299E+01  6.381773E-04 -1.176324E+05  1.699838E+03
  8.440000E+03  6.286922E+00 -2.509612E+00  1.460827E+01 -7.599910E+01 -8.502903E+01 -6.964673E+01  8.666176E-04 -1.175636E+05  1.727934E+03
  8.440000E+03  6.323864E+00 -2.404397E+00  1.459408E+01 -7.605709E+01 -8.545749E+01 -6.933663E+01  8.571362E-04 -1.175685E+05  1.724283E+03
  8.440000E+03  6.307910E+00 -1.775288E+00  1.404785E+01 -8.059200E+01 -9.069400E+01 -7.305510E+01 -5.579314E-04 -1.174827E+05  1.712496E+03
  8.440000E+03  5.592166E+00 -2.047832E+00  1.294134E+01 -8.918178E+01 -9.368375E+01 -8.734759E+01 -5.747728E-04 -1.175373E+05  1.696442E+03
  8.440000E+03  6.031000E+00 -2.029553E+00  1.374399E+01 -8.310760E+01 -9.034769E+01 -7.819461E+01 -1.414574E-04 -1.175343E+05  1.708844E+03
  8.440000E+03  5.906946E+00 -1.978849E+00  1.347853E+01 -8.489838E+01 -9.193624E+01 -8.083888E+01 -2.106616E-04 -1.175485E+05  1.705228E+03
  8.440000E+03  5.153709E+00 -2.452839E+00  1.239775E+01 -9.309871E+01 -9.312155E+01 -9.519840E+01 -1.451904E-04 -1.176008E+05  1.693684E+03
  8.440000E+03  5.541712E+00 -2.133873E+00  1.291143E+01 -8.941804E+01 -9.318600E+01 -8.828034E+01 -4.884314E-04 -1.175424E+05  1.696809E+03
  8.440000E+03  5.353713E+00 -2.280750E+00  1.266069E+01 -9.124097E+01 -9.329211E+01 -9.149638E+01 -2.726592E-04 -1.175804E+05  1.695555E+03
  8.440000E+03  5.724636E+00 -2.171991E+00  1.328828E+01 -8.634159E+01 -9.124146E+01 -8.403288E+01  3.524156E-04 -1.176092E+05  1.701097E+03
  8.440000E+03  5.555886E+00 -2.107561E+00  1.291713E+01 -8.937321E+01 -9.336330E+01 -8.801034E+01 -5.071745E-04 -1.175414E+05  1.696763E+03
  8.440000E+03  5.990995E+00 -1.874537E+00  1.358743E+01 -8.396161E+01 -9.224007E+01 -7.906820E+01 -3.578225E-04 -1.175325E+05  1.706874E+03
  8.440000E+03  5.580853E+00 -2.058811E+00  1.292545E+01 -8.930804E+01 -9.367524E+01 -8.756875E+01 -5.509253E-04 -1.175385E+05  1.696333E+03
  8.440000E+03  5.175457E+00 -2.400568E+00  1.240230E+01 -9.310520E+01 -9.360831E+01 -9.472492E+01 -2.401344E-04 -1.175941E+05  1.694187E+03
  8.440000E+03  5.223269E+00 -2.402271E+00  1.249543E+01 -9.241246E+01 -9.309154E+01 -9.385680E+01 -1.201397E-04 -1.175997E+05  1.694583E+03
  8.440000E+03  5.768314E+00 -2.124886E+00  1.333045E+01 -8.605210E+01 -9.143660E+01 -8.334123E+01  1.693951E-04 -1.175883E+05  1.702153E+03
  8.440000E+03  6.186874E+00 -1.619812E+00  1.377963E+01 -8.239465E+01 -9.296985E+01 -7.530470E+01 -7.326892E-04 -1.174951E+05  1.708504E+03
  8.440000E+03  6.084912E+00 -1.744908E+00  1.369525E+01 -8.309807E+01 -9.260809E+01 -7.710897E+01 -5.358818E-04 -1.175140E+05  1.708010E+03
  8.440000E+03  6.346294E+00 -1.725209E+00  1.409938E+01 -8.016412E+01 -9.081296E+01 -7.228073E+01 -6.886803E-04 -1.174652E+05  1.713474E+03
  8.440000E+03  5.584860E+00 -2.379444E+00  1.319420E+01 -8.721460E+01 -8.996635E+01 -8.642431E+01  6.736930E-04 -1.176356E+05  1.699973E+03
  8.440000E+03  5.185008E+00 -2.329298E+00  1.238363E+01 -9.325476E+01 -9.424844E+01 -9.441702E+01 -2.681758E-04 -1.175963E+05  1.692581E+03
  8.440000E+03  5.972306E+00 -1.894223E+00  1.356216E+01 -8.417726E+01 -9.221344E+01 -7.945959E+01 -3.262848E-04 -1.175348E+05  1.706602E+03
  8.440000E+03  5.695192E+00 -2.203398E+00  1.325783E+01 -8.656679E+01 -9.111856E+01 -8.452621E+01  4.702557E-04 -1.176204E+05  1.700473E+03
  8.440000E+03  6.324614E+00 -1.745198E+00  1.407202E+01 -8.038985E+01 -9.082189E+01 -7.266952E+01 -6.396607E-04 -1.174720E+05  1.713351E+03
  8.440000E+03  5.967169E+00 -1.899477E+00  1.355490E+01 -8.424051E+01 -9.220727E+01 -7.956838E+01 -3.177921E-04 -1.175353E+05  1.706520E+03
  8.440000E+03  6.768508E+00 -1.358973E+00  1.465889E+01 -7.482983E+01 -9.068846E+01 -6.260911E+01 -7.153530E-04 -1.174473E+05  1.722162E+03
  8.440000E+03  5.752174E+00 -2.139440E+00  1.331323E+01 -8.616538E+01 -9.140069E+01 -8.358996E+01  2.512147E-04 -1.175962E+05  1.701799E+03
  8.440000E+03  5.215125E+00 -2.401009E+00  1.247978E+01 -9.253276E+01 -9.320118E+01 -9.397908E+01 -1.283441E-04 -1.175989E+05  1.694721E+03
  8.440000E+03  6.272489E+00 -1.789703E+00  1.400562E+01 -8.091465E+01 -9.086017E+01 -7.370535E+01 -5.712551E-04 -1.174816E+05  1.712754E+03
  8.440000E+03  6.228461E+00 -1.550348E+00  1.378773E+01 -8.227841E+01 -9.327438E+01 -7.465060E+01 -7.472398E-04 -1.174957E+05  1.707386E+03
  8.440000E+03  6.765998E+00 -1.352828E+00  1.464962E+01 -7.490368E+01 -9.075361E+01 -6.268994E+01 -7.174251E-04 -1.174475E+05  1.721967E+03
  8.440000E+03  6.607639E+00 -1.719437E+00  1.462642E+01 -7.534259E+01 -8.903725E+01 -6.488916E+01  9.531684E-05 -1.175153E+05  1.722674E+03
  8.440000E+03  6.643011E+00 -1.587757E+00  1.460108E+01 -7.556139E+01 -8.978361E+01 -6.489465E+01 -4.318838E-04 -1.174686E+05  1.721741E+03
  8.440000E+03  6.496360E+00 -1.924341E+00  1.456266E+01 -7.621361E+01 -8.815263E+01 -6.703197E+01  2.326571E-04 -1.175209E+05  1.722809E+03
  8.440000E+03  6.268344E+00 -1.789054E+00  1.400115E+01 -8.093496E+01 -9.090121E+01 -7.377217E+01 -5.718183E-04 -1.174813E+05  1.712820E+03
  8.440000E+03  6.142015E+00 -1.672207E+00  1.374426E+01 -8.268823E+01 -9.284429E+01 -7.605668E+01 -6.262559E-04 -1.175032E+05  1.708557E+03
  8.440000E+03  6.045878E+00 -1.790681E+00  1.364841E+01 -8.347911E+01 -9.252019E+01 -7.788414E+01 -4.344315E-04 -1.175226E+05  1.707498E+03
  8.440000E+03  5.645278E+00 -2.293144E+00  1.323736E+01 -8.679028E+01 -9.051579E+01 -8.529676E+01  6.412897E-04 -1.176333E+05  1.700622E+03
  8.440000E+03  6.749660E+00 -1.414210E+00  1.466277E+01 -7.486173E+01 -9.044005E+01 -6.286653E+01 -6.404390E-04 -1.174506E+05  1.723006E+03
  8.440000E+03  5.609103E+00 -2.026824E+00  1.296139E+01 -8.902903E+01 -9.378031E+01 -8.692630E+01 -5.574603E-04 -1.175393E+05  1.697053E+03
  8.440000E+03  5.662664E+00 -2.260908E+00  1.324346E+01 -8.671309E+01 -9.074268E+01 -8.502707E+01  5.959759E-04 -1.176295E+05  1.700560E+03
  8.440000E+03  6.685897E+00 -1.591565E+00  1.468665E+01 -7.472713E+01 -8.942311E+01 -6.338748E+01 -5.727739E-05 -1.174997E+05  1.722691E+03
  8.440000E+03  5.616462E+00 -2.008497E+00  1.296642E+01 -8.898552E+01 -9.388308E+01 -8.676349E+01 -5.648730E-04 -1.175389E+05  1.696832E+03
  8.440000E+03  6.792957E+00 -1.291757E+00  1.463807E+01 -7.495000E+01 -9.103208E+01 -6.243056E+01 -7.821013E-04 -1.174419E+05  1.720917E+03
  8.440000E+03  5.512199E+00 -2.174273E+00  1.289272E+01 -8.958085E+01 -9.296850E+01 -8.877548E+01 -4.056740E-04 -1.175444E+05  1.697013E+03
  8.440000E+03  5.196577E+00 -2.365214E+00  1.242952E+01 -9.291095E+01 -9.376637E+01 -9.423019E+01 -1.978466E-04 -1.175954E+05  1.694054E+03
  8.440000E+03  6.234704E+00 -1.537248E+00  1.378755E+01 -8.226461E+01 -9.334164E+01 -7.454996E+01 -7.266649E-04 -1.174962E+05  1.707146E+03
  8.440000E+03  6.219404E+00 -1.565257E+00  1.378660E+01 -8.229757E+01 -9.320974E+01 -7.478444E+01 -7.135570E-04 -1.174957E+05  1.707664E+03
  8.440000E+03  6.325029E+00 -1.736345E+00  1.407503E+01 -8.033613E+01 -9.087792E+01 -7.262401E+01 -6.112673E-04 -1.174713E+05  1.713357E+03
  8.440000E+03  6.784334E+00 -1.301493E+00  1.463198E+01 -7.499472E+01 -9.103236E+01 -6.255375E+01 -7.521436E-04 -1.174448E+05  1.721059E+03
  8.440000E+03  6.661353E+00 -1.572210E+00  1.463440E+01 -7.519403E+01 -8.978979E+01 -6.426725E+01 -3.466769E-04 -1.174754E+05  1.722657E+03
  8.440000E+03  6.294080E+00 -1.763473E+00  1.403632E+01 -8.061656E+01 -9.089507E+01 -7.317474E+01 -5.135176E-04 -1.174837E+05  1.712914E+03
  8.440000E+03  5.833573E+00 -2.112667E+00  1.343173E+01 -8.538182E+01 -9.111453E+01 -8.218262E+01  7.504769E-05 -1.175664E+05  1.704439E+03
  8.440000E+03  5.917974E+00 -1.957578E+00  1.348955E+01 -8.480595E+01 -9.206679E+01 -8.058069E+01 -1.943431E-04 -1.175448E+05  1.705722E+03
  8.440000E+03  6.247863E+00 -1.490474E+00  1.376575E+01 -8.237431E+01 -9.367187E+01 -7.440770E+01 -7.232277E-04 -1.174999E+05  1.705860E+03
  8.440000E+03  5.985371E+00 -1.870341E+00  1.357667E+01 -8.406170E+01 -9.232521E+01 -7.914381E+01 -3.154441E-04 -1.175322E+05  1.706954E+03
  8.440000E+03  5.202290E+00 -2.336639E+00  1.242717E+01 -9.292783E+01 -9.399403E+01 -9.407041E+01 -1.938129E-04 -1.175964E+05  1.693418E+03
  8.440000E+03  6.272623E+00 -1.775290E+00  1.400788E+01 -8.083781E+01 -9.097725E+01 -7.363588E+01 -5.397936E-04 -1.174816E+05  1.712880E+03
  8.440000E+03  6.797668E+00 -1.275997E+00  1.463166E+01 -7.493726E+01 -9.115068E+01 -6.235257E+01 -7.480799E-04 -1.174454E+05  1.720820E+03
  8.440000E+03  6.822658E+00 -1.239057E+00  1.464319E+01 -7.480064E+01 -9.124602E+01 -6.196608E+01 -7.929745E-04 -1.174406E+05  1.720519E+03
  8.440000E+03  6.158577E+00 -1.646079E+00  1.374924E+01 -8.263712E+01 -9.296812E+01 -7.579308E+01 -6.219447E-04 -1.175014E+05  1.708398E+03
  8.440000E+03  6.694250E+00 -1.472122E+00  1.462832E+01 -7.524814E+01 -9.030912E+01 -6.380992E+01 -5.606628E-04 -1.174560E+05  1.722692E+03
  8.440000E+03  6.235779E+00 -1.531839E+00  1.378466E+01 -8.227882E+01 -9.338280E+01 -7.453695E+01 -7.028397E-04 -1.174969E+05  1.706999E+03
  8.440000E+03  6.247930E+00 -1.787762E+00  1.397402E+01 -8.108958E+01 -9.107270E+01 -7.412408E+01 -5.283303E-04 -1.174841E+05  1.712661E+03
  8.440000E+03  6.793608E+00 -1.300065E+00  1.463740E+01 -7.483262E+01 -9.103325E+01 -6.233856E+01 -6.369605E-04 -1.174558E+05  1.720969E+03
  8.440000E+03  6.239231E+00 -1.781216E+00  1.395805E+01 -8.118669E+01 -9.119844E+01 -7.426984E+01 -5.262485E-04 -1.174863E+05  1.712490E+03
  8.440000E+03  6.760397E+00 -1.374771E+00  1.464861E+01 -7.490503E+01 -9.067344E+01 -6.276729E+01 -6.253431E-04 -1.174522E+05  1.722304E+03
  8.440000E+03  6.102577E+00 -1.713256E+00  1.370211E+01 -8.303669E+01 -9.278818E+01 -7.677882E+01 -5.177532E-04 -1.175108E+05  1.708240E+03
  8.440000E+03  6.282103E+00 -1.762349E+00  1.402071E+01 -8.071209E+01 -9.100096E+01 -7.339486E+01 -5.104630E-04 -1.174832E+05  1.712908E+03
  8.440000E+03  6.062545E+00 -1.765206E+00  1.366346E+01 -8.336592E+01 -9.262647E+01 -7.754140E+01 -4.371360E-04 -1.175185E+05  1.707842E+03
  8.440000E+03  6.768838E+00 -1.355015E+00  1.464494E+01 -7.489322E+01 -9.077203E+01 -6.266109E+01 -6.235884E-04 -1.174532E+05  1.721952E+03
  8.440000E+03  6.768370E+00 -1.355282E+00  1.464462E+01 -7.489742E+01 -9.077259E+01 -6.266952E+01 -6.234548E-04 -1.174531E+05  1.721956E+03
  8.440000E+03  6.240986E+00 -1.741106E+00  1.394587E+01 -8.123049E+01 -9.151797E+01 -7.419311E+01 -5.649040E-04 -1.174850E+05  1.712242E+03
  8.440000E+03  5.210825E+00 -2.335305E+00  1.244794E+01 -9.277589E+01 -9.390486E+01 -9.385234E+01 -1.400831E-04 -1.175992E+05  1.693675E+03
  8.440000E+03  6.386598E+00 -1.659526E+00  1.416040E+01 -7.959699E+01 -9.113084E+01 -7.116805E+01 -7.664885E-04 -1.174507E+05  1.716500E+03
  8.440000E+03  5.983322E+00 -1.719255E+00  1.342254E+01 -8.523290E+01 -9.392346E+01 -7.968713E+01 -5.902187E-04 -1.175203E+05  1.703161E+03
  8.440000E+03  6.705542E+00 -1.445053E+00  1.462478E+01 -7.524296E+01 -9.046682E+01 -6.365940E+01 -5.831381E-04 -1.174534E+05  1.722719E+03
  8.440000E+03  6.793234E+00 -1.283319E+00  1.462210E+01 -7.491737E+01 -9.117011E+01 -6.240850E+01 -6.202493E-04 -1.174583E+05  1.720442E+03
  8.440000E+03  6.227994E+00 -1.684438E+00  1.390553E+01 -8.146670E+01 -9.203766E+01 -7.440688E+01 -6.044008E-04 -1.174855E+05  1.710950E+03
  8.440000E+03  6.640949E+00 -1.433202E+00  1.444230E+01 -7.691060E+01 -9.113065E+01 -6.591235E+01 -7.715522E-04 -1.174459E+05  1.718900E+03
  8.440000E+03  6.095756E+00 -1.723234E+00  1.369675E+01 -8.308888E+01 -9.275193E+01 -7.689737E+01 -4.872725E-04 -1.175120E+05  1.708275E+03
  8.440000E+03  6.090107E+00 -1.789946E+00  1.373420E+01 -8.283242E+01 -9.216211E+01 -7.695405E+01 -3.903278E-04 -1.175147E+05  1.709047E+03
  8.440000E+03  6.172745E+00 -1.708865E+00  1.383185E+01 -8.206152E+01 -9.223606E+01 -7.544132E+01 -5.831654E-04 -1.174909E+05  1.710205E+03
  8.440000E+03  6.240030E+00 -1.773978E+00  1.395881E+01 -8.116633E+01 -9.124658E+01 -7.423046E+01 -5.045343E-04 -1.174862E+05  1.712481E+03
  8.440000E+03  6.254136E+00 -1.709803E+00  1.395883E+01 -8.110855E+01 -9.166838E+01 -7.388541E+01 -6.005593E-04 -1.174805E+05  1.712465E+03
  8.440000E+03  6.060257E+00 -1.792400E+00  1.367755E+01 -8.327750E+01 -9.239559E+01 -7.756669E+01 -3.858585E-04 -1.175189E+05  1.708292E+03
  8.440000E+03  6.440785E+00 -1.992143E+00  1.451413E+01 -7.673566E+01 -8.796186E+01 -6.815018E+01  3.064085E-04 -1.175203E+05  1.722774E+03
  8.440000E+03  6.249226E+00 -1.766166E+00  1.397148E+01 -8.106788E+01 -9.123853E+01 -7.404829E+01 -5.165451E-04 -1.174837E+05  1.712632E+03
  8.440000E+03  6.818291E+00 -1.252713E+00  1.464387E+01 -7.470915E+01 -9.123547E+01 -6.194981E+01 -7.257511E-04 -1.174497E+05  1.720948E+03
  8.440000E+03  5.618245E+00 -1.985509E+00  1.297507E+01 -8.887820E+01 -9.403436E+01 -8.656649E+01 -4.921197E-04 -1.175417E+05  1.696764E+03
  8.440000E+03  6.695863E+00 -1.470529E+00  1.463529E+01 -7.516457E+01 -9.030276E+01 -6.372553E+01 -5.131554E-04 -1.174568E+05  1.722795E+03
  8.440000E+03  6.248652E+00 -1.759970E+00  1.396901E+01 -8.107694E+01 -9.129294E+01 -7.404400E+01 -5.170561E-04 -1.174838E+05  1.712604E+03
  8.440000E+03  5.676626E+00 -1.905484E+00  1.300920E+01 -8.858841E+01 -9.449441E+01 -8.554709E+01 -5.977240E-04 -1.175344E+05  1.697211E+03
  8.440000E+03  6.105538E+00 -1.721890E+00  1.371692E+01 -8.294214E+01 -9.267684E+01 -7.667237E+01 -4.782018E-04 -1.175099E+05  1.708709E+03
  8.440000E+03  6.195022E+00 -1.664064E+00  1.384786E+01 -8.190957E+01 -9.243873E+01 -7.494595E+01 -6.044964E-04 -1.174897E+05  1.710248E+03
  8.440000E+03  6.253448E+00 -1.750443E+00  1.397417E+01 -8.102933E+01 -9.133287E+01 -7.393547E+01 -5.267290E-04 -1.174825E+05  1.712673E+03
  8.440000E+03  6.118713E+00 -1.707087E+00  1.373004E+01 -8.283513E+01 -9.271090E+01 -7.642571E+01 -4.980108E-04 -1.175074E+05  1.708868E+03
  8.440000E+03  5.266396E+00 -2.190303E+00  1.244562E+01 -9.278362E+01 -9.508489E+01 -9.279657E+01 -2.514488E-04 -1.175944E+05  1.691740E+03
  8.440000E+03  6.371255E+00 -1.643471E+00  1.412604E+01 -7.985336E+01 -9.138128E+01 -7.152810E+01 -7.952715E-04 -1.174487E+05  1.715984E+03
  8.440000E+03  6.687966E+00 -1.329255E+00  1.446529E+01 -7.651965E+01 -9.158286E+01 -6.500588E+01 -8.448846E-04 -1.174408E+05  1.718514E+03
  8.440000E+03  6.723334E+00 -1.399091E+00  1.461349E+01 -7.526282E+01 -9.071842E+01 -6.347129E+01 -5.914276E-04 -1.174526E+05  1.722059E+03
  8.440000E+03  6.809140E+00 -1.237440E+00  1.461201E+01 -7.491071E+01 -9.142552E+01 -6.223011E+01 -6.557277E-04 -1.174567E+05  1.719866E+03
  8.440000E+03  6.248307E+00 -1.472262E+00  1.375338E+01 -8.243200E+01 -9.382499E+01 -7.441138E+01 -6.464182E-04 -1.175028E+05  1.705247E+03
  8.440000E+03  6.167503E+00 -1.635957E+00  1.375493E+01 -8.260093E+01 -9.299810E+01 -7.563138E+01 -5.761298E-04 -1.175004E+05  1.708488E+03
  8.440000E+03  6.781399E+00 -1.302600E+00  1.462280E+01 -7.498384E+01 -9.109336E+01 -6.259106E+01 -6.181765E-04 -1.174536E+05  1.720933E+03
  8.440000E+03  6.189958E+00 -1.600161E+00  1.376200E+01 -8.252025E+01 -9.315028E+01 -7.528471E+01 -6.041320E-04 -1.174987E+05  1.708014E+03
  8.440000E+03  6.265482E+00 -1.675521E+00  1.396748E+01 -8.101905E+01 -9.184481E+01 -7.360900E+01 -6.180449E-04 -1.174770E+05  1.712488E+03
  8.440000E+03  6.914987E+00 -1.068992E+00  1.464920E+01 -7.441307E+01 -9.199920E+01 -6.065320E+01 -9.630621E-04 -1.174267E+05  1.719699E+03
  8.440000E+03  6.424221E+00 -1.573933E+00  1.417132E+01 -7.933327E+01 -9.154287E+01 -7.040531E+01 -6.989826E-04 -1.174598E+05  1.715393E+03
  8.440000E+03  6.179748E+00 -1.633905E+00  1.377918E+01 -8.242672E+01 -9.290480E+01 -7.537520E+01 -5.904764E-04 -1.174963E+05  1.708960E+03
  8.440000E+03  6.207010E+00 -1.622006E+00  1.382652E+01 -8.205503E+01 -9.275713E+01 -7.480733E+01 -6.084287E-04 -1.174916E+05  1.709506E+03
  8.440000E+03  6.813072E+00 -1.221000E+00  1.460446E+01 -7.494780E+01 -9.152873E+01 -6.221940E+01 -6.563021E-04 -1.174559E+05  1.719558E+03
  8.440000E+03  6.225897E+00 -1.437482E+00  1.366500E+01 -8.308848E+01 -9.436971E+01 -7.499741E+01 -5.997891E-04 -1.175147E+05  1.702738E+03
  8.440000E+03  6.270846E+00 -1.660032E+00  1.396998E+01 -8.098929E+01 -9.192432E+01 -7.349375E+01 -6.277845E-04 -1.174758E+05  1.712411E+03
  8.440000E+03  6.657966E+00 -1.506206E+00  1.460001E+01 -7.532761E+01 -9.020006E+01 -6.403968E+01  3.756362E-05 -1.175083E+05  1.720734E+03
  8.440000E+03  6.300456E+00 -1.596217E+00  1.398067E+01 -8.086073E+01 -9.222862E+01 -7.296009E+01 -7.009440E-04 -1.174713E+05  1.711955E+03
  8.440000E+03  6.267649E+00 -1.670834E+00  1.397039E+01 -8.099245E+01 -9.186224E+01 -7.355050E+01 -6.087502E-04 -1.174766E+05  1.712524E+03
  8.440000E+03  6.204167E+00 -1.582739E+00  1.377238E+01 -8.243102E+01 -9.318899E+01 -7.503659E+01 -5.988034E-04 -1.174978E+05  1.707879E+03
  8.440000E+03  6.834465E+00 -1.180482E+00  1.460405E+01 -7.489065E+01 -9.171632E+01 -6.194355E+01 -7.246041E-04 -1.174507E+05  1.719375E+03
  8.440000E+03  6.805907E+00 -1.233026E+00  1.460237E+01 -7.500381E+01 -9.148040E+01 -6.234398E+01 -6.372569E-04 -1.174551E+05  1.719657E+03
  8.440000E+03  6.223167E+00 -1.539545E+00  1.376555E+01 -8.243281E+01 -9.343047E+01 -7.477064E+01 -6.023404E-04 -1.175000E+05  1.706849E+03
  8.440000E+03  5.287898E+00 -2.152502E+00  1.245362E+01 -9.271499E+01 -9.533644E+01 -9.242067E+01 -2.426746E-04 -1.175940E+05  1.691229E+03
  8.440000E+03  6.311237E+00 -1.655969E+00  1.403759E+01 -8.047053E+01 -9.165741E+01 -7.260699E+01 -6.001148E-04 -1.174737E+05  1.713657E+03
  8.440000E+03  6.557565E+00 -1.423562E+00  1.428028E+01 -7.818477E+01 -9.189362E+01 -6.785233E+01 -7.300352E-04 -1.174567E+05  1.716252E+03
  8.440000E+03  6.651576E+00 -1.510506E+00  1.459278E+01 -7.541312E+01 -9.020603E+01 -6.421420E+01  2.113234E-05 -1.175049E+05  1.720659E+03
  8.440000E+03  6.328226E+00 -1.508163E+00  1.394501E+01 -8.107263E+01 -9.282296E+01 -7.269422E+01 -7.683999E-04 -1.174699E+05  1.710151E+03
  8.440000E+03  6.242370E+00 -1.443318E+00  1.371160E+01 -8.271956E+01 -9.415135E+01 -7.460682E+01 -5.999627E-04 -1.175087E+05  1.703852E+03
  8.440000E+03  6.139437E+00 -1.493134E+00  1.352900E+01 -8.421773E+01 -9.467072E+01 -7.673204E+01 -5.067898E-04 -1.175284E+05  1.701025E+03
  8.440000E+03  6.629640E+00 -1.583538E+00  1.459789E+01 -7.550523E+01 -8.983308E+01 -6.463353E+01  2.642664E-05 -1.175001E+05  1.721604E+03
  8.440000E+03  6.221938E+00 -1.550763E+00  1.377476E+01 -8.238048E+01 -9.333175E+01 -7.475634E+01 -5.875712E-04 -1.174990E+05  1.707243E+03
  8.440000E+03  6.309107E+00 -1.638902E+00  1.402698E+01 -8.052193E+01 -9.179942E+01 -7.263597E+01 -5.902644E-04 -1.174756E+05  1.713208E+03
  8.440000E+03  6.960824E+00 -9.643355E-01  1.463290E+01 -7.432736E+01 -9.244649E+01 -6.004386E+01 -9.376661E-04 -1.174314E+05  1.717530E+03
  8.440000E+03  6.689615E+00 -1.421949E+00  1.457150E+01 -7.566131E+01 -9.077043E+01 -6.421299E+01 -5.456838E-04 -1.174547E+05  1.721366E+03
  8.440000E+03  6.825988E+00 -1.180195E+00  1.458892E+01 -7.501845E+01 -9.176866E+01 -6.213686E+01 -6.748852E-04 -1.174533E+05  1.718889E+03
  8.440000E+03  6.284635E+00 -1.634167E+00  1.398205E+01 -8.087172E+01 -9.202483E+01 -7.319228E+01 -6.227595E-04 -1.174743E+05  1.712433E+03
  8.440000E+03  6.237029E+00 -1.541703E+00  1.379718E+01 -8.220812E+01 -9.327460E+01 -7.445733E+01 -5.934238E-04 -1.174964E+05  1.707477E+03
  8.440000E+03  6.264080E+00 -1.525136E+00  1.383430E+01 -8.191819E+01 -9.319951E+01 -7.395423E+01 -6.353007E-04 -1.174898E+05  1.707997E+03
  8.440000E+03  6.521150E+00 -1.445117E+00  1.422304E+01 -7.869951E+01 -9.200917E+01 -6.870619E+01 -7.251954E-04 -1.174581E+05  1.715330E+03
  8.440000E+03  6.523093E+00 -1.639926E+00  1.442903E+01 -7.711865E+01 -9.010290E+01 -6.755604E+01 -2.101927E-04 -1.174823E+05  1.718250E+03
