  8.440000E+03  3.207498E+00 -4.339596E+00  1.016564E+01 -1.061653E+02 -8.085567E+01 -1.292463E+02 -1.291210E-03 -1.176300E+05  1.694844E+03
  8.440000E+03  2.452769E+00 -4.526608E+00  8.928762E+00 -1.127952E+02 -8.200100E+01 -1.409929E+02 -1.452435E-03 -1.176690E+05  1.679823E+03
  8.440000E+03  2.334649E+00 -4.659283E+00  8.849478E+00 -1.126840E+02 -8.002445E+01 -1.428727E+02 -1.511690E-03 -1.176514E+05  1.683639E+03
  8.440000E+03 -4.022600E-01 -5.954846E+00  4.767348E+00 -1.218986E+02 -5.983317E+01 -1.795310E+02 -3.776603E-04 -1.178599E+05  1.659401E+03
  8.440000E+03  2.446894E+00 -4.530090E+00  8.920869E+00 -1.128227E+02 -8.197834E+01 -1.410854E+02 -1.451668E-03 -1.176686E+05  1.679848E+03
  8.440000E+03  2.487367E+00 -4.479469E+00  8.948198E+00 -1.128651E+02 -8.276241E+01 -1.403867E+02 -1.457127E-03 -1.176742E+05  1.678711E+03
  8.440000E+03  2.276569E+00 -4.718182E+00  8.805825E+00 -1.126571E+02 -7.913987E+01 -1.437905E+02 -1.552557E-03 -1.176427E+05  1.685184E+03
  8.440000E+03  2.394869E+00 -4.524612E+00  8.822457E+00 -1.133296E+02 -8.261333E+01 -1.418641E+02 -1.643324E-03 -1.176573E+05  1.679173E+03
  8.440000E+03  2.562887E+00 -4.699844E+00  9.328814E+00 -1.096398E+02 -7.759844E+01 -1.393084E+02 -9.676701E-04 -1.176811E+05  1.689352E+03
  8.440000E+03  2.257002E+00 -4.733178E+00  8.784038E+00 -1.126936E+02 -7.895462E+01 -1.440904E+02 -1.539289E-03 -1.176437E+05  1.685324E+03
  8.440000E+03  2.219998E+00 -4.778676E+00  8.762417E+00 -1.125894E+02 -7.823059E+01 -1.446145E+02 -1.485625E-03 -1.176481E+05  1.686513E+03
  8.440000E+03  3.182049E+00 -4.364790E+00  1.013723E+01 -1.062205E+02 -8.062373E+01 -1.296680E+02 -1.240172E-03 -1.176332E+05  1.695061E+03
  8.440000E+03  2.384346E+00 -4.588363E+00  8.862330E+00 -1.129089E+02 -8.122046E+01 -1.420841E+02 -1.470018E-03 -1.176616E+05  1.681151E+03
  8.440000E+03  2.306886E+00 -4.679886E+00  8.817097E+00 -1.127744E+02 -7.978165E+01 -1.433402E+02 -1.548343E-03 -1.176454E+05  1.683964E+03
  8.440000E+03  2.512181E+00 -4.698339E+00  9.222010E+00 -1.103083E+02 -7.794078E+01 -1.401789E+02 -1.074012E-03 -1.176750E+05  1.688026E+03
  8.440000E+03  2.354113E+00 -4.622212E+00  8.841470E+00 -1.128912E+02 -8.071506E+01 -1.425844E+02 -1.513074E-03 -1.176537E+05  1.682212E+03
  8.440000E+03  2.510034E+00 -4.713191E+00  9.233711E+00 -1.101592E+02 -7.764385E+01 -1.401956E+02 -1.011848E-03 -1.176789E+05  1.688375E+03
  8.440000E+03  2.508627E+00 -4.703949E+00  9.221230E+00 -1.102855E+02 -7.784742E+01 -1.402259E+02 -1.054051E-03 -1.176762E+05  1.688130E+03
  8.440000E+03  3.218336E+00 -4.303747E+00  1.014869E+01 -1.063942E+02 -8.137669E+01 -1.291017E+02 -1.287982E-03 -1.176326E+05  1.693476E+03
  8.440000E+03  2.487593E+00 -4.471991E+00  8.940825E+00 -1.128995E+02 -8.295201E+01 -1.403810E+02 -1.440717E-03 -1.176753E+05  1.678421E+03
  8.440000E+03  2.876153E+00 -4.512719E+00  9.724686E+00 -1.081472E+02 -7.951118E+01 -1.344028E+02 -1.052836E-03 -1.176653E+05  1.691091E+03
  8.440000E+03  1.476739E+00 -5.119320E+00  7.621526E+00 -1.164593E+02 -7.557589E+01 -1.558235E+02 -1.444861E-03 -1.176939E+05  1.679392E+03
  8.440000E+03  2.469872E+00 -4.495366E+00  8.927945E+00 -1.129190E+02 -8.257987E+01 -1.406843E+02 -1.438338E-03 -1.176722E+05  1.678952E+03
  8.440000E+03  2.349961E+00 -4.620470E+00  8.829601E+00 -1.129698E+02 -8.079536E+01 -1.426658E+02 -1.528813E-03 -1.176518E+05  1.682025E+03
  8.440000E+03  2.363291E+00 -4.603727E+00  8.836259E+00 -1.130035E+02 -8.106209E+01 -1.424445E+02 -1.509831E-03 -1.176553E+05  1.681465E+03
  8.440000E+03  2.508400E+00 -4.671239E+00  9.179051E+00 -1.105954E+02 -7.852729E+01 -1.402382E+02 -9.746906E-04 -1.176919E+05  1.685936E+03
  8.440000E+03  2.569297E+00 -4.673911E+00  9.315854E+00 -1.098004E+02 -7.805352E+01 -1.392289E+02 -9.626256E-04 -1.176821E+05  1.688318E+03
  8.440000E+03  2.396315E+00 -4.563926E+00  8.855912E+00 -1.130504E+02 -8.168193E+01 -1.418889E+02 -1.459527E-03 -1.176642E+05  1.680208E+03
  8.440000E+03  2.230624E+00 -4.737828E+00  8.728724E+00 -1.129548E+02 -7.907031E+01 -1.444887E+02 -1.450375E-03 -1.176544E+05  1.684233E+03
  8.440000E+03  2.639644E+00 -4.569022E+00  9.325933E+00 -1.102874E+02 -7.987339E+01 -1.382017E+02 -1.224628E-03 -1.176669E+05  1.686922E+03
  8.440000E+03  1.481165E+00 -5.107940E+00  7.618992E+00 -1.165360E+02 -7.585691E+01 -1.557361E+02 -1.451384E-03 -1.176939E+05  1.678988E+03
  8.440000E+03  2.455864E+00 -4.503015E+00  8.908091E+00 -1.129931E+02 -8.254531E+01 -1.409049E+02 -1.434745E-03 -1.176716E+05  1.678973E+03
  8.440000E+03  2.253469E+00 -4.710290E+00  8.741211E+00 -1.130040E+02 -7.952777E+01 -1.441639E+02 -1.471065E-03 -1.176533E+05  1.683502E+03
  8.440000E+03  3.205007E+00 -4.302235E+00  1.011779E+01 -1.065648E+02 -8.148946E+01 -1.293404E+02 -1.236527E-03 -1.176373E+05  1.692733E+03
  8.440000E+03  2.307156E+00 -4.658341E+00  8.786631E+00 -1.130340E+02 -8.029747E+01 -1.433791E+02 -1.567409E-03 -1.176444E+05  1.682798E+03
  8.440000E+03  2.320775E+00 -4.721962E+00  8.883167E+00 -1.121224E+02 -7.883536E+01 -1.430593E+02 -1.256338E-03 -1.176689E+05  1.685616E+03
  8.440000E+03  2.653684E+00 -4.568315E+00  9.355656E+00 -1.101330E+02 -7.976219E+01 -1.380054E+02 -1.255417E-03 -1.176605E+05  1.687380E+03
  8.440000E+03  2.275061E+00 -4.685837E+00  8.754792E+00 -1.130476E+02 -7.992809E+01 -1.438647E+02 -1.518996E-03 -1.176487E+05  1.683049E+03
  8.440000E+03  2.630270E+00 -4.570295E+00  9.305607E+00 -1.103898E+02 -7.997356E+01 -1.383190E+02 -1.191265E-03 -1.176713E+05  1.686873E+03
  8.440000E+03  3.013284E+00 -4.601557E+00  1.007071E+01 -1.055314E+02 -7.722090E+01 -1.320698E+02 -5.498152E-04 -1.176835E+05  1.696245E+03
  8.440000E+03  1.381352E+00 -5.180980E+00  7.479597E+00 -1.167848E+02 -7.468696E+01 -1.571772E+02 -1.204672E-03 -1.177199E+05  1.678526E+03
  8.440000E+03  3.021659E+00 -4.589473E+00  1.007383E+01 -1.055621E+02 -7.740709E+01 -1.319472E+02 -5.709769E-04 -1.176819E+05  1.696205E+03
  8.440000E+03  2.503204E+00 -4.694281E+00  9.201485E+00 -1.103960E+02 -7.804411E+01 -1.402884E+02 -9.558390E-04 -1.176864E+05  1.687065E+03
  8.440000E+03  2.257285E+00 -4.695264E+00  8.727988E+00 -1.131380E+02 -7.985673E+01 -1.441079E+02 -1.450878E-03 -1.176565E+05  1.682701E+03
  8.440000E+03  2.243382E+00 -4.708855E+00  8.715055E+00 -1.131558E+02 -7.965296E+01 -1.443119E+02 -1.433705E-03 -1.176578E+05  1.682907E+03
  8.440000E+03  1.263938E+00 -5.261021E+00  7.320902E+00 -1.170310E+02 -7.325915E+01 -1.588618E+02 -9.492539E-04 -1.177476E+05  1.677692E+03
  8.440000E+03  2.497970E+00 -4.687200E+00  9.180224E+00 -1.105330E+02 -7.826491E+01 -1.403663E+02 -9.526367E-04 -1.176899E+05  1.686637E+03
  8.440000E+03  2.341485E+00 -4.612018E+00  8.798127E+00 -1.131870E+02 -8.108512E+01 -1.428354E+02 -1.557480E-03 -1.176483E+05  1.681374E+03
  8.440000E+03  2.760137E+00 -4.551679E+00  9.543908E+00 -1.090114E+02 -7.951452E+01 -1.362913E+02 -1.112294E-03 -1.176635E+05  1.689860E+03
  8.440000E+03  2.684296E+00 -4.513194E+00  9.345415E+00 -1.105194E+02 -8.086261E+01 -1.374240E+02 -1.305611E-03 -1.176600E+05  1.687139E+03
  8.440000E+03  3.110236E+00 -4.462116E+00  1.010012E+01 -1.058967E+02 -7.921822E+01 -1.307265E+02 -7.487685E-04 -1.176718E+05  1.694183E+03
  8.440000E+03 -4.210398E-02 -5.864085E+00  5.370637E+00 -1.202834E+02 -6.097434E+01 -1.761072E+02 -9.461336E-06 -1.178732E+05  1.664615E+03
  8.440000E+03  3.133910E+00 -4.580964E+00  1.032532E+01 -1.040298E+02 -7.681465E+01 -1.298015E+02 -4.624747E-04 -1.176787E+05  1.698740E+03
  8.440000E+03  2.317803E+00 -4.717517E+00  8.872197E+00 -1.122108E+02 -7.895474E+01 -1.431112E+02 -1.263942E-03 -1.176674E+05  1.685383E+03
  8.440000E+03  3.104507E+00 -4.431279E+00  1.004483E+01 -1.064465E+02 -7.987490E+01 -1.309732E+02 -9.821019E-04 -1.176529E+05  1.693777E+03
  8.440000E+03  2.375734E+00 -4.666177E+00  8.915863E+00 -1.122162E+02 -7.971991E+01 -1.422692E+02 -1.284281E-03 -1.176692E+05  1.684311E+03
  8.440000E+03  3.176774E+00 -4.327945E+00  1.008473E+01 -1.066428E+02 -8.128353E+01 -1.298230E+02 -1.192384E-03 -1.176377E+05  1.693068E+03
  8.440000E+03  2.638509E+00 -4.618196E+00  9.383928E+00 -1.095953E+02 -7.892285E+01 -1.381082E+02 -9.444168E-04 -1.176857E+05  1.688580E+03
  8.440000E+03  3.104246E+00 -4.462996E+00  1.009014E+01 -1.059454E+02 -7.922892E+01 -1.308259E+02 -7.295801E-04 -1.176729E+05  1.693990E+03
  8.440000E+03  2.513794E+00 -4.442363E+00  8.963402E+00 -1.129503E+02 -8.357657E+01 -1.398311E+02 -1.508471E-03 -1.176673E+05  1.679673E+03
  8.440000E+03  2.365767E+00 -4.578809E+00  8.807713E+00 -1.132748E+02 -8.164782E+01 -1.424284E+02 -1.533146E-03 -1.176528E+05  1.680383E+03
  8.440000E+03  2.309414E+00 -4.635065E+00  8.758769E+00 -1.132764E+02 -8.085237E+01 -1.433629E+02 -1.562910E-03 -1.176458E+05  1.681617E+03
  8.440000E+03  2.509842E+00 -4.449002E+00  8.961030E+00 -1.129302E+02 -8.347772E+01 -1.399138E+02 -1.501655E-03 -1.176666E+05  1.679840E+03
  8.440000E+03  2.564633E+00 -4.630226E+00  9.234427E+00 -1.104721E+02 -7.910735E+01 -1.394769E+02 -1.073316E-03 -1.176769E+05  1.686250E+03
  8.440000E+03  2.280306E+00 -4.658086E+00  8.726689E+00 -1.133077E+02 -8.056567E+01 -1.437726E+02 -1.467946E-03 -1.176561E+05  1.681554E+03
  8.440000E+03  2.279343E+00 -4.674877E+00  8.743381E+00 -1.131349E+02 -8.020323E+01 -1.438216E+02 -1.483243E-03 -1.176520E+05  1.682464E+03
  8.440000E+03  2.301915E+00 -4.661567E+00  8.772083E+00 -1.130709E+02 -8.033328E+01 -1.434976E+02 -1.533530E-03 -1.176459E+05  1.682681E+03
  8.440000E+03  2.425586E+00 -4.510219E+00  8.854319E+00 -1.132520E+02 -8.270107E+01 -1.413640E+02 -1.428199E-03 -1.176702E+05  1.678687E+03
  8.440000E+03  2.364826E+00 -4.576048E+00  8.801843E+00 -1.133177E+02 -8.173013E+01 -1.424464E+02 -1.535677E-03 -1.176523E+05  1.680253E+03
  8.440000E+03  2.467691E+00 -4.474736E+00  8.902674E+00 -1.130591E+02 -8.325408E+01 -1.406571E+02 -1.453332E-03 -1.176699E+05  1.679102E+03
  8.440000E+03  2.367904E+00 -4.571729E+00  8.803162E+00 -1.133269E+02 -8.180355E+01 -1.423924E+02 -1.530345E-03 -1.176531E+05  1.680124E+03
  8.440000E+03  2.389447E+00 -4.644180E+00  8.916158E+00 -1.123164E+02 -8.012081E+01 -1.420556E+02 -1.285642E-03 -1.176698E+05  1.683702E+03
  8.440000E+03  3.096575E+00 -4.443143E+00  1.004995E+01 -1.062908E+02 -7.963633E+01 -1.310263E+02 -7.954166E-04 -1.176677E+05  1.693218E+03
  8.440000E+03  3.054242E+00 -4.353461E+00  9.869960E+00 -1.079332E+02 -8.158144E+01 -1.317606E+02 -1.182216E-03 -1.176485E+05  1.690437E+03
  8.440000E+03  3.126402E+00 -4.382769E+00  1.003671E+01 -1.067162E+02 -8.070484E+01 -1.306576E+02 -1.130713E-03 -1.176386E+05  1.693871E+03
  8.440000E+03  2.327393E+00 -4.706316E+00  8.872145E+00 -1.122582E+02 -7.916295E+01 -1.429679E+02 -1.221343E-03 -1.176724E+05  1.684871E+03
  8.440000E+03  2.334908E+00 -4.603651E+00  8.770797E+00 -1.133676E+02 -8.137796E+01 -1.429501E+02 -1.555286E-03 -1.176479E+05  1.680803E+03
  8.440000E+03  2.652551E+00 -4.588865E+00  9.374002E+00 -1.097732E+02 -7.945205E+01 -1.379240E+02 -9.410745E-04 -1.176860E+05  1.687699E+03
  8.440000E+03  3.171590E+00 -4.300293E+00  1.004447E+01 -1.069846E+02 -8.175451E+01 -1.299385E+02 -1.160783E-03 -1.176425E+05  1.691344E+03
  8.440000E+03  2.381429E+00 -4.646190E+00  8.902948E+00 -1.123754E+02 -8.013765E+01 -1.421675E+02 -1.264899E-03 -1.176715E+05  1.683541E+03
  8.440000E+03  2.651015E+00 -4.537198E+00  9.310066E+00 -1.105615E+02 -8.057972E+01 -1.379770E+02 -1.265478E-03 -1.176613E+05  1.686984E+03
  8.440000E+03  2.337040E+00 -4.715589E+00  8.894689E+00 -1.120703E+02 -7.894684E+01 -1.428300E+02 -1.177733E-03 -1.176766E+05  1.685407E+03
  8.440000E+03  2.666520E+00 -4.521787E+00  9.321793E+00 -1.105849E+02 -8.082776E+01 -1.377236E+02 -1.313980E-03 -1.176582E+05  1.687124E+03
  8.440000E+03  2.651052E+00 -4.570516E+00  9.352606E+00 -1.101396E+02 -7.974194E+01 -1.380522E+02 -1.199976E-03 -1.176598E+05  1.687440E+03
  8.440000E+03  2.518786E+00 -4.423849E+00  8.956070E+00 -1.130291E+02 -8.396505E+01 -1.397017E+02 -1.474183E-03 -1.176712E+05  1.679091E+03
  8.440000E+03  2.571710E+00 -4.624131E+00  9.243468E+00 -1.104785E+02 -7.928630E+01 -1.392850E+02 -1.092801E-03 -1.176746E+05  1.687147E+03
  8.440000E+03  3.065306E+00 -4.327419E+00  9.861531E+00 -1.080865E+02 -8.193750E+01 -1.316027E+02 -1.149114E-03 -1.176527E+05  1.689172E+03
  8.440000E+03  3.170867E+00 -4.280279E+00  1.002121E+01 -1.072124E+02 -8.207092E+01 -1.299618E+02 -1.148338E-03 -1.176457E+05  1.690172E+03
  8.440000E+03  3.158508E+00 -4.317184E+00  1.003422E+01 -1.069752E+02 -8.158641E+01 -1.301614E+02 -1.152920E-03 -1.176408E+05  1.691854E+03
  8.440000E+03  3.161541E+00 -4.304303E+00  1.002743E+01 -1.070693E+02 -8.176319E+01 -1.301134E+02 -1.150061E-03 -1.176426E+05  1.691231E+03
  8.440000E+03  3.175261E+00 -4.259976E+00  1.000719E+01 -1.073999E+02 -8.236912E+01 -1.298918E+02 -1.152256E-03 -1.176478E+05  1.689251E+03
  8.440000E+03  3.095475E+00 -4.405077E+00  1.000556E+01 -1.067836E+02 -8.044364E+01 -1.311239E+02 -1.023158E-03 -1.176459E+05  1.693455E+03
  8.440000E+03  3.095606E+00 -4.429749E+00  1.003664E+01 -1.064183E+02 -7.985474E+01 -1.310503E+02 -7.741363E-04 -1.176678E+05  1.692654E+03
  8.440000E+03  1.750039E-01 -5.691789E+00  5.660241E+00 -1.209546E+02 -6.701963E+01 -1.726822E+02 -5.441821E-04 -1.178263E+05  1.665575E+03
  8.440000E+03  2.380633E+00 -4.638310E+00  8.892145E+00 -1.124667E+02 -8.032231E+01 -1.421708E+02 -1.248330E-03 -1.176731E+05  1.683119E+03
  8.440000E+03  2.970642E+00 -4.381123E+00  9.734908E+00 -1.086669E+02 -8.156950E+01 -1.330283E+02 -1.063873E-03 -1.176651E+05  1.688507E+03
  8.440000E+03  2.619415E+00 -4.556694E+00  9.269161E+00 -1.107027E+02 -8.036700E+01 -1.384854E+02 -1.215885E-03 -1.176646E+05  1.686568E+03
  8.440000E+03  2.636320E+00 -4.571682E+00  9.323592E+00 -1.102902E+02 -7.984346E+01 -1.382536E+02 -1.152726E-03 -1.176654E+05  1.687055E+03
  8.440000E+03  2.501842E+00 -4.410103E+00  8.914023E+00 -1.131674E+02 -8.459304E+01 -1.399125E+02 -1.515803E-03 -1.176703E+05  1.678973E+03
  8.440000E+03  2.648164E+00 -4.520851E+00  9.283321E+00 -1.108422E+02 -8.096803E+01 -1.380225E+02 -1.333522E-03 -1.176561E+05  1.686573E+03
  8.440000E+03  3.090886E+00 -4.403866E+00  9.996340E+00 -1.068279E+02 -8.049587E+01 -1.311979E+02 -1.003818E-03 -1.176469E+05  1.693285E+03
  8.440000E+03  2.402161E+00 -4.565163E+00  8.860133E+00 -1.129368E+02 -8.173890E+01 -1.418297E+02 -1.351831E-03 -1.176692E+05  1.680446E+03
  8.440000E+03  5.611395E-02 -5.778850E+00  5.503200E+00 -1.205894E+02 -6.418149E+01 -1.744575E+02 -1.821973E-04 -1.178601E+05  1.664777E+03
  8.440000E+03  3.054193E+00 -4.311290E+00  9.821152E+00 -1.084154E+02 -8.228162E+01 -1.317831E+02 -1.142480E-03 -1.176554E+05  1.687968E+03
  8.440000E+03  2.679234E+00 -4.539798E+00  9.376385E+00 -1.100502E+02 -8.027298E+01 -1.375066E+02 -1.072426E-03 -1.176722E+05  1.687263E+03
  8.440000E+03  2.360693E+00 -4.658012E+00  8.875297E+00 -1.124673E+02 -8.003565E+01 -1.424670E+02 -1.211164E-03 -1.176752E+05  1.683421E+03
  8.440000E+03  2.616004E+00 -4.554240E+00  9.259754E+00 -1.107781E+02 -8.043655E+01 -1.385404E+02 -1.216073E-03 -1.176637E+05  1.686389E+03
  8.440000E+03  2.596874E+00 -4.590418E+00  9.261648E+00 -1.105619E+02 -7.978640E+01 -1.388566E+02 -1.122864E-03 -1.176702E+05  1.686799E+03
  8.440000E+03  2.398222E+00 -4.612844E+00  8.896494E+00 -1.125571E+02 -8.075668E+01 -1.419039E+02 -1.255054E-03 -1.176734E+05  1.682379E+03
  8.440000E+03  2.820063E+00 -4.468563E+00  9.543984E+00 -1.094627E+02 -8.092324E+01 -1.354001E+02 -1.147154E-03 -1.176608E+05  1.688535E+03
  8.440000E+03  3.090086E+00 -4.391722E+00  9.980060E+00 -1.069574E+02 -8.074924E+01 -1.312441E+02 -1.026810E-03 -1.176451E+05  1.692950E+03
  8.440000E+03  2.507798E+00 -4.399832E+00  8.914493E+00 -1.131977E+02 -8.482817E+01 -1.397872E+02 -1.511293E-03 -1.176698E+05  1.679045E+03
  8.440000E+03  2.612290E+00 -4.575962E+00  9.277313E+00 -1.105480E+02 -7.998397E+01 -1.386018E+02 -1.136649E-03 -1.176684E+05  1.686811E+03
  8.440000E+03  2.594846E+00 -4.583546E+00  9.250057E+00 -1.106679E+02 -7.994800E+01 -1.388820E+02 -1.130480E-03 -1.176698E+05  1.686540E+03
  8.440000E+03  3.141464E+00 -4.283219E+00  9.963356E+00 -1.075584E+02 -8.222669E+01 -1.304577E+02 -1.127022E-03 -1.176476E+05  1.689363E+03
  8.440000E+03  2.438660E+00 -4.489900E+00  8.857316E+00 -1.132661E+02 -8.324036E+01 -1.410970E+02 -1.427725E-03 -1.176683E+05  1.679244E+03
  8.440000E+03  2.646262E+00 -4.565995E+00  9.326771E+00 -1.101755E+02 -8.001736E+01 -1.380391E+02 -9.243132E-04 -1.176880E+05  1.686589E+03
  8.440000E+03  2.429419E+00 -4.575923E+00  8.914906E+00 -1.126158E+02 -8.132274E+01 -1.414239E+02 -1.264094E-03 -1.176748E+05  1.681384E+03
  8.440000E+03  3.100101E+00 -4.369614E+00  9.974708E+00 -1.070790E+02 -8.108676E+01 -1.311161E+02 -1.064434E-03 -1.176426E+05  1.692422E+03
  8.440000E+03  2.369926E+00 -4.644004E+00  8.876317E+00 -1.125191E+02 -8.028923E+01 -1.423251E+02 -1.202455E-03 -1.176762E+05  1.683002E+03
  8.440000E+03  2.617496E+00 -4.547102E+00  9.254311E+00 -1.108557E+02 -8.057908E+01 -1.385135E+02 -1.216387E-03 -1.176626E+05  1.686217E+03
  8.440000E+03  3.121338E+00 -4.329460E+00  9.972060E+00 -1.072915E+02 -8.162826E+01 -1.307890E+02 -1.111360E-03 -1.176425E+05  1.691243E+03
  8.440000E+03  2.606806E+00 -4.562340E+00  9.250371E+00 -1.107880E+02 -8.032582E+01 -1.386817E+02 -1.169923E-03 -1.176662E+05  1.686326E+03
  8.440000E+03  3.117538E+00 -4.301429E+00  9.935001E+00 -1.076554E+02 -8.208636E+01 -1.308407E+02 -1.111495E-03 -1.176482E+05  1.689531E+03
  8.440000E+03  3.165852E+00 -4.238540E+00  9.962722E+00 -1.077658E+02 -8.285314E+01 -1.300395E+02 -1.147135E-03 -1.176493E+05  1.688292E+03
  8.440000E+03  3.147290E+00 -4.258898E+00  9.948043E+00 -1.077599E+02 -8.261054E+01 -1.303565E+02 -1.128139E-03 -1.176497E+05  1.688447E+03
  8.440000E+03  2.485159E+00 -4.383513E+00  8.871393E+00 -1.133738E+02 -8.567222E+01 -1.400210E+02 -1.737578E-03 -1.176496E+05  1.680482E+03
  8.440000E+03  2.524601E+00 -4.396439E+00  8.940952E+00 -1.131540E+02 -8.473126E+01 -1.395323E+02 -1.515670E-03 -1.176650E+05  1.679476E+03
  8.440000E+03  2.407470E+00 -4.590398E+00  8.889591E+00 -1.126843E+02 -8.117574E+01 -1.417541E+02 -1.242964E-03 -1.176752E+05  1.681489E+03
  8.440000E+03  2.525086E+00 -4.396064E+00  8.941326E+00 -1.131565E+02 -8.474050E+01 -1.395236E+02 -1.517205E-03 -1.176645E+05  1.679517E+03
  8.440000E+03  3.096423E+00 -4.331573E+00  9.924744E+00 -1.075851E+02 -8.173922E+01 -1.311727E+02 -1.088419E-03 -1.176473E+05  1.690454E+03
  8.440000E+03  3.110092E+00 -4.293372E+00  9.911258E+00 -1.078337E+02 -8.226732E+01 -1.309531E+02 -1.092922E-03 -1.176517E+05  1.688809E+03
  8.440000E+03  2.652949E+00 -4.495581E+00  9.260127E+00 -1.111286E+02 -8.147645E+01 -1.379740E+02 -1.361702E-03 -1.176507E+05  1.685776E+03
  8.440000E+03  3.085913E+00 -4.326597E+00  9.898429E+00 -1.077765E+02 -8.187558E+01 -1.313299E+02 -1.074162E-03 -1.176511E+05  1.689744E+03
  8.440000E+03  3.210390E+00 -4.181665E+00  9.992011E+00 -1.077849E+02 -8.370443E+01 -1.292543E+02 -1.240485E-03 -1.176435E+05  1.688688E+03
  8.440000E+03  3.069982E+00 -4.269229E+00  9.802518E+00 -1.087023E+02 -8.305533E+01 -1.314931E+02 -1.163157E-03 -1.176554E+05  1.687361E+03
  8.440000E+03  3.092958E+00 -4.381278E+00  9.980301E+00 -1.069412E+02 -8.084689E+01 -1.311656E+02 -8.881374E-04 -1.176553E+05  1.691979E+03
  8.440000E+03  3.199706E+00 -4.195053E+00  9.983649E+00 -1.077951E+02 -8.351668E+01 -1.294423E+02 -1.213924E-03 -1.176448E+05  1.688631E+03
  8.440000E+03  2.642535E+00 -4.508852E+00  9.255059E+00 -1.110752E+02 -8.125691E+01 -1.381289E+02 -1.291208E-03 -1.176560E+05  1.685751E+03
  8.440000E+03  2.647768E+00 -4.500908E+00  9.255313E+00 -1.111227E+02 -8.139561E+01 -1.380520E+02 -1.318199E-03 -1.176538E+05  1.685670E+03
  8.440000E+03  3.085153E+00 -4.368394E+00  9.944655E+00 -1.072414E+02 -8.118981E+01 -1.313677E+02 -1.014985E-03 -1.176460E+05  1.691738E+03
  8.440000E+03  3.090969E+00 -4.349011E+00  9.933273E+00 -1.074274E+02 -8.149043E+01 -1.312738E+02 -1.054080E-03 -1.176458E+05  1.691125E+03
  8.440000E+03  3.075024E+00 -4.470102E+00  1.004623E+01 -1.060449E+02 -7.924654E+01 -1.312776E+02 -4.700918E-04 -1.176889E+05  1.692775E+03
  8.440000E+03  3.076308E+00 -4.311559E+00  9.862893E+00 -1.080619E+02 -8.218069E+01 -1.314806E+02 -1.060300E-03 -1.176553E+05  1.688558E+03
  8.440000E+03  3.084448E+00 -4.364668E+00  9.938748E+00 -1.072969E+02 -8.125961E+01 -1.313822E+02 -1.016073E-03 -1.176461E+05  1.691551E+03
  8.440000E+03  2.549667E+00 -4.450329E+00  9.030805E+00 -1.125064E+02 -8.307718E+01 -1.394221E+02 -1.362889E-03 -1.176689E+05  1.680144E+03
  8.440000E+03  2.636031E+00 -4.517648E+00  9.251600E+00 -1.110373E+02 -8.112069E+01 -1.382246E+02 -1.240301E-03 -1.176599E+05  1.685768E+03
  8.440000E+03  2.901896E+00 -4.378038E+00  9.597482E+00 -1.095712E+02 -8.216119E+01 -1.340516E+02 -1.114362E-03 -1.176653E+05  1.687171E+03
  8.440000E+03  2.569525E+00 -4.336227E+00  8.984790E+00 -1.134175E+02 -8.637150E+01 -1.385668E+02 -2.308320E-03 -1.175796E+05  1.686648E+03
  8.440000E+03  2.642818E+00 -4.505898E+00  9.249874E+00 -1.111220E+02 -8.132933E+01 -1.381264E+02 -1.275462E-03 -1.176570E+05  1.685584E+03
  8.440000E+03  2.391803E+00 -4.603711E+00  8.873578E+00 -1.126965E+02 -8.101362E+01 -1.419867E+02 -1.191778E-03 -1.176780E+05  1.681612E+03
  8.440000E+03  3.095679E+00 -4.365461E+00  9.969949E+00 -1.070469E+02 -8.108194E+01 -1.311249E+02 -8.497767E-04 -1.176593E+05  1.691139E+03
  8.440000E+03  2.663644E+00 -4.470698E+00  9.254920E+00 -1.112969E+02 -8.195140E+01 -1.378264E+02 -1.470655E-03 -1.176390E+05  1.685689E+03
  8.440000E+03  2.576371E+00 -4.323308E+00  8.987552E+00 -1.134228E+02 -8.658931E+01 -1.384410E+02 -2.311373E-03 -1.175803E+05  1.686310E+03
  8.440000E+03  3.043793E+00 -4.336529E+00  9.825921E+00 -1.082141E+02 -8.197698E+01 -1.320002E+02 -1.087978E-03 -1.176511E+05  1.689066E+03
  8.440000E+03  3.152657E+00 -4.490295E+00  1.025031E+01 -1.047113E+02 -7.837289E+01 -1.296595E+02 -2.943282E-04 -1.176952E+05  1.695838E+03
  8.440000E+03  2.565982E+00 -4.404333E+00  9.023787E+00 -1.130089E+02 -8.410193E+01 -1.389805E+02 -1.706542E-03 -1.176331E+05  1.681852E+03
  8.440000E+03  3.197322E+00 -4.180892E+00  9.965847E+00 -1.078803E+02 -8.387121E+01 -1.294826E+02 -1.225603E-03 -1.176441E+05  1.688493E+03
  8.440000E+03  1.091445E+00 -5.296209E+00  7.020582E+00 -1.181115E+02 -7.360121E+01 -1.609660E+02 -5.955280E-04 -1.177895E+05  1.673366E+03
  8.440000E+03  3.059056E+00 -4.371739E+00  9.893293E+00 -1.075757E+02 -8.129389E+01 -1.317868E+02 -9.989476E-04 -1.176488E+05  1.691015E+03
  8.440000E+03  2.839639E+00 -4.409776E+00  9.513485E+00 -1.099590E+02 -8.202799E+01 -1.350318E+02 -1.185983E-03 -1.176589E+05  1.687392E+03
  8.440000E+03  2.890637E+00 -4.377125E+00  9.576198E+00 -1.096827E+02 -8.226661E+01 -1.341982E+02 -1.074533E-03 -1.176695E+05  1.686822E+03
  8.440000E+03  2.931445E+00 -4.346918E+00  9.620999E+00 -1.095146E+02 -8.254271E+01 -1.335841E+02 -1.058263E-03 -1.176700E+05  1.686414E+03
  8.440000E+03  2.966316E+00 -4.403158E+00  9.743376E+00 -1.084298E+02 -8.127019E+01 -1.331729E+02 -9.397967E-04 -1.176657E+05  1.689161E+03
  8.440000E+03  2.655466E+00 -4.484366E+00  9.244645E+00 -1.112983E+02 -8.173600E+01 -1.379366E+02 -1.328140E-03 -1.176520E+05  1.685322E+03
  8.440000E+03  2.963159E+00 -4.402300E+00  9.737865E+00 -1.084601E+02 -8.130432E+01 -1.332276E+02 -9.520434E-04 -1.176645E+05  1.689104E+03
  8.440000E+03  2.481923E+00 -4.502062E+00  8.946938E+00 -1.126812E+02 -8.252554E+01 -1.405176E+02 -1.230604E-03 -1.176806E+05  1.679725E+03
  8.440000E+03  2.959623E+00 -4.432966E+00  9.759267E+00 -1.081947E+02 -8.075869E+01 -1.333074E+02 -8.756315E-04 -1.176662E+05  1.689893E+03
  8.440000E+03  2.647980E+00 -4.498105E+00  9.243552E+00 -1.112080E+02 -8.149612E+01 -1.380470E+02 -1.237251E-03 -1.176603E+05  1.685254E+03
  8.440000E+03  3.159226E+00 -4.426272E+00  1.015840E+01 -1.055557E+02 -7.975596E+01 -1.298927E+02 -6.067369E-04 -1.176727E+05  1.695274E+03
  8.440000E+03  2.942205E+00 -4.420516E+00  9.719434E+00 -1.084844E+02 -8.109688E+01 -1.335788E+02 -9.684254E-04 -1.176612E+05  1.689383E+03
  8.440000E+03  2.930971E+00 -4.445052E+00  9.722593E+00 -1.083578E+02 -8.070384E+01 -1.337699E+02 -9.282320E-04 -1.176617E+05  1.689877E+03
  8.440000E+03  2.420409E+00 -4.554302E+00  8.881222E+00 -1.128338E+02 -8.186674E+01 -1.415161E+02 -1.212653E-03 -1.176779E+05  1.680258E+03
  8.440000E+03  3.001177E+00 -4.331727E+00  9.734711E+00 -1.087936E+02 -8.233093E+01 -1.326315E+02 -1.005907E-03 -1.176647E+05  1.687109E+03
  8.440000E+03  2.939031E+00 -4.337807E+00  9.623833E+00 -1.095308E+02 -8.273169E+01 -1.334430E+02 -1.060946E-03 -1.176696E+05  1.686653E+03
  8.440000E+03  2.914334E+00 -4.438821E+00  9.687965E+00 -1.085857E+02 -8.091101E+01 -1.340182E+02 -9.543432E-04 -1.176623E+05  1.689266E+03
  8.440000E+03  3.032952E+00 -4.295963E+00  9.756135E+00 -1.088154E+02 -8.282702E+01 -1.321314E+02 -1.065682E-03 -1.176601E+05  1.686951E+03
  8.440000E+03  2.424923E+00 -4.548493E+00  8.884678E+00 -1.128312E+02 -8.196236E+01 -1.414399E+02 -1.211362E-03 -1.176781E+05  1.680167E+03
  8.440000E+03  3.164090E+00 -4.389981E+00  1.013547E+01 -1.058695E+02 -8.029879E+01 -1.298225E+02 -6.436808E-04 -1.176704E+05  1.694162E+03
  8.440000E+03  2.698296E+00 -4.336060E+00  9.199781E+00 -1.123813E+02 -8.500674E+01 -1.370277E+02 -2.225479E-03 -1.175690E+05  1.687789E+03
  8.440000E+03  3.172207E+00 -4.408930E+00  1.017136E+01 -1.055606E+02 -7.995123E+01 -1.296564E+02 -6.131831E-04 -1.176707E+05  1.695173E+03
  8.440000E+03  3.214393E+00 -4.434442E+00  1.030614E+01 -1.046291E+02 -7.913570E+01 -1.287177E+02 -4.547583E-04 -1.176770E+05  1.696971E+03
  8.440000E+03  2.638777E+00 -4.304840E+00  9.076655E+00 -1.131572E+02 -8.634106E+01 -1.375358E+02 -2.237337E-03 -1.175783E+05  1.686709E+03
  8.440000E+03  3.173876E+00 -4.328966E+00  1.008969E+01 -1.064062E+02 -8.122870E+01 -1.297437E+02 -6.961746E-04 -1.176698E+05  1.691729E+03
  8.440000E+03  3.128062E+00 -4.214155E+00  9.863602E+00 -1.083786E+02 -8.389098E+01 -1.305176E+02 -1.192567E-03 -1.176497E+05  1.688553E+03
  8.440000E+03  2.837866E+00 -4.487084E+00  9.596759E+00 -1.088737E+02 -8.044330E+01 -1.351895E+02 -8.508467E-04 -1.176738E+05  1.688647E+03
  8.440000E+03  3.058117E+00 -4.354101E+00  9.874092E+00 -1.077262E+02 -8.157973E+01 -1.318272E+02 -9.425073E-04 -1.176522E+05  1.689876E+03
  8.440000E+03  2.704410E+00 -4.329725E+00  9.203836E+00 -1.123700E+02 -8.510636E+01 -1.369279E+02 -2.212338E-03 -1.175703E+05  1.687684E+03
  8.440000E+03  2.795341E+00 -4.526252E+00  9.559495E+00 -1.088903E+02 -7.992690E+01 -1.358698E+02 -7.901682E-04 -1.176768E+05  1.688764E+03
  8.440000E+03  3.194396E+00 -4.425853E+00  1.024441E+01 -1.050310E+02 -7.944462E+01 -1.291596E+02 -4.746334E-04 -1.176785E+05  1.695919E+03
  8.440000E+03  2.923014E+00 -4.392447E+00  9.656738E+00 -1.089809E+02 -8.174650E+01 -1.338524E+02 -1.004422E-03 -1.176620E+05  1.687957E+03
  8.440000E+03  3.089311E+00 -4.241979E+00  9.813182E+00 -1.086325E+02 -8.368608E+01 -1.311192E+02 -1.180473E-03 -1.176508E+05  1.688683E+03
  8.440000E+03  3.164681E+00 -4.383562E+00  1.013184E+01 -1.059069E+02 -8.038603E+01 -1.298042E+02 -6.091923E-04 -1.176727E+05  1.693808E+03
  8.440000E+03  2.633245E+00 -4.394394E+00  9.135521E+00 -1.125731E+02 -8.410827E+01 -1.379575E+02 -1.970425E-03 -1.175955E+05  1.686673E+03
  8.440000E+03  2.898474E+00 -4.468975E+00  9.688372E+00 -1.084245E+02 -8.042347E+01 -1.343054E+02 -8.577989E-04 -1.176638E+05  1.689635E+03
  8.440000E+03  2.863749E+00 -4.379975E+00  9.527369E+00 -1.099378E+02 -8.255406E+01 -1.345427E+02 -1.066873E-03 -1.176707E+05  1.687220E+03
  8.440000E+03  2.782170E+00 -4.534456E+00  9.543127E+00 -1.089450E+02 -7.984197E+01 -1.361200E+02 -8.096742E-04 -1.176726E+05  1.688742E+03
  8.440000E+03  3.061037E+00 -4.254222E+00  9.770819E+00 -1.089133E+02 -8.370098E+01 -1.314954E+02 -1.195657E-03 -1.176513E+05  1.688885E+03
  8.440000E+03  2.782497E+00 -4.538352E+00  9.547683E+00 -1.088899E+02 -7.975548E+01 -1.361128E+02 -7.739378E-04 -1.176749E+05  1.688733E+03
  8.440000E+03  2.752877E+00 -4.431361E+00  9.364426E+00 -1.106900E+02 -8.235455E+01 -1.363039E+02 -1.101598E-03 -1.176730E+05  1.686109E+03
