  8.440000E+03 -4.362012E-01 -6.170372E+00  4.922144E+00 -1.173558E+02 -4.882435E+01 -1.823685E+02 -3.945210E-04 -1.178731E+05  1.670551E+03
  8.440000E+03 -9.421353E-01 -6.279513E+00  4.064013E+00 -1.179189E+02 -4.540020E+01 -1.873591E+02 -4.717982E-04 -1.178924E+05  1.664088E+03
  8.440000E+03 -9.099053E-01 -6.261857E+00  4.107524E+00 -1.181441E+02 -4.627910E+01 -1.869615E+02 -5.223239E-04 -1.178885E+05  1.663775E+03
  8.440000E+03 -5.332145E-01 -6.155456E+00  4.718678E+00 -1.179860E+02 -5.009810E+01 -1.833408E+02 -6.645214E-04 -1.178592E+05  1.667573E+03
  8.440000E+03 -9.037080E-01 -6.257073E+00  4.113889E+00 -1.182206E+02 -4.653196E+01 -1.868688E+02 -5.317829E-04 -1.178879E+05  1.663580E+03
  8.440000E+03 -4.687931E-01 -6.127857E+00  4.814039E+00 -1.181760E+02 -5.108491E+01 -1.825913E+02 -7.440576E-04 -1.178492E+05  1.667754E+03
  8.440000E+03 -4.661217E-01 -6.236639E+00  4.933157E+00 -1.164465E+02 -4.603212E+01 -1.829217E+02 -2.286319E-04 -1.178725E+05  1.674241E+03
  8.440000E+03 -1.603390E+00 -6.462239E+00  2.904376E+00 -1.176955E+02 -4.001365E+01 -1.922439E+02 -1.040472E-03 -1.178661E+05  1.659285E+03
  8.440000E+03 -4.713312E-01 -6.129144E+00  4.809165E+00 -1.181815E+02 -5.105890E+01 -1.826159E+02 -7.399713E-04 -1.178496E+05  1.667764E+03
  8.440000E+03 -4.690028E-01 -6.202132E+00  4.896003E+00 -1.169786E+02 -4.744219E+01 -1.828109E+02 -2.780637E-04 -1.178790E+05  1.671639E+03
  8.440000E+03 -1.432902E+00 -6.406571E+00  3.200368E+00 -1.179340E+02 -4.193975E+01 -1.910885E+02 -7.460251E-04 -1.178879E+05  1.659262E+03
  8.440000E+03 -4.389366E-01 -6.163172E+00  4.908739E+00 -1.175007E+02 -4.913205E+01 -1.823684E+02 -4.034242E-04 -1.178727E+05  1.669942E+03
  8.440000E+03 -4.277333E-01 -6.253579E+00  5.032007E+00 -1.160493E+02 -4.530673E+01 -1.825382E+02 -2.728162E-04 -1.178559E+05  1.677125E+03
  8.440000E+03 -4.879517E-01 -6.163602E+00  4.797509E+00 -1.178037E+02 -4.944989E+01 -1.829371E+02 -5.007527E-04 -1.178681E+05  1.668436E+03
  8.440000E+03 -4.339743E-01 -6.249921E+00  5.017774E+00 -1.161136E+02 -4.542733E+01 -1.825930E+02 -2.580440E-04 -1.178590E+05  1.676611E+03
  8.440000E+03 -4.701540E-01 -6.140845E+00  4.809556E+00 -1.180821E+02 -5.056453E+01 -1.826625E+02 -6.517097E-04 -1.178564E+05  1.668019E+03
  8.440000E+03 -1.452197E+00 -6.410969E+00  3.165603E+00 -1.179870E+02 -4.195615E+01 -1.912085E+02 -8.714588E-04 -1.178756E+05  1.659411E+03
  8.440000E+03 -1.276174E+00 -6.343526E+00  3.457507E+00 -1.180977E+02 -4.443918E+01 -1.899317E+02 -5.541621E-04 -1.179033E+05  1.657825E+03
  8.440000E+03 -1.876111E+00 -6.549334E+00  2.417496E+00 -1.169270E+02 -3.551532E+01 -1.939484E+02 -9.656148E-04 -1.178799E+05  1.657053E+03
  8.440000E+03 -4.795830E-01 -6.203628E+00  4.877722E+00 -1.170042E+02 -4.739239E+01 -1.829170E+02 -2.574234E-04 -1.178807E+05  1.671420E+03
  8.440000E+03 -4.880408E-01 -6.165494E+00  4.802683E+00 -1.177771E+02 -4.928490E+01 -1.829221E+02 -4.541750E-04 -1.178713E+05  1.668454E+03
  8.440000E+03 -1.365790E+00 -6.384263E+00  3.304788E+00 -1.182161E+02 -4.324550E+01 -1.904912E+02 -8.050688E-04 -1.178797E+05  1.659698E+03
  8.440000E+03 -4.715002E-01 -6.189009E+00  4.877795E+00 -1.172176E+02 -4.801802E+01 -1.827665E+02 -2.856061E-04 -1.178807E+05  1.670647E+03
  8.440000E+03 -1.045486E+00 -6.328607E+00  3.903209E+00 -1.174376E+02 -4.313250E+01 -1.884640E+02 -2.465374E-04 -1.179126E+05  1.664170E+03
  8.440000E+03 -4.616850E-01 -6.242595E+00  4.957245E+00 -1.163145E+02 -4.570045E+01 -1.828588E+02 -1.960124E-04 -1.178703E+05  1.674985E+03
  8.440000E+03 -4.631346E-01 -6.135556E+00  4.816975E+00 -1.181707E+02 -5.081122E+01 -1.825396E+02 -6.551720E-04 -1.178559E+05  1.667944E+03
  8.440000E+03 -9.418161E-01 -6.281188E+00  4.065075E+00 -1.179148E+02 -4.533772E+01 -1.873477E+02 -4.307533E-04 -1.178934E+05  1.664235E+03
  8.440000E+03 -4.886895E-01 -6.159931E+00  4.791966E+00 -1.179136E+02 -4.963911E+01 -1.828906E+02 -4.919652E-04 -1.178686E+05  1.668213E+03
  8.440000E+03 -2.107074E-02 -6.096234E+00  5.680205E+00 -1.157793E+02 -5.031877E+01 -1.776540E+02 -1.403622E-04 -1.178596E+05  1.675664E+03
  8.440000E+03 -1.449422E+00 -6.408268E+00  3.168710E+00 -1.180440E+02 -4.210451E+01 -1.911447E+02 -8.285409E-04 -1.178786E+05  1.659094E+03
  8.440000E+03 -1.170882E+00 -6.308906E+00  3.628561E+00 -1.185618E+02 -4.610740E+01 -1.888881E+02 -6.757021E-04 -1.178880E+05  1.659146E+03
  8.440000E+03 -4.605148E-01 -6.175671E+00  4.886864E+00 -1.173896E+02 -4.856825E+01 -1.825901E+02 -3.136572E-04 -1.178788E+05  1.670149E+03
  8.440000E+03 -4.688774E-01 -6.145055E+00  4.814611E+00 -1.180824E+02 -5.034493E+01 -1.826070E+02 -5.613209E-04 -1.178630E+05  1.668127E+03
  8.440000E+03 -4.853834E-01 -6.133307E+00  4.773616E+00 -1.183302E+02 -5.107538E+01 -1.827212E+02 -7.036374E-04 -1.178528E+05  1.667435E+03
  8.440000E+03 -5.563114E-01 -6.160286E+00  4.665656E+00 -1.181941E+02 -5.015989E+01 -1.834742E+02 -5.824527E-04 -1.178685E+05  1.666926E+03
  8.440000E+03 -2.054319E+00 -6.592703E+00  2.111671E+00 -1.162007E+02 -3.356801E+01 -1.948000E+02 -9.814056E-04 -1.178850E+05  1.655032E+03
  8.440000E+03 -4.618829E-01 -6.155025E+00  4.844675E+00 -1.178352E+02 -4.959691E+01 -1.825905E+02 -4.172717E-04 -1.178728E+05  1.668375E+03
  8.440000E+03 -9.264442E-01 -6.271799E+00  4.085137E+00 -1.180505E+02 -4.581109E+01 -1.871417E+02 -4.412506E-04 -1.178918E+05  1.664007E+03
  8.440000E+03 -1.068734E+00 -6.276438E+00  3.803123E+00 -1.190281E+02 -4.726396E+01 -1.877506E+02 -6.537480E-04 -1.178882E+05  1.660310E+03
  8.440000E+03 -9.068555E-01 -6.257643E+00  4.107025E+00 -1.182678E+02 -4.654314E+01 -1.868571E+02 -4.672804E-04 -1.178907E+05  1.663454E+03
  8.440000E+03 -1.380560E+00 -6.379425E+00  3.274729E+00 -1.182827E+02 -4.343108E+01 -1.905244E+02 -6.802451E-04 -1.178927E+05  1.657927E+03
  8.440000E+03 -4.850794E-01 -6.133826E+00  4.770786E+00 -1.183668E+02 -5.106927E+01 -1.827092E+02 -6.831892E-04 -1.178541E+05  1.667352E+03
  8.440000E+03 -4.483492E-01 -6.150239E+00  4.865954E+00 -1.178532E+02 -4.977079E+01 -1.824250E+02 -4.122842E-04 -1.178724E+05  1.668461E+03
  8.440000E+03 -4.546982E-01 -6.131176E+00  4.827905E+00 -1.182762E+02 -5.096850E+01 -1.823765E+02 -6.095138E-04 -1.178587E+05  1.667825E+03
  8.440000E+03 -1.389038E+00 -6.378660E+00  3.260717E+00 -1.182732E+02 -4.340484E+01 -1.905741E+02 -6.287076E-04 -1.178981E+05  1.657295E+03
  8.440000E+03 -4.865521E-01 -6.235446E+00  4.897957E+00 -1.165238E+02 -4.604493E+01 -1.830928E+02 -1.369309E-04 -1.178807E+05  1.673447E+03
  8.440000E+03 -4.692598E-01 -6.128547E+00  4.794046E+00 -1.184107E+02 -5.124041E+01 -1.825181E+02 -6.762264E-04 -1.178539E+05  1.667397E+03
  8.440000E+03 -9.472622E-01 -6.245647E+00  4.008691E+00 -1.189288E+02 -4.805355E+01 -1.868073E+02 -6.239340E-04 -1.178859E+05  1.661741E+03
  8.440000E+03 -8.460765E-01 -6.219636E+00  4.168815E+00 -1.190222E+02 -4.882597E+01 -1.858404E+02 -5.326718E-04 -1.178926E+05  1.662375E+03
  8.440000E+03 -8.776247E-01 -6.239469E+00  4.136928E+00 -1.185990E+02 -4.752044E+01 -1.864106E+02 -4.589756E-04 -1.178940E+05  1.662646E+03
  8.440000E+03 -8.624976E-01 -6.228934E+00  4.149826E+00 -1.188614E+02 -4.822141E+01 -1.860927E+02 -4.716506E-04 -1.178963E+05  1.662324E+03
  8.440000E+03 -9.122384E-01 -6.232957E+00  4.063401E+00 -1.190210E+02 -4.854594E+01 -1.864600E+02 -6.547720E-04 -1.178819E+05  1.661952E+03
  8.440000E+03 -4.473782E-01 -6.122434E+00  4.830189E+00 -1.184329E+02 -5.140030E+01 -1.822467E+02 -6.475627E-04 -1.178552E+05  1.667573E+03
  8.440000E+03 -4.812211E-01 -6.144456E+00  4.793121E+00 -1.182109E+02 -5.036711E+01 -1.826667E+02 -5.217851E-04 -1.178656E+05  1.667717E+03
  8.440000E+03 -1.652159E+00 -6.471834E+00  2.814046E+00 -1.178877E+02 -4.003875E+01 -1.922934E+02 -9.860450E-04 -1.178709E+05  1.658068E+03
  8.440000E+03 -4.805042E-01 -6.149750E+00  4.801896E+00 -1.181159E+02 -5.007713E+01 -1.826726E+02 -4.776191E-04 -1.178684E+05  1.668030E+03
  8.440000E+03 -2.055617E+00 -6.591364E+00  2.109511E+00 -1.163323E+02 -3.396655E+01 -1.946787E+02 -9.825539E-04 -1.178834E+05  1.654741E+03
  8.440000E+03 -1.501943E+00 -6.416609E+00  3.072646E+00 -1.181692E+02 -4.191255E+01 -1.913709E+02 -7.983424E-04 -1.178832E+05  1.657510E+03
  8.440000E+03 -4.388456E-01 -6.147111E+00  4.889049E+00 -1.178293E+02 -4.980125E+01 -1.822787E+02 -3.699586E-04 -1.178743E+05  1.668614E+03
  8.440000E+03 -1.496157E+00 -6.414250E+00  3.082089E+00 -1.182024E+02 -4.202396E+01 -1.913216E+02 -8.021370E-04 -1.178823E+05  1.657506E+03
  8.440000E+03 -1.609356E-02 -6.086147E+00  5.680962E+00 -1.158486E+02 -5.059895E+01 -1.775981E+02 -8.442625E-05 -1.178628E+05  1.674884E+03
  8.440000E+03 -4.875365E-01 -6.124649E+00  4.750373E+00 -1.186676E+02 -5.166807E+01 -1.825988E+02 -7.048352E-04 -1.178530E+05  1.666812E+03
  8.440000E+03 -4.675625E-01 -6.160590E+00  4.855922E+00 -1.176988E+02 -4.917138E+01 -1.826104E+02 -3.065980E-04 -1.178794E+05  1.668632E+03
  8.440000E+03 -8.689281E-01 -6.232845E+00  4.143128E+00 -1.187882E+02 -4.796371E+01 -1.862027E+02 -4.461496E-04 -1.178963E+05  1.662386E+03
  8.440000E+03 -1.663908E+00 -6.474356E+00  2.795437E+00 -1.178386E+02 -3.989864E+01 -1.923698E+02 -9.542625E-04 -1.178729E+05  1.657853E+03
  8.440000E+03 -8.502472E-01 -6.208554E+00  4.157345E+00 -1.192741E+02 -4.952657E+01 -1.857516E+02 -6.628081E-04 -1.178796E+05  1.662081E+03
  8.440000E+03 -1.659320E+00 -6.472293E+00  2.803317E+00 -1.178179E+02 -3.992071E+01 -1.923668E+02 -9.283112E-04 -1.178747E+05  1.657717E+03
  8.440000E+03 -8.755907E-01 -6.237257E+00  4.136822E+00 -1.186880E+02 -4.768604E+01 -1.863286E+02 -4.335378E-04 -1.178958E+05  1.662512E+03
  8.440000E+03 -8.910866E-01 -6.246334E+00  4.120524E+00 -1.185115E+02 -4.718441E+01 -1.865713E+02 -4.267803E-04 -1.178943E+05  1.662850E+03
  8.440000E+03 -5.335475E-01 -6.218578E+00  4.792655E+00 -1.169891E+02 -4.682376E+01 -1.834971E+02 -1.470527E-04 -1.178877E+05  1.670891E+03
  8.440000E+03 -5.347168E-01 -6.219049E+00  4.790971E+00 -1.169860E+02 -4.680512E+01 -1.835104E+02 -1.445389E-04 -1.178878E+05  1.670892E+03
  8.440000E+03 -8.719366E-01 -6.233982E+00  4.138992E+00 -1.187778E+02 -4.790442E+01 -1.862404E+02 -4.405251E-04 -1.178956E+05  1.662402E+03
  8.440000E+03 -5.222730E-01 -6.239943E+00  4.834365E+00 -1.165974E+02 -4.592047E+01 -1.834489E+02 -6.344361E-05 -1.178888E+05  1.672672E+03
  8.440000E+03 -8.404522E-01 -6.204816E+00  4.171510E+00 -1.193462E+02 -4.966306E+01 -1.855999E+02 -6.147550E-04 -1.178839E+05  1.661956E+03
  8.440000E+03 -1.402077E+00 -6.375718E+00  3.238814E+00 -1.185047E+02 -4.369517E+01 -1.904670E+02 -5.870142E-04 -1.179016E+05  1.656528E+03
  8.440000E+03 -4.282785E-01 -6.105782E+00  4.844365E+00 -1.187582E+02 -5.227472E+01 -1.818960E+02 -7.200530E-04 -1.178474E+05  1.667515E+03
  8.440000E+03 -5.251322E-01 -6.244541E+00  4.836937E+00 -1.165159E+02 -4.566784E+01 -1.834878E+02 -2.196964E-05 -1.178903E+05  1.672847E+03
  8.440000E+03 -1.404077E+00 -6.376536E+00  3.243585E+00 -1.184347E+02 -4.352259E+01 -1.904593E+02 -4.937109E-04 -1.179113E+05  1.656524E+03
  8.440000E+03 -4.294811E-01 -6.108136E+00  4.846322E+00 -1.187234E+02 -5.212353E+01 -1.819079E+02 -6.841289E-04 -1.178501E+05  1.667550E+03
  8.440000E+03 -8.571404E-01 -6.220051E+00  4.151162E+00 -1.191325E+02 -4.882424E+01 -1.858640E+02 -4.859712E-04 -1.178942E+05  1.662100E+03
  8.440000E+03  1.636672E-01 -6.089217E+00  6.010536E+00 -1.144606E+02 -5.039416E+01 -1.753313E+02  5.541261E-04 -1.179123E+05  1.676402E+03
  8.440000E+03 -8.892502E-01 -6.207508E+00  4.093844E+00 -1.195604E+02 -4.985686E+01 -1.858890E+02 -7.207082E-04 -1.178765E+05  1.661292E+03
  8.440000E+03 -7.616037E-03 -6.076290E+00  5.687889E+00 -1.159072E+02 -5.089394E+01 -1.774918E+02 -4.376001E-05 -1.178655E+05  1.674286E+03
  8.440000E+03 -4.950376E-01 -6.252811E+00  4.905394E+00 -1.162746E+02 -4.522983E+01 -1.832152E+02 -2.248160E-05 -1.178816E+05  1.674382E+03
  8.440000E+03 -8.492723E-01 -6.201446E+00  4.155122E+00 -1.194691E+02 -4.991017E+01 -1.856097E+02 -6.504610E-04 -1.178804E+05  1.661626E+03
  8.440000E+03 -8.351640E-01 -6.200421E+00  4.177218E+00 -1.194585E+02 -4.989822E+01 -1.854684E+02 -5.933707E-04 -1.178856E+05  1.661780E+03
  8.440000E+03 -4.267124E-01 -6.129597E+00  4.899801E+00 -1.181361E+02 -5.066090E+01 -1.819749E+02 -4.288182E-04 -1.178678E+05  1.668555E+03
  8.440000E+03 -4.546337E-01 -6.130989E+00  4.840348E+00 -1.183360E+02 -5.074246E+01 -1.822615E+02 -4.636399E-04 -1.178667E+05  1.667701E+03
  8.440000E+03 -5.386724E-01 -6.246372E+00  4.813604E+00 -1.165318E+02 -4.559359E+01 -1.836279E+02  1.346942E-05 -1.178934E+05  1.672529E+03
  8.440000E+03 -1.057172E+00 -6.261279E+00  3.813763E+00 -1.194875E+02 -4.809203E+01 -1.873509E+02 -6.249630E-04 -1.178900E+05  1.659409E+03
  8.440000E+03 -4.829831E-01 -6.132569E+00  4.778333E+00 -1.185351E+02 -5.088216E+01 -1.825422E+02 -4.976845E-04 -1.178661E+05  1.666849E+03
  8.440000E+03 -7.392828E-01 -6.206802E+00  4.370954E+00 -1.185291E+02 -4.851572E+01 -1.851617E+02 -4.954318E-04 -1.178777E+05  1.664913E+03
  8.440000E+03 -4.571289E-01 -6.118234E+00  4.806240E+00 -1.187278E+02 -5.169299E+01 -1.821844E+02 -6.027900E-04 -1.178569E+05  1.667191E+03
  8.440000E+03 -5.113611E-01 -6.256104E+00  4.876530E+00 -1.162880E+02 -4.509591E+01 -1.833868E+02  3.013583E-05 -1.178870E+05  1.673982E+03
  8.440000E+03 -8.992991E-01 -6.245953E+00  4.103668E+00 -1.185975E+02 -4.727444E+01 -1.866031E+02 -4.116019E-04 -1.178938E+05  1.662583E+03
  8.440000E+03 -5.030255E-01 -6.169286E+00  4.797286E+00 -1.177294E+02 -4.883483E+01 -1.829990E+02 -2.388645E-04 -1.178835E+05  1.668028E+03
  8.440000E+03  1.659750E-01 -6.040766E+00  5.994037E+00 -1.149482E+02 -5.193669E+01 -1.751958E+02  4.074897E-04 -1.179040E+05  1.674987E+03
  8.440000E+03  1.597384E-01 -6.023244E+00  5.969301E+00 -1.152143E+02 -5.249366E+01 -1.752522E+02  3.509169E-04 -1.179016E+05  1.674085E+03
  8.440000E+03 -4.493374E-01 -6.110610E+00  4.814733E+00 -1.188451E+02 -5.205044E+01 -1.820344E+02 -6.292157E-04 -1.178545E+05  1.667129E+03
  8.440000E+03 -5.611678E-01 -6.234443E+00  4.757775E+00 -1.168310E+02 -4.617747E+01 -1.838230E+02 -5.641674E-05 -1.178918E+05  1.671222E+03
  8.440000E+03 -4.243543E-01 -6.090513E+00  4.841072E+00 -1.190669E+02 -5.288903E+01 -1.816959E+02 -7.122996E-04 -1.178475E+05  1.666662E+03
  8.440000E+03  3.773402E-04 -6.083908E+00  5.704160E+00 -1.156824E+02 -5.070994E+01 -1.773852E+02  1.453801E-04 -1.178822E+05  1.674326E+03
  8.440000E+03 -5.450226E-01 -6.264163E+00  4.819572E+00 -1.162804E+02 -4.479726E+01 -1.837388E+02  1.117128E-04 -1.178967E+05  1.673404E+03
  8.440000E+03 -8.405226E-01 -6.206877E+00  4.168926E+00 -1.194375E+02 -4.962417E+01 -1.854997E+02 -5.000638E-04 -1.178929E+05  1.661877E+03
  8.440000E+03 -5.544964E-01 -6.241931E+00  4.778770E+00 -1.166648E+02 -4.580804E+01 -1.837767E+02  1.391089E-05 -1.178949E+05  1.671768E+03
  8.440000E+03 -1.708304E+00 -6.481358E+00  2.715264E+00 -1.180658E+02 -3.994870E+01 -1.923848E+02 -9.407786E-04 -1.178741E+05  1.656610E+03
  8.440000E+03 -1.047330E+00 -6.301381E+00  3.892859E+00 -1.180029E+02 -4.450705E+01 -1.881450E+02 -2.167774E-04 -1.179114E+05  1.662250E+03
  8.440000E+03 -4.710974E-01 -6.120778E+00  4.784943E+00 -1.188006E+02 -5.160280E+01 -1.822783E+02 -5.656654E-04 -1.178595E+05  1.666976E+03
  8.440000E+03 -5.702225E-01 -6.231770E+00  4.738620E+00 -1.169061E+02 -4.627906E+01 -1.839071E+02 -4.931501E-05 -1.178929E+05  1.670719E+03
  8.440000E+03 -4.327157E-01 -6.119254E+00  4.876815E+00 -1.184100E+02 -5.113691E+01 -1.819522E+02 -4.431330E-04 -1.178661E+05  1.667708E+03
  8.440000E+03 -4.286883E-01 -6.083682E+00  4.824780E+00 -1.192441E+02 -5.322301E+01 -1.816770E+02 -7.212306E-04 -1.178472E+05  1.666001E+03
  8.440000E+03  3.019524E-03 -6.066463E+00  5.697829E+00 -1.159467E+02 -5.123913E+01 -1.773434E+02  2.473462E-05 -1.178705E+05  1.673794E+03
  8.440000E+03 -8.995937E-01 -6.240624E+00  4.093819E+00 -1.187903E+02 -4.767733E+01 -1.865110E+02 -4.296906E-04 -1.178917E+05  1.662190E+03
  8.440000E+03 -5.753345E-01 -6.224934E+00  4.722078E+00 -1.170407E+02 -4.655759E+01 -1.839370E+02 -6.052243E-05 -1.178933E+05  1.670007E+03
  8.440000E+03 -4.496666E-01 -6.136539E+00  4.868227E+00 -1.181178E+02 -5.034474E+01 -1.822120E+02 -3.532756E-04 -1.178725E+05  1.668263E+03
  8.440000E+03 -4.509328E-01 -6.137141E+00  4.866473E+00 -1.181137E+02 -5.032098E+01 -1.822271E+02 -3.501878E-04 -1.178727E+05  1.668262E+03
  8.440000E+03 -2.337075E-01 -6.131878E+00  5.316497E+00 -1.165287E+02 -4.913182E+01 -1.801760E+02 -1.176277E-04 -1.178634E+05  1.672745E+03
  8.440000E+03 -4.785646E-01 -6.120827E+00  4.772589E+00 -1.188662E+02 -5.162168E+01 -1.823132E+02 -5.482325E-04 -1.178607E+05  1.666804E+03
  8.440000E+03 -4.791960E-01 -6.121345E+00  4.772162E+00 -1.188604E+02 -5.159043E+01 -1.823221E+02 -5.433652E-04 -1.178610E+05  1.666806E+03
  8.440000E+03 -4.352571E-01 -6.115006E+00  4.864663E+00 -1.185590E+02 -5.138440E+01 -1.819324E+02 -4.638211E-04 -1.178640E+05  1.667423E+03
  8.440000E+03 -4.689318E-01 -6.152451E+00  4.842051E+00 -1.179458E+02 -4.973977E+01 -1.825057E+02 -3.048412E-04 -1.178755E+05  1.668586E+03
  8.440000E+03 -5.523221E-01 -6.193335E+00  4.732808E+00 -1.175081E+02 -4.786129E+01 -1.835821E+02 -1.457477E-04 -1.178888E+05  1.668343E+03
  8.440000E+03 -5.657328E-01 -6.266166E+00  4.782418E+00 -1.163093E+02 -4.470154E+01 -1.839550E+02  1.773548E-04 -1.179026E+05  1.672784E+03
  8.440000E+03 -4.491932E-01 -6.130332E+00  4.863515E+00 -1.182370E+02 -5.060129E+01 -1.821655E+02 -3.590543E-04 -1.178719E+05  1.667858E+03
  8.440000E+03 -8.147557E-01 -6.177506E+00  4.193471E+00 -1.198790E+02 -5.115857E+01 -1.850297E+02 -6.357869E-04 -1.178810E+05  1.660840E+03
  8.440000E+03 -4.448684E-01 -6.076776E+00  4.784874E+00 -1.195294E+02 -5.364256E+01 -1.817247E+02 -7.133275E-04 -1.178495E+05  1.664890E+03
  8.440000E+03 -2.829048E-01 -6.148722E+00  5.236378E+00 -1.165608E+02 -4.859474E+01 -1.807385E+02 -5.437854E-05 -1.178705E+05  1.672435E+03
  8.440000E+03 -4.445600E-01 -6.114256E+00  4.842593E+00 -1.186894E+02 -5.151164E+01 -1.819923E+02 -4.796412E-04 -1.178628E+05  1.667156E+03
  8.440000E+03 -9.505323E-01 -6.260628E+00  4.024304E+00 -1.185402E+02 -4.670271E+01 -1.870826E+02 -3.700989E-04 -1.178948E+05  1.662266E+03
  8.440000E+03 -5.417528E-01 -6.178829E+00  4.733084E+00 -1.177483E+02 -4.847613E+01 -1.834277E+02 -1.751654E-04 -1.178870E+05  1.667419E+03
  8.440000E+03 -4.331585E-01 -6.115668E+00  4.875813E+00 -1.184751E+02 -5.126903E+01 -1.819098E+02 -4.140681E-04 -1.178671E+05  1.667505E+03
  8.440000E+03 -1.029868E-03 -6.054891E+00  5.682311E+00 -1.161549E+02 -5.162982E+01 -1.773699E+02 -2.866599E-05 -1.178645E+05  1.673332E+03
  8.440000E+03 -8.312933E-01 -6.180895E+00  4.165848E+00 -1.199335E+02 -5.110879E+01 -1.851527E+02 -6.515659E-04 -1.178794E+05  1.660654E+03
  8.440000E+03 -5.699731E-01 -6.200601E+00  4.707371E+00 -1.174482E+02 -4.756162E+01 -1.837874E+02 -1.033728E-04 -1.178916E+05  1.668279E+03
  8.440000E+03 -4.454395E-01 -6.071595E+00  4.777985E+00 -1.196655E+02 -5.389003E+01 -1.816632E+02 -7.097234E-04 -1.178502E+05  1.664469E+03
  8.440000E+03 -4.344527E-01 -6.115078E+00  4.873151E+00 -1.184964E+02 -5.129735E+01 -1.819129E+02 -4.087043E-04 -1.178673E+05  1.667437E+03
  8.440000E+03  3.269490E-02 -6.054082E+00  5.745118E+00 -1.157269E+02 -5.157084E+01 -1.768943E+02  3.750477E-04 -1.179054E+05  1.672392E+03
  8.440000E+03 -4.858341E-01 -6.107201E+00  4.745457E+00 -1.191914E+02 -5.228861E+01 -1.822339E+02 -5.341823E-04 -1.178639E+05  1.665525E+03
  8.440000E+03 -8.323355E-01 -6.198308E+00  4.175220E+00 -1.196459E+02 -5.008873E+01 -1.853106E+02 -4.946124E-04 -1.178903E+05  1.661561E+03
  8.440000E+03 -5.960336E-01 -6.224939E+00  4.683941E+00 -1.171156E+02 -4.655182E+01 -1.841352E+02 -7.143127E-06 -1.178975E+05  1.669262E+03
  8.440000E+03 -1.251175E+00 -6.319266E+00  3.483969E+00 -1.195324E+02 -4.672830E+01 -1.887575E+02 -7.379313E-04 -1.178807E+05  1.658084E+03
  8.440000E+03 -5.035206E-01 -6.119383E+00  4.725093E+00 -1.190807E+02 -5.179770E+01 -1.824519E+02 -4.909194E-04 -1.178669E+05  1.665854E+03
  8.440000E+03 -4.563396E-01 -6.221582E+00  4.953397E+00 -1.165532E+02 -4.627702E+01 -1.827515E+02  1.845695E-05 -1.178794E+05  1.672964E+03
  8.440000E+03 -5.855865E-01 -6.249038E+00  4.730692E+00 -1.166183E+02 -4.545171E+01 -1.841276E+02  1.237629E-04 -1.179007E+05  1.671201E+03
  8.440000E+03 -4.350987E-01 -6.106955E+00  4.856161E+00 -1.187807E+02 -5.179698E+01 -1.818275E+02 -4.704492E-04 -1.178622E+05  1.667077E+03
  8.440000E+03 -9.461897E-01 -6.253656E+00  4.016422E+00 -1.187758E+02 -4.721176E+01 -1.869374E+02 -3.745376E-04 -1.178949E+05  1.661612E+03
  8.440000E+03 -8.883683E-01 -6.227871E+00  4.097424E+00 -1.192041E+02 -4.863533E+01 -1.861397E+02 -4.568349E-04 -1.178888E+05  1.661900E+03
  8.440000E+03 -7.295275E-01 -6.148939E+00  4.332846E+00 -1.200384E+02 -5.230690E+01 -1.840644E+02 -6.843651E-04 -1.178716E+05  1.662380E+03
  8.440000E+03  1.185641E-01 -6.075936E+00  5.908628E+00 -1.149424E+02 -5.081537E+01 -1.758706E+02  6.584094E-04 -1.179235E+05  1.674288E+03
  8.440000E+03 -2.030030E+00 -6.574186E+00  2.156178E+00 -1.171650E+02 -3.624992E+01 -1.939330E+02 -1.029159E-03 -1.178724E+05  1.653481E+03
  8.440000E+03 -8.269734E-01 -6.192706E+00  4.180216E+00 -1.197475E+02 -5.035682E+01 -1.852022E+02 -4.885577E-04 -1.178905E+05  1.661263E+03
  8.440000E+03 -5.151463E-01 -6.122842E+00  4.706999E+00 -1.190975E+02 -5.168234E+01 -1.825527E+02 -4.550257E-04 -1.178698E+05  1.665691E+03
  8.440000E+03 -4.322212E-01 -6.104549E+00  4.861295E+00 -1.187959E+02 -5.187011E+01 -1.817785E+02 -4.554995E-04 -1.178629E+05  1.667006E+03
  8.440000E+03 -5.825582E-01 -6.266572E+00  4.750707E+00 -1.163493E+02 -4.467015E+01 -1.841380E+02  2.387276E-04 -1.179061E+05  1.672201E+03
  8.440000E+03 -5.895889E-01 -6.256032E+00  4.729789E+00 -1.165132E+02 -4.512791E+01 -1.841903E+02  1.848875E-04 -1.179038E+05  1.671427E+03
  8.440000E+03 -4.843126E-01 -6.095549E+00  4.735186E+00 -1.194495E+02 -5.285755E+01 -1.820919E+02 -5.296952E-04 -1.178651E+05  1.664703E+03
  8.440000E+03 -6.966914E-01 -6.126297E+00  4.378221E+00 -1.202327E+02 -5.315602E+01 -1.836476E+02 -7.159604E-04 -1.178693E+05  1.661682E+03
  8.440000E+03 -6.273324E-01 -6.144896E+00  4.493335E+00 -1.195965E+02 -5.161664E+01 -1.835205E+02 -5.244135E-04 -1.178725E+05  1.663717E+03
  8.440000E+03 -4.354417E-01 -6.107755E+00  4.862917E+00 -1.186945E+02 -5.166748E+01 -1.818395E+02 -4.128844E-04 -1.178658E+05  1.667039E+03
  8.440000E+03 -6.030508E-01 -6.213452E+00  4.659113E+00 -1.173452E+02 -4.702709E+01 -1.841464E+02  8.354715E-06 -1.179004E+05  1.668019E+03
  8.440000E+03 -4.806049E-01 -6.090904E+00  4.736586E+00 -1.195346E+02 -5.307875E+01 -1.820128E+02 -5.363266E-04 -1.178646E+05  1.664501E+03
  8.440000E+03 -3.900770E-01 -6.042930E+00  4.854735E+00 -1.198890E+02 -5.493744E+01 -1.809557E+02 -7.537335E-04 -1.178432E+05  1.664439E+03
  8.440000E+03 -5.862362E-01 -6.193419E+00  4.666651E+00 -1.176547E+02 -4.787004E+01 -1.839137E+02 -5.638712E-05 -1.178963E+05  1.666917E+03
  8.440000E+03 -5.219841E-01 -6.125500E+00  4.698365E+00 -1.190975E+02 -5.156127E+01 -1.826114E+02 -4.223652E-04 -1.178716E+05  1.665662E+03
  8.440000E+03 -3.887937E-01 -6.041484E+00  4.856137E+00 -1.199090E+02 -5.499687E+01 -1.809284E+02 -7.528367E-04 -1.178432E+05  1.664396E+03
  8.440000E+03 -7.599444E-01 -6.163173E+00  4.284851E+00 -1.200209E+02 -5.185962E+01 -1.843378E+02 -6.208905E-04 -1.178764E+05  1.662416E+03
  8.440000E+03 -4.864951E-01 -6.114548E+00  4.760315E+00 -1.190638E+02 -5.177416E+01 -1.822637E+02 -4.487818E-04 -1.178660E+05  1.666043E+03
  8.440000E+03 -1.252153E+00 -6.316592E+00  3.485181E+00 -1.195938E+02 -4.690963E+01 -1.886696E+02 -6.904851E-04 -1.178852E+05  1.657864E+03
  8.440000E+03  2.616914E-01 -5.968611E+00  6.100887E+00 -1.155299E+02 -5.448961E+01 -1.739350E+02  3.611931E-05 -1.178600E+05  1.675875E+03
  8.440000E+03 -6.679549E-01 -6.159084E+00  4.427840E+00 -1.196366E+02 -5.118601E+01 -1.838661E+02 -4.538975E-04 -1.178807E+05  1.663333E+03
  8.440000E+03 -4.818465E-01 -6.086034E+00  4.728169E+00 -1.196640E+02 -5.334296E+01 -1.819572E+02 -5.287789E-04 -1.178658E+05  1.664085E+03
  8.440000E+03 -5.130847E-01 -6.102269E+00  4.686174E+00 -1.195293E+02 -5.270867E+01 -1.823241E+02 -4.495892E-04 -1.178737E+05  1.664061E+03
  8.440000E+03  1.261789E+00 -5.589129E+00  7.702837E+00 -1.126413E+02 -6.359710E+01 -1.595058E+02 -8.535088E-04 -1.177360E+05  1.690005E+03
  8.440000E+03 -4.933816E-01 -6.139922E+00  4.791809E+00 -1.183084E+02 -5.025164E+01 -1.826150E+02 -2.623478E-04 -1.178776E+05  1.667054E+03
  8.440000E+03 -4.406390E-01 -6.104761E+00  4.849899E+00 -1.188105E+02 -5.183228E+01 -1.818445E+02 -4.035100E-04 -1.178659E+05  1.666713E+03
  8.440000E+03 -9.244158E-01 -6.239708E+00  4.040185E+00 -1.191837E+02 -4.825466E+01 -1.864501E+02 -4.091463E-04 -1.178912E+05  1.661738E+03
  8.440000E+03 -1.268991E+00 -6.314761E+00  3.438531E+00 -1.197036E+02 -4.757883E+01 -1.887570E+02 -8.235268E-04 -1.178728E+05  1.656883E+03
  8.440000E+03 -5.604952E-01 -6.128085E+00  4.622452E+00 -1.193046E+02 -5.167919E+01 -1.828781E+02 -3.087042E-04 -1.178871E+05  1.664075E+03
  8.440000E+03 -6.238856E-01 -6.228819E+00  4.636975E+00 -1.171465E+02 -4.638478E+01 -1.843949E+02  1.034441E-04 -1.179063E+05  1.668492E+03
  8.440000E+03 -6.290685E-01 -6.245135E+00  4.644420E+00 -1.168420E+02 -4.571282E+01 -1.845404E+02  1.388012E-04 -1.179048E+05  1.669706E+03
  8.440000E+03 -4.888599E-01 -6.134508E+00  4.794704E+00 -1.183997E+02 -5.049080E+01 -1.825300E+02 -2.708451E-04 -1.178766E+05  1.666854E+03
  8.440000E+03 -4.417272E-01 -6.099955E+00  4.840581E+00 -1.189552E+02 -5.208535E+01 -1.818030E+02 -4.166678E-04 -1.178650E+05  1.666370E+03
  8.440000E+03 -6.131522E-01 -6.206932E+00  4.633174E+00 -1.175064E+02 -4.729217E+01 -1.841967E+02  5.766331E-05 -1.179057E+05  1.666971E+03
  8.440000E+03 -6.179044E-01 -6.246965E+00  4.669624E+00 -1.167180E+02 -4.554441E+01 -1.844651E+02  1.796559E-04 -1.179049E+05  1.670021E+03
  8.440000E+03 -5.943243E-01 -6.257999E+00  4.720486E+00 -1.165171E+02 -4.506918E+01 -1.842535E+02  2.157940E-04 -1.179028E+05  1.671447E+03
  8.440000E+03 -5.095150E-01 -6.092260E+00  4.681761E+00 -1.197414E+02 -5.321316E+01 -1.821738E+02 -4.538598E-04 -1.178741E+05  1.663470E+03
  8.440000E+03 -6.186843E-01 -6.213239E+00  4.630508E+00 -1.174107E+02 -4.702784E+01 -1.842695E+02  8.380178E-05 -1.179070E+05  1.667328E+03
  8.440000E+03 -5.033733E-01 -6.141083E+00  4.774436E+00 -1.183464E+02 -5.022360E+01 -1.827072E+02 -2.417662E-04 -1.178786E+05  1.666816E+03
  8.440000E+03 -6.219880E-01 -6.218243E+00  4.630056E+00 -1.173315E+02 -4.681984E+01 -1.843197E+02  1.003560E-04 -1.179076E+05  1.667648E+03
  8.440000E+03 -6.347244E-01 -6.247149E+00  4.637140E+00 -1.167943E+02 -4.562542E+01 -1.846113E+02  1.689348E-04 -1.179065E+05  1.669663E+03
  8.440000E+03  7.971957E-01 -5.815518E+00  6.926890E+00 -1.140184E+02 -5.911259E+01 -1.664802E+02  8.299267E-06 -1.178448E+05  1.683452E+03
  8.440000E+03 -6.332929E-01 -6.236957E+00  4.628273E+00 -1.170216E+02 -4.605170E+01 -1.845199E+02  1.503577E-04 -1.179084E+05  1.668830E+03
  8.440000E+03 -6.243497E-01 -6.220934E+00  4.628844E+00 -1.172900E+02 -4.670660E+01 -1.843509E+02  1.153209E-04 -1.179083E+05  1.667793E+03
  8.440000E+03 -5.849225E-01 -6.139909E+00  4.590848E+00 -1.192208E+02 -5.117047E+01 -1.831289E+02 -2.096598E-04 -1.178951E+05  1.664009E+03
  8.440000E+03  8.188562E-01 -5.798737E+00  6.967019E+00 -1.139466E+02 -5.948005E+01 -1.660854E+02  4.922387E-05 -1.178491E+05  1.683323E+03
  8.440000E+03 -5.412019E-01 -6.124336E+00  4.663285E+00 -1.192429E+02 -5.160838E+01 -1.827196E+02 -3.203277E-04 -1.178803E+05  1.664646E+03
  8.440000E+03 -9.725195E-01 -6.263579E+00  3.965731E+00 -1.189821E+02 -4.734789E+01 -1.869667E+02 -3.516026E-04 -1.178943E+05  1.662125E+03
  8.440000E+03 -7.682087E-01 -6.144292E+00  4.257055E+00 -1.204499E+02 -5.293528E+01 -1.841534E+02 -7.002430E-04 -1.178733E+05  1.660787E+03
  8.440000E+03 -9.735182E-01 -6.217175E+00  3.937922E+00 -1.201798E+02 -5.031960E+01 -1.861162E+02 -5.858191E-04 -1.178897E+05  1.659076E+03
  8.440000E+03 -6.241298E-01 -6.251505E+00  4.662259E+00 -1.166497E+02 -4.530985E+01 -1.845465E+02  2.434380E-04 -1.179092E+05  1.669947E+03
