  8.440000E+03  7.961118E+00  2.221454E-01  1.539441E+01 -6.386497E+01 -9.215988E+01 -3.908729E+01  5.881320E-04 -1.174099E+05  1.719749E+03
  8.440000E+03  8.750452E+00  6.312098E-01  1.630861E+01 -4.931589E+01 -8.797097E+01 -1.497050E+01  8.571815E-04 -1.173834E+05  1.740749E+03
  8.440000E+03  8.796036E+00  7.489243E-01  1.628735E+01 -4.911596E+01 -8.813291E+01 -1.447568E+01  7.035736E-04 -1.173750E+05  1.739898E+03
  8.440000E+03  8.738077E+00  6.071320E-01  1.631055E+01 -4.939284E+01 -8.795346E+01 -1.513038E+01  8.968993E-04 -1.173864E+05  1.740882E+03
  8.440000E+03  7.907647E+00  7.560482E-02  1.542631E+01 -6.401103E+01 -9.175581E+01 -3.963573E+01  6.600698E-04 -1.174119E+05  1.723022E+03
  8.440000E+03  8.792602E+00  7.435174E-01  1.628625E+01 -4.915411E+01 -8.813587E+01 -1.454290E+01  7.180435E-04 -1.173762E+05  1.739876E+03
  8.440000E+03  8.584431E+00  2.432902E-01  1.635932E+01 -5.005329E+01 -8.751808E+01 -1.664649E+01  1.387173E-03 -1.174256E+05  1.743981E+03
  8.440000E+03  9.030168E+00  9.553120E-01  1.655093E+01 -4.251733E+01 -8.649252E+01 -2.805817E+00  1.094994E-03 -1.173771E+05  1.746431E+03
  8.440000E+03  8.951729E+00  8.131715E-01  1.650669E+01 -4.402852E+01 -8.681235E+01 -5.733772E+00  1.233192E-03 -1.173990E+05  1.745242E+03
  8.440000E+03  8.631450E+00  3.399303E-01  1.634763E+01 -4.989803E+01 -8.766077E+01 -1.628874E+01  1.189802E-03 -1.174064E+05  1.743757E+03
  8.440000E+03  9.026022E+00  9.473188E-01  1.654776E+01 -4.262201E+01 -8.650268E+01 -2.966994E+00  1.136393E-03 -1.173792E+05  1.746287E+03
  8.440000E+03  7.870130E+00 -1.717057E-02  1.543297E+01 -6.421447E+01 -9.148882E+01 -4.012966E+01  7.743119E-04 -1.174219E+05  1.723790E+03
  8.440000E+03  8.665348E+00  4.539499E-01  1.631658E+01 -4.988788E+01 -8.784421E+01 -1.612854E+01  1.152478E-03 -1.174076E+05  1.741701E+03
  8.440000E+03  8.612071E+00  6.989899E-01  1.605857E+01 -5.280333E+01 -8.928092E+01 -2.091463E+01  9.704246E-04 -1.174245E+05  1.730795E+03
  8.440000E+03  8.772078E+00  7.029966E-01  1.628368E+01 -4.934160E+01 -8.812292E+01 -1.489416E+01  8.107386E-04 -1.173841E+05  1.739827E+03
  8.440000E+03  9.035275E+00  9.479368E-01  1.657267E+01 -4.200944E+01 -8.634032E+01 -1.945867E+00  1.281156E-03 -1.173813E+05  1.746633E+03
  8.440000E+03  8.220833E+00  2.819527E-01  1.573502E+01 -5.916063E+01 -9.050464E+01 -3.198113E+01  9.143357E-04 -1.174248E+05  1.725592E+03
  8.440000E+03  8.828697E+00  8.414779E-01  1.627814E+01 -4.886321E+01 -8.821471E+01 -1.393198E+01  6.316891E-04 -1.173701E+05  1.739199E+03
  8.440000E+03  8.683058E+00  5.110565E-01  1.630002E+01 -4.985329E+01 -8.793935E+01 -1.600600E+01  1.147284E-03 -1.174104E+05  1.740650E+03
  8.440000E+03  9.013126E+00  9.505314E-01  1.651570E+01 -4.320201E+01 -8.668006E+01 -4.109338E+00  1.160773E-03 -1.173873E+05  1.744638E+03
  8.440000E+03  7.833762E+00 -8.596214E-02  1.542362E+01 -6.446234E+01 -9.131047E+01 -4.081796E+01  9.005615E-04 -1.174342E+05  1.722748E+03
  8.440000E+03  8.761285E+00  6.766810E-01  1.628972E+01 -4.935836E+01 -8.807318E+01 -1.496566E+01  8.737383E-04 -1.173878E+05  1.739879E+03
  8.440000E+03  8.556274E+00  6.628325E-01  1.599675E+01 -5.404476E+01 -8.956721E+01 -2.309137E+01  8.562344E-04 -1.174136E+05  1.728517E+03
  8.440000E+03  8.773509E+00  7.168881E-01  1.627712E+01 -4.937504E+01 -8.815850E+01 -1.492690E+01  8.233646E-04 -1.173859E+05  1.739490E+03
  8.440000E+03  8.934018E+00  1.104995E+00  1.626953E+01 -4.784205E+01 -8.827754E+01 -1.193417E+01  4.106058E-04 -1.173519E+05  1.737159E+03
  8.440000E+03  8.767158E+00  7.005079E-01  1.627853E+01 -4.940719E+01 -8.813692E+01 -1.500341E+01  8.623146E-04 -1.173888E+05  1.739483E+03
  8.440000E+03  8.972101E+00  8.781651E-01  1.649675E+01 -4.387484E+01 -8.681080E+01 -5.336990E+00  1.284002E-03 -1.174021E+05  1.744265E+03
  8.440000E+03  8.064843E+00  4.868861E-01  1.531904E+01 -6.355641E+01 -9.290288E+01 -3.792525E+01  6.601155E-04 -1.174273E+05  1.713213E+03
  8.440000E+03  9.041263E+00  9.883295E-01  1.653975E+01 -4.254938E+01 -8.650677E+01 -2.851493E+00  1.156407E-03 -1.173786E+05  1.745422E+03
  8.440000E+03  8.209084E+00  2.605694E-01  1.573836E+01 -5.909917E+01 -9.044864E+01 -3.207605E+01  1.017174E-03 -1.174349E+05  1.725101E+03
  8.440000E+03  8.769680E+00  7.142910E-01  1.627298E+01 -4.943071E+01 -8.817063E+01 -1.502068E+01  8.596971E-04 -1.173893E+05  1.739244E+03
  8.440000E+03  8.917807E+00  1.067201E+00  1.626826E+01 -4.799184E+01 -8.829398E+01 -1.221380E+01  4.642675E-04 -1.173571E+05  1.737594E+03
  8.440000E+03  8.233077E+00  3.286996E-01  1.571093E+01 -5.929326E+01 -9.066249E+01 -3.204469E+01  8.987540E-04 -1.174243E+05  1.724325E+03
  8.440000E+03  9.048206E+00  1.008092E+00  1.653688E+01 -4.249528E+01 -8.650921E+01 -2.769968E+00  1.150011E-03 -1.173781E+05  1.745088E+03
  8.440000E+03  8.978296E+00  7.832071E-01  1.660125E+01 -4.244692E+01 -8.626999E+01 -2.656464E+00  1.439870E-03 -1.173820E+05  1.748793E+03
  8.440000E+03  8.214610E+00  2.655501E-01  1.575048E+01 -5.889782E+01 -9.038918E+01 -3.180680E+01  1.062486E-03 -1.174394E+05  1.724900E+03
  8.440000E+03  8.226083E+00  3.121886E-01  1.571551E+01 -5.925646E+01 -9.062045E+01 -3.207438E+01  9.441182E-04 -1.174285E+05  1.724428E+03
  8.440000E+03  7.889503E+00  2.280960E-02  1.543005E+01 -6.407684E+01 -9.161909E+01 -3.984427E+01  7.645054E-04 -1.174202E+05  1.723680E+03
  8.440000E+03  8.633679E+00  7.531676E-01  1.604475E+01 -5.277238E+01 -8.936640E+01 -2.072001E+01  9.466252E-04 -1.174222E+05  1.730028E+03
  8.440000E+03  9.048892E+00  1.010209E+00  1.653538E+01 -4.251560E+01 -8.651186E+01 -2.802665E+00  1.164982E-03 -1.173783E+05  1.744964E+03
  8.440000E+03  8.001005E+00  3.396579E-01  1.535209E+01 -6.377742E+01 -9.253927E+01 -3.870180E+01  6.765855E-04 -1.174234E+05  1.716364E+03
  8.440000E+03  8.665010E+00  4.461659E-01  1.631807E+01 -4.986521E+01 -8.781824E+01 -1.608674E+01  1.198714E-03 -1.174102E+05  1.741669E+03
  8.440000E+03  7.901316E+00 -5.238382E-02  1.550090E+01 -6.347107E+01 -9.103184E+01 -3.900808E+01  9.452021E-04 -1.174348E+05  1.724977E+03
  8.440000E+03  8.858032E+00  1.041824E+00  1.619727E+01 -4.935535E+01 -8.866312E+01 -1.449019E+01  5.527319E-04 -1.173710E+05  1.734440E+03
  8.440000E+03  7.903873E+00 -6.466509E-02  1.551192E+01 -6.335558E+01 -9.093168E+01 -3.887763E+01  9.920546E-04 -1.174386E+05  1.724937E+03
  8.440000E+03  8.233447E+00  3.386901E-01  1.570428E+01 -5.929183E+01 -9.069890E+01 -3.205502E+01  9.476330E-04 -1.174295E+05  1.723727E+03
  8.440000E+03  8.793599E+00  9.346802E-01  1.616042E+01 -5.064708E+01 -8.888307E+01 -1.672988E+01  4.382793E-04 -1.173591E+05  1.734475E+03
  8.440000E+03  8.436251E+00  5.110787E-01  1.588256E+01 -5.593729E+01 -8.999709E+01 -2.642378E+01  1.106980E-03 -1.174439E+05  1.726693E+03
  8.440000E+03  9.053333E+00  1.024181E+00  1.653176E+01 -4.251262E+01 -8.651943E+01 -2.803982E+00  1.173844E-03 -1.173782E+05  1.744630E+03
  8.440000E+03  8.660293E+00  4.580424E-01  1.629530E+01 -5.013760E+01 -8.791910E+01 -1.651084E+01  1.228634E-03 -1.174151E+05  1.740839E+03
  8.440000E+03  8.681872E+00  5.288202E-01  1.627453E+01 -5.013753E+01 -8.804744E+01 -1.641871E+01  1.186775E-03 -1.174151E+05  1.739678E+03
  8.440000E+03  8.758470E+00  6.990929E-01  1.627007E+01 -4.950464E+01 -8.816419E+01 -1.516922E+01  9.629191E-04 -1.173971E+05  1.738875E+03
  8.440000E+03  8.667000E+00  4.629153E-01  1.630406E+01 -4.996913E+01 -8.787040E+01 -1.623079E+01  1.241346E-03 -1.174152E+05  1.740863E+03
  8.440000E+03  9.049765E+00  1.013716E+00  1.653228E+01 -4.256057E+01 -8.651823E+01 -2.874610E+00  1.196656E-03 -1.173788E+05  1.744720E+03
  8.440000E+03  8.215428E+00  3.014511E-01  1.571545E+01 -5.922062E+01 -9.060938E+01 -3.215663E+01  1.033217E-03 -1.174372E+05  1.724022E+03
  8.440000E+03  7.994192E+00  3.133243E-01  1.535836E+01 -6.376285E+01 -9.246892E+01 -3.870258E+01  6.857834E-04 -1.174277E+05  1.717164E+03
  8.440000E+03  7.992033E+00  3.134429E-01  1.535702E+01 -6.379023E+01 -9.248048E+01 -3.876503E+01  6.882436E-04 -1.174260E+05  1.717105E+03
  8.440000E+03  8.710226E+00  6.014000E-01  1.626300E+01 -4.997616E+01 -8.812956E+01 -1.605347E+01  1.144616E-03 -1.174134E+05  1.738816E+03
  8.440000E+03  8.935437E+00  8.649566E-01  1.644426E+01 -4.495501E+01 -8.713674E+01 -7.310501E+00  1.318697E-03 -1.174122E+05  1.742552E+03
  8.440000E+03  8.809206E+00  9.804605E-01  1.616054E+01 -5.045800E+01 -8.891558E+01 -1.632840E+01  4.184379E-04 -1.173569E+05  1.734502E+03
  8.440000E+03  8.923796E+00  1.103718E+00  1.625266E+01 -4.803990E+01 -8.837590E+01 -1.222398E+01  5.006440E-04 -1.173609E+05  1.736900E+03
  8.440000E+03  7.988160E+00  3.067794E-01  1.535756E+01 -6.382259E+01 -9.247485E+01 -3.885209E+01  6.839593E-04 -1.174234E+05  1.717264E+03
  8.440000E+03  8.671243E+00  5.098079E-01  1.627343E+01 -5.029146E+01 -8.804779E+01 -1.669331E+01  1.185152E-03 -1.174129E+05  1.739814E+03
  8.440000E+03  8.998439E+00  9.660009E-01  1.646943E+01 -4.393008E+01 -8.688930E+01 -5.424566E+00  1.299461E-03 -1.174032E+05  1.742070E+03
  8.440000E+03  9.061338E+00  1.068879E+00  1.650983E+01 -4.270706E+01 -8.661027E+01 -3.175796E+00  1.172903E-03 -1.173807E+05  1.743194E+03
  8.440000E+03  8.949809E+00  1.170881E+00  1.624784E+01 -4.776140E+01 -8.838513E+01 -1.170614E+01  4.822311E-04 -1.173603E+05  1.736109E+03
  8.440000E+03  8.656270E+00  4.455838E-01  1.629387E+01 -5.012762E+01 -8.787338E+01 -1.649415E+01  1.347100E-03 -1.174252E+05  1.740241E+03
  8.440000E+03  9.061744E+00  1.068207E+00  1.651133E+01 -4.268212E+01 -8.660096E+01 -3.129528E+00  1.181190E-03 -1.173804E+05  1.743247E+03
  8.440000E+03  8.716360E+00  6.222372E-01  1.625635E+01 -4.999124E+01 -8.816606E+01 -1.604919E+01  1.141856E-03 -1.174131E+05  1.738411E+03
  8.440000E+03  9.036073E+00  9.784017E-01  1.653141E+01 -4.276490E+01 -8.652898E+01 -3.196230E+00  1.272246E-03 -1.173823E+05  1.744906E+03
  8.440000E+03  8.666177E+00  8.646615E-01  1.601828E+01 -5.285245E+01 -8.960507E+01 -2.072975E+01  7.461584E-04 -1.174010E+05  1.728572E+03
  8.440000E+03  8.681611E+00  4.778284E-01  1.630115E+01 -4.980049E+01 -8.782686E+01 -1.588434E+01  1.368026E-03 -1.174258E+05  1.740065E+03
  8.440000E+03  8.912168E+00  1.082533E+00  1.624787E+01 -4.824148E+01 -8.840378E+01 -1.256418E+01  5.216753E-04 -1.173616E+05  1.736903E+03
  8.440000E+03  8.769028E+00  7.383074E-01  1.625681E+01 -4.952244E+01 -8.823837E+01 -1.512385E+01  9.731493E-04 -1.173984E+05  1.738237E+03
  8.440000E+03  9.049187E+00  1.061192E+00  1.649385E+01 -4.302921E+01 -8.670276E+01 -3.748569E+00  1.236168E-03 -1.173880E+05  1.742535E+03
  8.440000E+03  8.661971E+00  4.810725E-01  1.627678E+01 -5.036168E+01 -8.799603E+01 -1.685990E+01  1.237966E-03 -1.174145E+05  1.739764E+03
  8.440000E+03  8.780748E+00  7.665141E-01  1.625363E+01 -4.945754E+01 -8.826558E+01 -1.496927E+01  9.369091E-04 -1.173954E+05  1.738073E+03
  8.440000E+03  8.701474E+00  8.781995E-01  1.604962E+01 -5.239516E+01 -8.942118E+01 -1.979857E+01  6.663623E-04 -1.173899E+05  1.730074E+03
  8.440000E+03  9.060527E+00  1.057011E+00  1.651755E+01 -4.262186E+01 -8.656683E+01 -3.007110E+00  1.215378E-03 -1.173799E+05  1.743563E+03
  8.440000E+03  8.673515E+00  4.919625E-01  1.628088E+01 -5.011978E+01 -8.793687E+01 -1.642052E+01  1.339649E-03 -1.174247E+05  1.739283E+03
  8.440000E+03  7.928590E+00 -2.260488E-03  1.549983E+01 -6.312894E+01 -9.117760E+01 -3.853251E+01  1.036441E-03 -1.174433E+05  1.724295E+03
  8.440000E+03  7.900698E+00  3.823349E-02  1.543387E+01 -6.391809E+01 -9.163236E+01 -3.958673E+01  8.315090E-04 -1.174256E+05  1.723460E+03
  8.440000E+03  8.811141E+00  1.012798E+00  1.613697E+01 -5.072943E+01 -8.906678E+01 -1.664206E+01  3.674654E-04 -1.173526E+05  1.734074E+03
  8.440000E+03  8.679756E+00  5.393419E-01  1.626400E+01 -5.035276E+01 -8.809717E+01 -1.675137E+01  1.168363E-03 -1.174099E+05  1.739170E+03
  8.440000E+03  8.260636E+00  3.837955E-01  1.574040E+01 -5.847826E+01 -9.059496E+01 -3.086681E+01  1.160913E-03 -1.174517E+05  1.723277E+03
  8.440000E+03  7.916368E+00  3.812166E-02  1.545840E+01 -6.356960E+01 -9.148645E+01 -3.910752E+01  9.159167E-04 -1.174332E+05  1.723346E+03
  8.440000E+03  9.062450E+00  1.104636E+00  1.645569E+01 -4.344900E+01 -8.689752E+01 -4.578597E+00  1.143050E-03 -1.173872E+05  1.740921E+03
  8.440000E+03  8.162705E+00  2.786516E-01  1.562602E+01 -6.068294E+01 -9.108072E+01 -3.411137E+01  7.459781E-04 -1.174081E+05  1.724853E+03
  8.440000E+03  9.019744E+00  9.279820E-01  1.653695E+01 -4.289321E+01 -8.652014E+01 -3.415214E+00  1.364824E-03 -1.173853E+05  1.745544E+03
  8.440000E+03  7.973119E+00  2.803429E-01  1.535432E+01 -6.395862E+01 -9.246560E+01 -3.916541E+01  6.965941E-04 -1.174199E+05  1.717737E+03
  8.440000E+03  8.845798E+00  9.448147E-01  1.623347E+01 -4.909195E+01 -8.843882E+01 -1.410630E+01  7.046468E-04 -1.173772E+05  1.736788E+03
  8.440000E+03  8.872581E+00  7.786060E-01  1.639188E+01 -4.654223E+01 -8.749257E+01 -1.004866E+01  1.262977E-03 -1.174079E+05  1.742434E+03
  8.440000E+03  8.236936E+00  3.800121E-01  1.569886E+01 -5.912767E+01 -9.081935E+01 -3.180898E+01  1.048114E-03 -1.174399E+05  1.723030E+03
  8.440000E+03  9.068268E+00  1.122015E+00  1.645232E+01 -4.341877E+01 -8.690934E+01 -4.513067E+00  1.140345E-03 -1.173864E+05  1.740760E+03
  8.440000E+03  8.756859E+00  7.290217E-01  1.624174E+01 -4.975973E+01 -8.829148E+01 -1.550229E+01  1.059471E-03 -1.174063E+05  1.737599E+03
  8.440000E+03  8.806544E+00  1.022242E+00  1.612378E+01 -5.100376E+01 -8.918514E+01 -1.708877E+01  2.597870E-04 -1.173412E+05  1.734078E+03
  8.440000E+03  8.271239E+00  4.538667E-01  1.568893E+01 -5.900375E+01 -9.092809E+01 -3.133756E+01  1.008699E-03 -1.174380E+05  1.721921E+03
  8.440000E+03  8.847657E+00  9.553220E-01  1.622855E+01 -4.911009E+01 -8.846536E+01 -1.411686E+01  7.152890E-04 -1.173783E+05  1.736572E+03
  8.440000E+03  9.061753E+00  1.071578E+00  1.650781E+01 -4.273578E+01 -8.660559E+01 -3.203541E+00  1.250230E-03 -1.173820E+05  1.742944E+03
  8.440000E+03  8.997939E+00  1.310047E+00  1.623419E+01 -4.720552E+01 -8.846281E+01 -1.063005E+01  4.564524E-04 -1.173600E+05  1.735349E+03
  8.440000E+03  8.812322E+00  8.713469E-01  1.623053E+01 -4.943310E+01 -8.842592E+01 -1.474759E+01  8.226351E-04 -1.173867E+05  1.736977E+03
  8.440000E+03 -2.157704E+00 -6.630359E+00  1.953765E+00 -1.143377E+02 -2.728801E+01 -1.966408E+02 -1.245496E-03 -1.178830E+05  1.658360E+03
  8.440000E+03 -1.773518E+00 -6.540687E+00  2.638612E+00 -1.153834E+02 -3.165994E+01 -1.948941E+02 -8.416734E-04 -1.179022E+05  1.659972E+03
  8.440000E+03 -2.306253E+00 -6.657843E+00  1.719082E+00 -1.128256E+02 -2.299922E+01 -1.977918E+02 -8.980187E-04 -1.179085E+05  1.658273E+03
  8.440000E+03 -1.305931E+00 -6.441704E+00  3.458718E+00 -1.165278E+02 -3.779279E+01 -1.912290E+02 -7.486440E-04 -1.179004E+05  1.665671E+03
  8.440000E+03 -1.229740E+00 -6.418658E+00  3.583027E+00 -1.166714E+02 -3.883827E+01 -1.906535E+02 -7.708161E-04 -1.178929E+05  1.665772E+03
  8.440000E+03 -2.163806E+00 -6.619391E+00  1.932828E+00 -1.148904E+02 -2.891865E+01 -1.963132E+02 -1.436855E-03 -1.178709E+05  1.656062E+03
  8.440000E+03 -1.883001E+00 -6.564328E+00  2.441949E+00 -1.151116E+02 -3.042426E+01 -1.955923E+02 -1.045043E-03 -1.178825E+05  1.659571E+03
  8.440000E+03 -1.802130E+00 -6.542566E+00  2.584806E+00 -1.154184E+02 -3.162331E+01 -1.950273E+02 -8.898878E-04 -1.178984E+05  1.659230E+03
  8.440000E+03 -1.768153E+00 -6.539222E+00  2.647432E+00 -1.154161E+02 -3.177720E+01 -1.948457E+02 -8.320744E-04 -1.179028E+05  1.659955E+03
  8.440000E+03 -6.051869E-01 -6.212607E+00  4.627028E+00 -1.174096E+02 -4.757787E+01 -1.845145E+02 -1.067290E-03 -1.178443E+05  1.669436E+03
  8.440000E+03 -1.359966E+00 -6.443385E+00  3.351781E+00 -1.167464E+02 -3.772810E+01 -1.916008E+02 -8.485136E-04 -1.178952E+05  1.663914E+03
  8.440000E+03 -1.346963E+00 -6.439938E+00  3.373226E+00 -1.167826E+02 -3.792623E+01 -1.914997E+02 -8.677712E-04 -1.178926E+05  1.664073E+03
  8.440000E+03 -2.169154E+00 -6.634010E+00  1.961494E+00 -1.134181E+02 -2.508722E+01 -1.972052E+02 -8.206943E-04 -1.179133E+05  1.659137E+03
  8.440000E+03 -1.048558E+00 -6.374183E+00  3.890456E+00 -1.168955E+02 -4.120646E+01 -1.890678E+02 -9.274600E-04 -1.178681E+05  1.668414E+03
  8.440000E+03 -1.252394E+00 -6.424484E+00  3.545060E+00 -1.166501E+02 -3.859993E+01 -1.908104E+02 -7.453875E-04 -1.178966E+05  1.665595E+03
  8.440000E+03 -6.047215E-01 -6.207962E+00  4.625758E+00 -1.174967E+02 -4.777107E+01 -1.844864E+02 -1.102229E-03 -1.178405E+05  1.669291E+03
  8.440000E+03 -2.103772E+00 -6.623957E+00  2.070544E+00 -1.138153E+02 -2.641815E+01 -1.968737E+02 -9.918770E-04 -1.178948E+05  1.660193E+03
  8.440000E+03 -1.879892E+00 -6.558398E+00  2.455558E+00 -1.152946E+02 -3.088750E+01 -1.954995E+02 -1.183966E-03 -1.178691E+05  1.659768E+03
  8.440000E+03 -1.170185E+00 -6.450560E+00  3.730039E+00 -1.157499E+02 -3.631866E+01 -1.904455E+02 -2.149461E-04 -1.179252E+05  1.668742E+03
  8.440000E+03 -2.180978E+00 -6.623028E+00  1.902386E+00 -1.148616E+02 -2.887486E+01 -1.963283E+02 -1.430641E-03 -1.178715E+05  1.655809E+03
  8.440000E+03 -2.167017E+00 -6.634702E+00  1.963008E+00 -1.134438E+02 -2.516016E+01 -1.971791E+02 -8.223480E-04 -1.179128E+05  1.659215E+03
  8.440000E+03 -1.273262E+00 -6.430161E+00  3.509863E+00 -1.165924E+02 -3.832456E+01 -1.909643E+02 -6.839585E-04 -1.179038E+05  1.665268E+03
  8.440000E+03 -1.866726E+00 -6.554991E+00  2.468622E+00 -1.153421E+02 -3.114298E+01 -1.954083E+02 -1.092182E-03 -1.178783E+05  1.659077E+03
  8.440000E+03 -6.173245E-01 -6.207130E+00  4.603565E+00 -1.175973E+02 -4.787674E+01 -1.845376E+02 -1.081105E-03 -1.178439E+05  1.668980E+03
  8.440000E+03 -8.980618E-01 -6.358341E+00  4.172285E+00 -1.165100E+02 -4.143498E+01 -1.876938E+02 -5.683181E-04 -1.178906E+05  1.670456E+03
  8.440000E+03 -1.086414E+00 -6.425894E+00  3.858285E+00 -1.160234E+02 -3.786545E+01 -1.896268E+02 -2.735160E-04 -1.179198E+05  1.669030E+03
  8.440000E+03 -6.204427E-01 -6.208940E+00  4.600853E+00 -1.175547E+02 -4.772533E+01 -1.845903E+02 -1.049204E-03 -1.178462E+05  1.668837E+03
  8.440000E+03 -2.275536E+00 -6.653571E+00  1.762803E+00 -1.131661E+02 -2.381581E+01 -1.975265E+02 -8.883515E-04 -1.179107E+05  1.657956E+03
  8.440000E+03 -2.155723E+00 -6.622954E+00  1.952400E+00 -1.146347E+02 -2.815494E+01 -1.964443E+02 -1.260775E-03 -1.178818E+05  1.657013E+03
  8.440000E+03 -1.379406E+00 -6.444204E+00  3.313377E+00 -1.168165E+02 -3.772043E+01 -1.916930E+02 -8.067190E-04 -1.179002E+05  1.663093E+03
  8.440000E+03 -8.254961E-01 -6.316656E+00  4.289076E+00 -1.168461E+02 -4.326267E+01 -1.868211E+02 -6.285496E-04 -1.178868E+05  1.669676E+03
  8.440000E+03 -2.144103E+00 -6.631505E+00  1.997809E+00 -1.136139E+02 -2.572642E+01 -1.970416E+02 -8.727409E-04 -1.179067E+05  1.659444E+03
  8.440000E+03 -2.214291E+00 -6.643856E+00  1.859085E+00 -1.139632E+02 -2.601704E+01 -1.969487E+02 -1.141453E-03 -1.178883E+05  1.658407E+03
  8.440000E+03 -1.754501E+00 -6.532045E+00  2.667263E+00 -1.155885E+02 -3.234120E+01 -1.946813E+02 -8.248978E-04 -1.179027E+05  1.659491E+03
  8.440000E+03 -1.747158E+00 -6.532593E+00  2.681065E+00 -1.155642E+02 -3.228890E+01 -1.946504E+02 -8.031927E-04 -1.179043E+05  1.659781E+03
  8.440000E+03 -6.429796E-01 -6.214158E+00  4.563292E+00 -1.175795E+02 -4.759221E+01 -1.847520E+02 -9.553687E-04 -1.178572E+05  1.668375E+03
  8.440000E+03 -2.544398E+00 -6.710997E+00  1.255933E+00 -1.138145E+02 -2.584113E+01 -1.967758E+02 -1.796056E-03 -1.178483E+05  1.652932E+03
  8.440000E+03 -2.157924E+00 -6.632939E+00  1.973579E+00 -1.136892E+02 -2.583473E+01 -1.970145E+02 -9.204907E-04 -1.179036E+05  1.659247E+03
  8.440000E+03 -1.017420E+00 -6.400364E+00  3.968617E+00 -1.162400E+02 -3.929389E+01 -1.889377E+02 -3.651481E-04 -1.179101E+05  1.669293E+03
  8.440000E+03 -7.402263E-01 -6.249949E+00  4.393022E+00 -1.176382E+02 -4.650598E+01 -1.857053E+02 -9.114091E-04 -1.178666E+05  1.668013E+03
  8.440000E+03 -1.433347E+00 -6.457275E+00  3.221699E+00 -1.167020E+02 -3.707249E+01 -1.920878E+02 -7.557936E-04 -1.179064E+05  1.662490E+03
  8.440000E+03 -1.318963E+00 -6.438956E+00  3.427709E+00 -1.166232E+02 -3.795549E+01 -1.912980E+02 -6.987107E-04 -1.179038E+05  1.664653E+03
  8.440000E+03 -2.255144E+00 -6.650867E+00  1.789984E+00 -1.134620E+02 -2.456838E+01 -1.973099E+02 -9.296193E-04 -1.179069E+05  1.657806E+03
  8.440000E+03 -1.034203E+00 -6.404823E+00  3.939655E+00 -1.162255E+02 -3.905611E+01 -1.890921E+02 -3.357544E-04 -1.179129E+05  1.669062E+03
  8.440000E+03 -2.169357E+00 -6.625026E+00  1.928047E+00 -1.145996E+02 -2.804741E+01 -1.964767E+02 -1.227924E-03 -1.178838E+05  1.656686E+03
  8.440000E+03 -9.964677E-01 -6.390475E+00  4.002067E+00 -1.163487E+02 -3.982591E+01 -1.887043E+02 -4.078224E-04 -1.179055E+05  1.669344E+03
  8.440000E+03 -2.099347E+00 -6.603283E+00  2.047450E+00 -1.153506E+02 -3.031140E+01 -1.958554E+02 -1.386324E-03 -1.178716E+05  1.656294E+03
  8.440000E+03 -1.202532E+00 -6.411170E+00  3.619291E+00 -1.167453E+02 -3.945920E+01 -1.903407E+02 -6.401539E-04 -1.179040E+05  1.665499E+03
  8.440000E+03 -2.250565E+00 -6.649822E+00  1.803384E+00 -1.133560E+02 -2.438402E+01 -1.973638E+02 -8.738170E-04 -1.179106E+05  1.658016E+03
  8.440000E+03 -2.685171E+00 -6.742114E+00  1.015562E+00 -1.131326E+02 -2.392397E+01 -1.970301E+02 -2.020238E-03 -1.178253E+05  1.652992E+03
  8.440000E+03 -1.195162E+00 -6.403373E+00  3.630560E+00 -1.168396E+02 -3.987212E+01 -1.902898E+02 -7.553964E-04 -1.178919E+05  1.665471E+03
  8.440000E+03 -1.197010E+00 -6.405721E+00  3.627393E+00 -1.168237E+02 -3.976085E+01 -1.902948E+02 -7.200045E-04 -1.178954E+05  1.665499E+03
  8.440000E+03 -2.174892E+00 -6.635761E+00  1.940311E+00 -1.135638E+02 -2.538242E+01 -1.971072E+02 -7.912003E-04 -1.179143E+05  1.658610E+03
  8.440000E+03 -7.299022E-01 -6.251480E+00  4.425240E+00 -1.173953E+02 -4.595076E+01 -1.857239E+02 -7.647458E-04 -1.178740E+05  1.667684E+03
  8.440000E+03 -8.893096E-01 -6.338706E+00  4.178307E+00 -1.167968E+02 -4.229625E+01 -1.875047E+02 -5.812544E-04 -1.178891E+05  1.669276E+03
  8.440000E+03 -1.748260E+00 -6.525141E+00  2.673279E+00 -1.157741E+02 -3.291809E+01 -1.945507E+02 -8.406240E-04 -1.179008E+05  1.658851E+03
  8.440000E+03 -2.157660E+00 -6.619523E+00  1.946156E+00 -1.148077E+02 -2.867152E+01 -1.963205E+02 -1.251449E-03 -1.178816E+05  1.656190E+03
  8.440000E+03 -1.314008E+00 -6.429659E+00  3.425158E+00 -1.168537E+02 -3.852906E+01 -1.911946E+02 -7.582549E-04 -1.178985E+05  1.663880E+03
  8.440000E+03 -2.522138E+00 -6.695992E+00  1.303994E+00 -1.137564E+02 -2.531918E+01 -1.969892E+02 -1.644561E-03 -1.178572E+05  1.652663E+03
  8.440000E+03 -1.314173E+00 -6.420767E+00  3.414757E+00 -1.171263E+02 -3.911015E+01 -1.911281E+02 -9.030012E-04 -1.178861E+05  1.663277E+03
  8.440000E+03 -1.189270E+00 -6.400402E+00  3.639647E+00 -1.168872E+02 -4.014049E+01 -1.902040E+02 -7.731471E-04 -1.178897E+05  1.665606E+03
  8.440000E+03 -1.319610E+00 -6.435554E+00  3.422078E+00 -1.166471E+02 -3.812973E+01 -1.912867E+02 -6.282939E-04 -1.179094E+05  1.663982E+03
  8.440000E+03 -1.726558E+00 -6.523335E+00  2.711465E+00 -1.157817E+02 -3.301586E+01 -1.944258E+02 -7.975528E-04 -1.179037E+05  1.659307E+03
  8.440000E+03 -1.326301E+00 -6.435016E+00  3.408478E+00 -1.167305E+02 -3.817118E+01 -1.913240E+02 -6.867699E-04 -1.179039E+05  1.663865E+03
  8.440000E+03 -8.465324E-01 -6.276728E+00  4.214361E+00 -1.176187E+02 -4.559137E+01 -1.867512E+02 -8.559219E-04 -1.178732E+05  1.666836E+03
  8.440000E+03 -1.319228E+00 -6.419251E+00  3.404373E+00 -1.171828E+02 -3.919567E+01 -1.911501E+02 -9.224327E-04 -1.178842E+05  1.662998E+03
  8.440000E+03 -2.230302E+00 -6.645206E+00  1.829828E+00 -1.140133E+02 -2.618581E+01 -1.969023E+02 -1.103378E-03 -1.178904E+05  1.657798E+03
  8.440000E+03 -2.250100E+00 -6.650616E+00  1.798185E+00 -1.135609E+02 -2.485515E+01 -1.972232E+02 -9.226410E-04 -1.179052E+05  1.657893E+03
  8.440000E+03 -1.312525E+00 -6.424507E+00  3.421986E+00 -1.169860E+02 -3.885188E+01 -1.911415E+02 -7.901875E-04 -1.178953E+05  1.663442E+03
  8.440000E+03 -1.740561E+00 -6.522026E+00  2.684302E+00 -1.158509E+02 -3.318397E+01 -1.944652E+02 -8.296272E-04 -1.179011E+05  1.658687E+03
  8.440000E+03 -2.213612E+00 -6.636711E+00  1.853712E+00 -1.142835E+02 -2.708153E+01 -1.967083E+02 -1.131064E-03 -1.178901E+05  1.656750E+03
  8.440000E+03 -2.187056E+00 -6.624870E+00  1.880792E+00 -1.152022E+02 -2.995906E+01 -1.960328E+02 -1.494527E-03 -1.178634E+05  1.655123E+03
  8.440000E+03 -1.327656E+00 -6.432566E+00  3.402849E+00 -1.167962E+02 -3.831629E+01 -1.913148E+02 -6.919733E-04 -1.179030E+05  1.663543E+03
  8.440000E+03 -1.266736E+00 -6.420478E+00  3.509095E+00 -1.167847E+02 -3.909888E+01 -1.908152E+02 -6.699774E-04 -1.179029E+05  1.664576E+03
  8.440000E+03 -2.152445E+00 -6.616488E+00  1.952680E+00 -1.149872E+02 -2.922790E+01 -1.961737E+02 -1.269023E-03 -1.178798E+05  1.655768E+03
  8.440000E+03 -1.320591E+00 -6.416174E+00  3.400156E+00 -1.172532E+02 -3.937341E+01 -1.911337E+02 -9.366907E-04 -1.178823E+05  1.662700E+03
  8.440000E+03 -7.358770E-01 -6.364765E+00  4.490283E+00 -1.156114E+02 -4.103652E+01 -1.861817E+02 -1.451060E-04 -1.179101E+05  1.674317E+03
  8.440000E+03 -2.183333E+00 -6.624270E+00  1.888204E+00 -1.152389E+02 -3.006541E+01 -1.959907E+02 -1.486817E-03 -1.178636E+05  1.655207E+03
  8.440000E+03 -9.923744E-01 -6.371046E+00  3.997322E+00 -1.166476E+02 -4.074258E+01 -1.885801E+02 -4.404288E-04 -1.179022E+05  1.667977E+03
  8.440000E+03 -2.184776E+00 -6.626366E+00  1.884310E+00 -1.153202E+02 -3.031366E+01 -1.959227E+02 -1.551334E-03 -1.178569E+05  1.655481E+03
  8.440000E+03 -1.868173E+00 -6.550409E+00  2.451948E+00 -1.155776E+02 -3.172139E+01 -1.952057E+02 -9.100857E-04 -1.178948E+05  1.657383E+03
  8.440000E+03 -2.455844E+00 -6.686971E+00  1.420858E+00 -1.143522E+02 -2.721616E+01 -1.965029E+02 -1.672085E-03 -1.178565E+05  1.653122E+03
  8.440000E+03 -1.867996E+00 -6.547684E+00  2.450461E+00 -1.156867E+02 -3.204405E+01 -1.951765E+02 -1.015837E-03 -1.178847E+05  1.657319E+03
  8.440000E+03 -1.311964E+00 -6.413571E+00  3.413930E+00 -1.172718E+02 -3.954278E+01 -1.910479E+02 -9.123901E-04 -1.178839E+05  1.662698E+03
  8.440000E+03 -8.010682E-01 -6.367366E+00  4.362098E+00 -1.159071E+02 -4.077766E+01 -1.868548E+02 -1.926343E-04 -1.179091E+05  1.672539E+03
  8.440000E+03 -9.087191E-01 -6.331129E+00  4.136706E+00 -1.169762E+02 -4.264287E+01 -1.876431E+02 -5.716349E-04 -1.178893E+05  1.668054E+03
  8.440000E+03 -7.882592E-01 -6.250000E+00  4.308894E+00 -1.177890E+02 -4.659117E+01 -1.860637E+02 -7.714917E-04 -1.178780E+05  1.666367E+03
  8.440000E+03 -7.948270E-01 -6.256414E+00  4.300670E+00 -1.177347E+02 -4.628654E+01 -1.861472E+02 -7.447485E-04 -1.178800E+05  1.666567E+03
  8.440000E+03 -1.378656E+00 -6.429123E+00  3.302348E+00 -1.171343E+02 -3.867045E+01 -1.914917E+02 -7.241837E-04 -1.179082E+05  1.661215E+03
  8.440000E+03 -2.248982E+00 -6.649727E+00  1.797846E+00 -1.138820E+02 -2.572830E+01 -1.969957E+02 -1.032277E-03 -1.178943E+05  1.657755E+03
  8.440000E+03 -8.559997E-01 -6.292605E+00  4.216743E+00 -1.173162E+02 -4.429338E+01 -1.869756E+02 -6.087168E-04 -1.178892E+05  1.666677E+03
  8.440000E+03 -1.867262E+00 -6.548100E+00  2.451273E+00 -1.156514E+02 -3.193792E+01 -1.951503E+02 -8.940533E-04 -1.178962E+05  1.656998E+03
  8.440000E+03 -2.247891E+00 -6.648243E+00  1.798916E+00 -1.139572E+02 -2.600009E+01 -1.969393E+02 -1.050662E-03 -1.178932E+05  1.657493E+03
  8.440000E+03 -1.302859E+00 -6.424147E+00  3.440694E+00 -1.169000E+02 -3.892372E+01 -1.910459E+02 -6.505866E-04 -1.179052E+05  1.663518E+03
  8.440000E+03 -2.227238E+00 -6.637922E+00  1.828824E+00 -1.142864E+02 -2.709592E+01 -1.967060E+02 -1.092914E-03 -1.178922E+05  1.656236E+03
  8.440000E+03 -2.250473E+00 -6.650400E+00  1.795308E+00 -1.138140E+02 -2.552688E+01 -1.970403E+02 -9.876399E-04 -1.178974E+05  1.657767E+03
  8.440000E+03 -3.194686E-01 -6.246116E+00  5.201140E+00 -1.158682E+02 -4.574485E+01 -1.814468E+02 -6.468229E-04 -1.178363E+05  1.679170E+03
  8.440000E+03 -2.165650E+00 -6.631146E+00  1.945444E+00 -1.139568E+02 -2.652997E+01 -1.968220E+02 -8.276015E-04 -1.179092E+05  1.657754E+03
  8.440000E+03 -1.043619E+00 -6.335304E+00  3.886083E+00 -1.173767E+02 -4.333568E+01 -1.885967E+02 -6.747908E-04 -1.178941E+05  1.665078E+03
