  8.440000E+03  7.806045E+00 -5.087013E-01  1.578442E+01 -6.195526E+01 -8.894709E+01 -3.823739E+01  4.643260E-04 -1.173973E+05  1.736273E+03
  8.440000E+03  7.918297E+00 -2.203961E-01  1.571253E+01 -6.184888E+01 -8.975518E+01 -3.718438E+01  3.687562E-04 -1.174037E+05  1.730770E+03
  8.440000E+03  7.917433E+00  1.408178E-01  1.544315E+01 -6.402033E+01 -9.192772E+01 -3.939212E+01 -2.506622E-04 -1.173731E+05  1.724657E+03
  8.440000E+03  7.847941E+00 -4.188917E-01  1.578697E+01 -6.172060E+01 -8.913600E+01 -3.758690E+01  3.656975E-04 -1.173900E+05  1.735659E+03
  8.440000E+03  7.630089E+00 -1.636956E-01  1.517327E+01 -6.739593E+01 -9.238524E+01 -4.550037E+01  3.530713E-04 -1.174516E+05  1.718935E+03
  8.440000E+03  7.416386E+00 -3.393953E-01  1.493086E+01 -7.012721E+01 -9.316497E+01 -5.057612E+01  2.661115E-04 -1.174564E+05  1.716225E+03
  8.440000E+03  7.376572E+00 -3.498679E-01  1.482510E+01 -7.124196E+01 -9.361308E+01 -5.201815E+01  1.289578E-04 -1.174474E+05  1.714931E+03
  8.440000E+03  7.738554E+00 -6.613474E-01  1.578415E+01 -6.229514E+01 -8.860471E+01 -3.923188E+01  6.329845E-04 -1.174080E+05  1.737668E+03
  8.440000E+03  7.791118E+00 -5.386583E-01  1.578051E+01 -6.206174E+01 -8.889237E+01 -3.848948E+01  5.144285E-04 -1.174007E+05  1.736415E+03
  8.440000E+03  7.977747E+00  1.616398E-01  1.551661E+01 -6.312449E+01 -9.161261E+01 -3.785256E+01 -2.427143E-04 -1.173684E+05  1.726763E+03
  8.440000E+03  7.837965E+00 -4.349324E-01  1.578426E+01 -6.179308E+01 -8.911299E+01 -3.775377E+01  3.939154E-04 -1.173917E+05  1.735714E+03
  8.440000E+03  7.941584E+00 -1.596877E-01  1.569620E+01 -6.184870E+01 -8.992958E+01 -3.696967E+01  3.489666E-04 -1.174035E+05  1.729750E+03
  8.440000E+03  8.055979E+00  8.734791E-02  1.565878E+01 -6.151746E+01 -9.061970E+01 -3.551612E+01  7.363361E-05 -1.173853E+05  1.728710E+03
  8.440000E+03  8.060297E+00  1.092843E-01  1.564642E+01 -6.162375E+01 -9.072311E+01 -3.555105E+01  2.264858E-05 -1.173824E+05  1.728603E+03
  8.440000E+03  7.978531E+00  1.472861E-01  1.552200E+01 -6.307886E+01 -9.153779E+01 -3.776491E+01 -1.850743E-04 -1.173734E+05  1.726952E+03
  8.440000E+03  7.010984E+00 -6.185000E-01  1.438462E+01 -7.544411E+01 -9.470434E+01 -5.926812E+01  8.825905E-04 -1.175506E+05  1.706033E+03
  8.440000E+03  8.059656E+00  9.851982E-02  1.565541E+01 -6.152050E+01 -9.065846E+01 -3.547516E+01  6.824982E-05 -1.173851E+05  1.728633E+03
  8.440000E+03  8.055586E+00  8.974393E-02  1.565670E+01 -6.152530E+01 -9.063547E+01 -3.552293E+01  8.558194E-05 -1.173864E+05  1.728646E+03
  8.440000E+03  7.424090E+00 -3.179822E-01  1.493076E+01 -7.004088E+01 -9.322784E+01 -5.036181E+01  3.286076E-04 -1.174626E+05  1.715863E+03
  8.440000E+03  7.962250E+00  8.653789E-02  1.552156E+01 -6.321903E+01 -9.128937E+01 -3.806840E+01 -1.040084E-05 -1.173890E+05  1.725900E+03
  8.440000E+03  8.006502E+00 -4.213810E-02  1.568954E+01 -6.158611E+01 -9.020345E+01 -3.608573E+01  2.001757E-04 -1.173909E+05  1.729559E+03
  8.440000E+03  8.037630E+00  9.985039E-02  1.561738E+01 -6.195609E+01 -9.084538E+01 -3.606177E+01  7.478289E-05 -1.173905E+05  1.728061E+03
  8.440000E+03  7.958108E+00 -1.207273E-01  1.568711E+01 -6.183774E+01 -9.003395E+01 -3.680616E+01  3.328540E-04 -1.174024E+05  1.729168E+03
  8.440000E+03  7.861449E+00 -3.777524E-01  1.577217E+01 -6.175494E+01 -8.927396E+01 -3.751318E+01  3.764850E-04 -1.173914E+05  1.734853E+03
  8.440000E+03  8.068993E+00  1.279638E-01  1.564553E+01 -6.155178E+01 -9.075905E+01 -3.539878E+01  3.977184E-05 -1.173836E+05  1.728340E+03
  8.440000E+03  7.986644E+00  1.896177E-01  1.550446E+01 -6.315610E+01 -9.168861E+01 -3.777184E+01 -2.047484E-04 -1.173729E+05  1.725827E+03
  8.440000E+03  7.803740E+00  7.284590E-02  1.529262E+01 -6.571552E+01 -9.254157E+01 -4.208340E+01 -9.017300E-05 -1.173984E+05  1.722353E+03
  8.440000E+03  7.287560E+00 -4.057199E-01  1.468842E+01 -7.264776E+01 -9.406138E+01 -5.406838E+01  2.212703E-04 -1.174625E+05  1.712925E+03
  8.440000E+03  7.928785E+00  2.003978E-01  1.541336E+01 -6.415084E+01 -9.220841E+01 -3.935580E+01 -2.593835E-04 -1.173738E+05  1.723780E+03
  8.440000E+03  8.050095E+00  1.227395E-01  1.562192E+01 -6.183402E+01 -9.088050E+01 -3.581815E+01  5.037682E-05 -1.173878E+05  1.728157E+03
  8.440000E+03  7.875389E+00 -3.387115E-01  1.575629E+01 -6.179101E+01 -8.940247E+01 -3.745592E+01  3.834415E-04 -1.173939E+05  1.733885E+03
  8.440000E+03  8.012941E+00 -1.624677E-02  1.567921E+01 -6.160712E+01 -9.031664E+01 -3.604189E+01  1.962953E-04 -1.173910E+05  1.729366E+03
  8.440000E+03  7.429718E+00 -3.000458E-01  1.492601E+01 -7.002599E+01 -9.329735E+01 -5.023555E+01  3.717986E-04 -1.174670E+05  1.715526E+03
  8.440000E+03  8.040866E+00  1.305400E-01  1.559877E+01 -6.206978E+01 -9.100618E+01 -3.615136E+01  4.622923E-05 -1.173894E+05  1.727593E+03
  8.440000E+03  8.070327E+00  1.422214E-01  1.563716E+01 -6.158418E+01 -9.082206E+01 -3.541731E+01  5.565949E-05 -1.173860E+05  1.727923E+03
  8.440000E+03  8.059704E+00  1.118320E-01  1.564637E+01 -6.154825E+01 -9.072939E+01 -3.549621E+01  1.070209E-04 -1.173889E+05  1.728264E+03
  8.440000E+03  7.436547E+00 -2.950158E-01  1.493281E+01 -6.995765E+01 -9.327672E+01 -5.007742E+01  3.750898E-04 -1.174667E+05  1.715707E+03
  8.440000E+03  7.992300E+00  1.058925E-01  1.554486E+01 -6.280724E+01 -9.125473E+01 -3.733231E+01  1.802248E-05 -1.173903E+05  1.727126E+03
  8.440000E+03  8.050526E+00  1.533367E-01  1.559682E+01 -6.200552E+01 -9.106880E+01 -3.601057E+01  3.032207E-05 -1.173882E+05  1.727448E+03
  8.440000E+03  7.707919E+00 -7.016456E-01  1.576593E+01 -6.259316E+01 -8.858191E+01 -3.984303E+01  6.989292E-04 -1.174125E+05  1.737648E+03
  8.440000E+03  7.439805E+00 -2.689559E-01  1.491830E+01 -7.003042E+01 -9.343061E+01 -5.013043E+01  3.400739E-04 -1.174643E+05  1.715083E+03
  8.440000E+03  7.790750E+00 -5.181301E-01  1.577143E+01 -6.211929E+01 -8.897226E+01 -3.852092E+01  5.587140E-04 -1.174030E+05  1.735922E+03
  8.440000E+03  7.806910E+00 -4.804747E-01  1.576927E+01 -6.205764E+01 -8.906493E+01 -3.830510E+01  5.175788E-04 -1.174003E+05  1.735584E+03
  8.440000E+03  7.971363E+00  2.497560E-01  1.544301E+01 -6.366190E+01 -9.213361E+01 -3.849131E+01 -2.664056E-04 -1.173705E+05  1.723608E+03
  8.440000E+03  8.059557E+00  1.182782E-01  1.564169E+01 -6.156609E+01 -9.076436E+01 -3.552041E+01  1.228197E-04 -1.173904E+05  1.728042E+03
  8.440000E+03  7.452140E+00 -2.334372E-01  1.490753E+01 -7.006524E+01 -9.358750E+01 -5.005160E+01  2.779655E-04 -1.174589E+05  1.714530E+03
  8.440000E+03  7.454439E+00 -2.943878E-01  1.496859E+01 -6.955832E+01 -9.310262E+01 -4.948109E+01  4.801610E-04 -1.174745E+05  1.716255E+03
  8.440000E+03  8.052058E+00  1.632418E-01  1.559511E+01 -6.197051E+01 -9.108894E+01 -3.593699E+01  7.155214E-05 -1.173923E+05  1.727121E+03
  8.440000E+03  7.455047E+00 -2.833799E-01  1.496189E+01 -6.960867E+01 -9.317270E+01 -4.952911E+01  4.489938E-04 -1.174718E+05  1.716055E+03
  8.440000E+03  8.068431E+00  1.527431E-01  1.562792E+01 -6.160891E+01 -9.087978E+01 -3.548329E+01  1.091201E-04 -1.173913E+05  1.727257E+03
  8.440000E+03  7.866139E+00  1.814189E-01  1.530821E+01 -6.517179E+01 -9.265369E+01 -4.096123E+01 -6.181086E-05 -1.174002E+05  1.720774E+03
  8.440000E+03  7.898047E+00 -2.469777E-01  1.570285E+01 -6.204080E+01 -8.975611E+01 -3.756518E+01  4.467873E-04 -1.174053E+05  1.730970E+03
  8.440000E+03  7.904458E+00 -2.248415E-01  1.569278E+01 -6.207690E+01 -8.983205E+01 -3.754465E+01  4.514664E-04 -1.174073E+05  1.730388E+03
  8.440000E+03  7.823869E+00 -4.374777E-01  1.576372E+01 -6.201057E+01 -8.918239E+01 -3.809795E+01  4.910511E-04 -1.173983E+05  1.735119E+03
  8.440000E+03  8.029096E+00  5.221515E-02  1.565008E+01 -6.167536E+01 -9.060228E+01 -3.594358E+01  1.986559E-04 -1.173941E+05  1.728456E+03
  8.440000E+03  7.726428E+00 -6.520939E-01  1.576493E+01 -6.249201E+01 -8.870280E+01 -3.953694E+01  6.882407E-04 -1.174118E+05  1.737096E+03
  8.440000E+03  7.844986E+00 -3.916695E-01  1.575769E+01 -6.194618E+01 -8.930134E+01 -3.785368E+01  4.546245E-04 -1.173963E+05  1.734576E+03
  8.440000E+03  7.911065E+00 -2.006273E-01  1.568125E+01 -6.212501E+01 -8.991849E+01 -3.753014E+01  4.587285E-04 -1.174093E+05  1.729775E+03
  8.440000E+03  8.067641E+00  1.722356E-01  1.561344E+01 -6.169326E+01 -9.097791E+01 -3.558001E+01  1.274199E-04 -1.173946E+05  1.726518E+03
  8.440000E+03  7.868452E+00 -3.349434E-01  1.574023E+01 -6.194622E+01 -8.947061E+01 -3.768386E+01  4.398733E-04 -1.173977E+05  1.733392E+03
  8.440000E+03  8.000200E+00 -3.931368E-02  1.567889E+01 -6.170513E+01 -9.026689E+01 -3.624661E+01  2.412435E-04 -1.173918E+05  1.729471E+03
  8.440000E+03  7.935913E+00 -1.329169E-01  1.565990E+01 -6.214784E+01 -9.011435E+01 -3.730856E+01  4.486945E-04 -1.174121E+05  1.728380E+03
  8.440000E+03  7.944100E+00  2.779479E-01  1.537143E+01 -6.426933E+01 -9.252906E+01 -3.938034E+01 -1.881008E-04 -1.173828E+05  1.721052E+03
  8.440000E+03  7.941727E+00  2.779354E-01  1.536662E+01 -6.431226E+01 -9.255096E+01 -3.944487E+01 -1.781433E-04 -1.173841E+05  1.720899E+03
  8.440000E+03  7.733184E+00 -6.319268E-01  1.576323E+01 -6.246362E+01 -8.875563E+01 -3.943320E+01  6.879631E-04 -1.174118E+05  1.736827E+03
  8.440000E+03  7.807113E+00 -4.671915E-01  1.576206E+01 -6.209916E+01 -8.912331E+01 -3.833608E+01  5.482559E-04 -1.174021E+05  1.735252E+03
  8.440000E+03  7.899351E+00 -2.318253E-01  1.569032E+01 -6.212908E+01 -8.983277E+01 -3.764513E+01  4.677775E-04 -1.174073E+05  1.730472E+03
  8.440000E+03  7.930931E+00  2.757539E-01  1.534538E+01 -6.450241E+01 -9.263756E+01 -3.973289E+01 -1.241243E-04 -1.173910E+05  1.720169E+03
  8.440000E+03  7.687458E+00 -7.275012E-01  1.575249E+01 -6.278917E+01 -8.857751E+01 -4.025311E+01  7.476165E-04 -1.174163E+05  1.737633E+03
  8.440000E+03  7.875041E+00  2.151603E-01  1.528246E+01 -6.529894E+01 -9.280749E+01 -4.103427E+01 -2.577248E-05 -1.174045E+05  1.719255E+03
  8.440000E+03  8.061044E+00  1.581054E-01  1.561533E+01 -6.168996E+01 -9.094997E+01 -3.566181E+01  1.723020E-04 -1.173968E+05  1.726582E+03
  8.440000E+03  8.002970E+00 -1.043733E-02  1.566133E+01 -6.176542E+01 -9.042812E+01 -3.629003E+01  2.562380E-04 -1.173950E+05  1.729053E+03
  8.440000E+03  7.890402E+00 -2.578364E-01  1.569993E+01 -6.211360E+01 -8.975391E+01 -3.770742E+01  4.698606E-04 -1.174051E+05  1.731137E+03
  8.440000E+03  8.003742E+00  2.979387E-01  1.545021E+01 -6.333573E+01 -9.212190E+01 -3.788062E+01 -1.500762E-04 -1.173801E+05  1.722230E+03
  8.440000E+03  7.700305E+00 -6.988183E-01  1.575512E+01 -6.269631E+01 -8.863775E+01 -4.001762E+01  7.365809E-04 -1.174153E+05  1.737410E+03
  8.440000E+03  7.963551E+00 -8.336119E-02  1.565334E+01 -6.207966E+01 -9.023578E+01 -3.696087E+01  4.037124E-04 -1.174081E+05  1.728173E+03
  8.440000E+03  8.099074E+00 -2.512331E-01  1.602741E+01 -5.731036E+01 -8.835117E+01 -3.008998E+01  1.235035E-03 -1.174600E+05  1.736342E+03
  8.440000E+03  7.998372E+00 -2.526065E-02  1.566610E+01 -6.177653E+01 -9.037584E+01 -3.633146E+01  2.632067E-04 -1.173941E+05  1.729331E+03
  8.440000E+03  8.055194E+00  2.233684E-01  1.555392E+01 -6.217009E+01 -9.135089E+01 -3.614661E+01  1.684180E-04 -1.174038E+05  1.724512E+03
  8.440000E+03  7.727624E+00 -6.940780E-01  1.582662E+01 -6.186992E+01 -8.844004E+01 -3.876308E+01  7.303491E-04 -1.174119E+05  1.739183E+03
  8.440000E+03  7.965963E+00 -3.709246E-01  1.595511E+01 -5.936340E+01 -8.852582E+01 -3.368207E+01  6.955413E-04 -1.174041E+05  1.737842E+03
  8.440000E+03  8.040740E+00  1.058516E-01  1.562576E+01 -6.173795E+01 -9.083441E+01 -3.589174E+01  2.106868E-04 -1.173968E+05  1.727678E+03
  8.440000E+03  8.050780E+00  1.805818E-01  1.558413E+01 -6.191468E+01 -9.111839E+01 -3.597479E+01  2.547408E-04 -1.174081E+05  1.725058E+03
  8.440000E+03  8.050146E+00  2.418159E-01  1.553219E+01 -6.239037E+01 -9.150302E+01 -3.643961E+01  1.177768E-04 -1.173999E+05  1.723993E+03
  8.440000E+03  7.967352E+00 -3.638103E-01  1.594927E+01 -5.940638E+01 -8.855296E+01 -3.373509E+01  7.023226E-04 -1.174049E+05  1.737513E+03
  8.440000E+03  7.991568E+00  3.366894E-01  1.540791E+01 -6.368737E+01 -9.243580E+01 -3.838643E+01 -1.973320E-04 -1.173780E+05  1.720833E+03
  8.440000E+03  7.994978E+00 -1.314945E-02  1.565103E+01 -6.186829E+01 -9.047553E+01 -3.646218E+01  2.977638E-04 -1.173986E+05  1.728863E+03
  8.440000E+03  7.857333E+00 -3.427162E-01  1.572820E+01 -6.209858E+01 -8.950129E+01 -3.794119E+01  4.922845E-04 -1.174007E+05  1.733144E+03
  8.440000E+03  7.863595E+00 -3.258182E-01  1.572174E+01 -6.211217E+01 -8.955613E+01 -3.791161E+01  4.896677E-04 -1.174014E+05  1.732746E+03
  8.440000E+03  7.833893E+00 -3.961838E-01  1.574220E+01 -6.211288E+01 -8.934738E+01 -3.813199E+01  5.258716E-04 -1.174012E+05  1.734111E+03
  8.440000E+03  7.977649E+00  3.548966E-01  1.536707E+01 -6.403783E+01 -9.267030E+01 -3.886684E+01 -1.734088E-04 -1.173837E+05  1.719486E+03
  8.440000E+03  7.912970E+00 -1.698741E-01  1.565419E+01 -6.232250E+01 -9.008465E+01 -3.770875E+01  4.999510E-04 -1.174132E+05  1.728799E+03
  8.440000E+03  7.988871E+00  3.475455E-01  1.539512E+01 -6.377512E+01 -9.251749E+01 -3.850730E+01 -1.811613E-04 -1.173802E+05  1.720258E+03
  8.440000E+03  7.997910E+00  1.447869E-02  1.563247E+01 -6.194913E+01 -9.061651E+01 -3.651804E+01  3.225550E-04 -1.174031E+05  1.728163E+03
  8.440000E+03  8.026243E+00  2.715512E-01  1.547832E+01 -6.292391E+01 -9.183958E+01 -3.727920E+01  7.441404E-05 -1.173985E+05  1.722145E+03
  8.440000E+03  7.794636E+00 -4.783813E-01  1.575350E+01 -6.220285E+01 -8.913310E+01 -3.855495E+01  6.178933E-04 -1.174070E+05  1.735020E+03
  8.440000E+03  8.550845E+00  2.007680E-01  1.647015E+01 -4.939248E+01 -8.723455E+01 -1.582962E+01  7.132558E-04 -1.173688E+05  1.748362E+03
  8.440000E+03  7.508393E+00 -1.125784E-01  1.490846E+01 -6.968899E+01 -9.387466E+01 -4.896244E+01  4.095845E-04 -1.174712E+05  1.712526E+03
  8.440000E+03  8.033232E+00  1.238144E-01  1.560017E+01 -6.191516E+01 -9.097660E+01 -3.614263E+01  2.857863E-04 -1.174057E+05  1.726536E+03
  8.440000E+03  8.028513E+00  2.849904E-01  1.547224E+01 -6.294039E+01 -9.188952E+01 -3.728402E+01  8.140811E-05 -1.173994E+05  1.721710E+03
  8.440000E+03  8.036819E+00  1.830374E-01  1.555772E+01 -6.214056E+01 -9.123432E+01 -3.633092E+01  3.538164E-04 -1.174185E+05  1.724027E+03
  8.440000E+03  7.736107E+00  1.328903E-01  1.511885E+01 -6.709129E+01 -9.346450E+01 -4.411167E+01  1.698064E-04 -1.174354E+05  1.715603E+03
  8.440000E+03  8.047925E+00 -2.562756E-01  1.594088E+01 -5.865559E+01 -8.863969E+01 -3.238333E+01  1.080435E-03 -1.174437E+05  1.733626E+03
  8.440000E+03  8.012395E+00  5.813648E-02  1.561952E+01 -6.194013E+01 -9.078157E+01 -3.635271E+01  3.013289E-04 -1.174025E+05  1.727928E+03
  8.440000E+03  7.816765E+00  2.143613E-01  1.518941E+01 -6.621343E+01 -9.331951E+01 -4.248186E+01  1.608346E-05 -1.174142E+05  1.717242E+03
  8.440000E+03  8.535052E+00  1.920399E-01  1.643154E+01 -5.004907E+01 -8.738903E+01 -1.689867E+01  6.691556E-04 -1.173698E+05  1.747733E+03
  8.440000E+03  8.547771E+00  1.946776E-01  1.646548E+01 -4.947652E+01 -8.723407E+01 -1.598272E+01  7.503455E-04 -1.173709E+05  1.748040E+03
  8.440000E+03  8.052072E+00  2.468092E-01  1.553107E+01 -6.225548E+01 -9.145558E+01 -3.630748E+01  3.154555E-04 -1.174175E+05  1.722522E+03
  8.440000E+03  7.846476E+00 -3.515666E-01  1.571718E+01 -6.223343E+01 -8.952438E+01 -3.818345E+01  5.416832E-04 -1.174043E+05  1.732876E+03
  8.440000E+03  7.664578E+00  5.677463E-02  1.504951E+01 -6.784830E+01 -9.358652E+01 -4.552719E+01  4.092721E-04 -1.174645E+05  1.713821E+03
  8.440000E+03  7.793901E+00 -4.715982E-01  1.574594E+01 -6.225768E+01 -8.917562E+01 -3.862737E+01  6.381124E-04 -1.174087E+05  1.734720E+03
  8.440000E+03  8.018908E+00  8.640909E-02  1.560644E+01 -6.197300E+01 -9.089959E+01 -3.632116E+01  3.093171E-04 -1.174046E+05  1.727425E+03
  8.440000E+03  8.042003E+00  3.142053E-01  1.546999E+01 -6.283975E+01 -9.192336E+01 -3.705563E+01  1.276974E-04 -1.174035E+05  1.720869E+03
  8.440000E+03  7.846478E+00 -3.464615E-01  1.571138E+01 -6.227474E+01 -8.955524E+01 -3.823327E+01  5.523037E-04 -1.174056E+05  1.732637E+03
  8.440000E+03  7.918667E+00 -1.310337E-01  1.562277E+01 -6.252579E+01 -9.029014E+01 -3.785090E+01  5.293674E-04 -1.174180E+05  1.727772E+03
  8.440000E+03  7.840118E+00 -3.609104E-01  1.571497E+01 -6.227913E+01 -8.951373E+01 -3.828781E+01  5.640824E-04 -1.174059E+05  1.732880E+03
  8.440000E+03  8.004830E+00  3.253028E-01  1.541602E+01 -6.347385E+01 -9.226507E+01 -3.808666E+01  3.860404E-05 -1.173977E+05  1.719654E+03
  8.440000E+03  7.910292E+00 -1.552878E-01  1.563312E+01 -6.249797E+01 -9.020508E+01 -3.791427E+01  5.320807E-04 -1.174159E+05  1.728254E+03
  8.440000E+03  7.923707E+00 -1.156538E-01  1.561396E+01 -6.256216E+01 -9.036409E+01 -3.783323E+01  5.286167E-04 -1.174188E+05  1.727609E+03
  8.440000E+03  7.820760E+00 -4.055930E-01  1.572729E+01 -6.227384E+01 -8.937974E+01 -3.843453E+01  6.021065E-04 -1.174071E+05  1.733616E+03
  8.440000E+03  8.023573E+00  1.302420E-01  1.557674E+01 -6.211695E+01 -9.109006E+01 -3.643581E+01  3.586342E-04 -1.174127E+05  1.725730E+03
  8.440000E+03  7.823127E+00 -3.982453E-01  1.572360E+01 -6.229053E+01 -8.940761E+01 -3.843631E+01  6.017949E-04 -1.174074E+05  1.733437E+03
  8.440000E+03  8.094268E+00 -1.508816E-01  1.595052E+01 -5.850052E+01 -8.882428E+01 -3.166051E+01  8.064208E-04 -1.174146E+05  1.734551E+03
  8.440000E+03  7.768696E+00 -5.195103E-01  1.574209E+01 -6.240901E+01 -8.908502E+01 -3.902568E+01  6.974007E-04 -1.174131E+05  1.735010E+03
  8.440000E+03  7.855502E+00 -3.098876E-01  1.568772E+01 -6.239815E+01 -8.971366E+01 -3.831258E+01  5.687658E-04 -1.174092E+05  1.731535E+03
  8.440000E+03  7.785436E+00 -4.804629E-01  1.573779E+01 -6.235706E+01 -8.918552E+01 -3.882028E+01  6.722592E-04 -1.174115E+05  1.734529E+03
  8.440000E+03  7.907589E+00 -1.557242E-01  1.562784E+01 -6.255363E+01 -9.023052E+01 -3.800115E+01  5.427048E-04 -1.174164E+05  1.728194E+03
  8.440000E+03  7.911965E+00 -1.422609E-01  1.562169E+01 -6.257444E+01 -9.028185E+01 -3.797611E+01  5.415656E-04 -1.174172E+05  1.727947E+03
  8.440000E+03  7.995566E+00  3.614181E-02  1.560613E+01 -6.215063E+01 -9.079065E+01 -3.673042E+01  3.674613E-04 -1.174063E+05  1.727669E+03
  8.440000E+03  8.016300E+00 -2.450562E-01  1.591721E+01 -5.940210E+01 -8.883806E+01 -3.338039E+01  7.076524E-04 -1.174057E+05  1.735063E+03
  8.440000E+03  8.057297E+00  2.885012E-01  1.550675E+01 -6.238921E+01 -9.163152E+01 -3.643216E+01  3.281971E-04 -1.174183E+05  1.721106E+03
  8.440000E+03  8.019396E+00  1.172273E-01  1.557954E+01 -6.213940E+01 -9.106640E+01 -3.649622E+01  3.593485E-04 -1.174104E+05  1.726193E+03
  8.440000E+03  8.006535E+00  3.783076E-01  1.538469E+01 -6.366296E+01 -9.253021E+01 -3.829299E+01 -6.205981E-08 -1.173951E+05  1.718115E+03
  8.440000E+03  7.980276E+00  5.415746E-03  1.560479E+01 -6.226471E+01 -9.072057E+01 -3.700817E+01  4.042220E-04 -1.174085E+05  1.727597E+03
  8.440000E+03  7.812012E+00 -4.141036E-01  1.571874E+01 -6.237303E+01 -8.939082E+01 -3.862804E+01  6.454739E-04 -1.174107E+05  1.733356E+03
  8.440000E+03  7.840461E+00 -3.401216E-01  1.569020E+01 -6.245649E+01 -8.964512E+01 -3.850555E+01  6.046576E-04 -1.174106E+05  1.731900E+03
  8.440000E+03  7.978811E+00  4.282162E-03  1.560290E+01 -6.228961E+01 -9.072598E+01 -3.704994E+01  4.088828E-04 -1.174087E+05  1.727549E+03
  8.440000E+03  8.566252E+00  2.496389E-01  1.644231E+01 -4.958711E+01 -8.733666E+01 -1.609244E+01  7.731738E-04 -1.173724E+05  1.746697E+03
  8.440000E+03  8.138500E+00 -1.238295E-01  1.597681E+01 -5.762907E+01 -8.872947E+01 -3.035074E+01  1.114965E-03 -1.174456E+05  1.733787E+03
  8.440000E+03  7.984881E+00  1.943107E-02  1.560040E+01 -6.227067E+01 -9.077309E+01 -3.696905E+01  3.968775E-04 -1.174077E+05  1.727488E+03
  8.440000E+03  8.063858E+00 -2.015101E-01  1.590362E+01 -5.890971E+01 -8.885959E+01 -3.272093E+01  1.061146E-03 -1.174407E+05  1.731860E+03
  8.440000E+03  8.044139E+00  2.471887E-01  1.551656E+01 -6.238386E+01 -9.152161E+01 -3.656509E+01  3.846017E-04 -1.174206E+05  1.721833E+03
  8.440000E+03  7.765712E+00 -5.149257E-01  1.573095E+01 -6.250540E+01 -8.913514E+01 -3.917486E+01  7.228840E-04 -1.174151E+05  1.734626E+03
  8.440000E+03  8.015796E+00  1.069605E-01  1.558104E+01 -6.216950E+01 -9.105185E+01 -3.656014E+01  3.594010E-04 -1.174082E+05  1.726571E+03
  8.440000E+03  8.029643E+00  1.820223E-01  1.554327E+01 -6.230616E+01 -9.131482E+01 -3.660573E+01  3.904686E-04 -1.174168E+05  1.723866E+03
  8.440000E+03  8.018132E+00  1.204612E-01  1.557365E+01 -6.219977E+01 -9.110304E+01 -3.657636E+01  3.668514E-04 -1.174097E+05  1.726095E+03
  8.440000E+03  7.839675E+00 -3.340854E-01  1.568051E+01 -6.253355E+01 -8.969415E+01 -3.861381E+01  6.201306E-04 -1.174119E+05  1.731557E+03
  8.440000E+03  7.915709E+00 -1.213876E-01  1.560483E+01 -6.268029E+01 -9.040995E+01 -3.806205E+01  5.475958E-04 -1.174174E+05  1.727633E+03
  8.440000E+03  8.007946E+00  3.926756E-01  1.537234E+01 -6.370687E+01 -9.259774E+01 -3.835398E+01  5.323279E-05 -1.173999E+05  1.717193E+03
  8.440000E+03  7.919138E+00 -1.126674E-01  1.560169E+01 -6.268308E+01 -9.044465E+01 -3.803402E+01  5.431799E-04 -1.174173E+05  1.727561E+03
  8.440000E+03  8.054327E+00  3.886422E-01  1.543167E+01 -6.294818E+01 -9.219952E+01 -3.708747E+01  2.234956E-04 -1.174132E+05  1.718068E+03
  8.440000E+03  7.882987E+00 -2.097816E-01  1.563286E+01 -6.266191E+01 -9.012292E+01 -3.838829E+01  5.754476E-04 -1.174142E+05  1.729034E+03
  8.440000E+03  8.067711E+00  3.583265E-01  1.546995E+01 -6.260592E+01 -9.192226E+01 -3.660381E+01  2.788728E-04 -1.174145E+05  1.719142E+03
  8.440000E+03  8.033308E+00  4.154745E-01  1.539173E+01 -6.336994E+01 -9.250813E+01 -3.775888E+01  1.148341E-04 -1.174047E+05  1.717096E+03
  8.440000E+03  8.055741E+00  3.950602E-01  1.542855E+01 -6.295295E+01 -9.222137E+01 -3.708163E+01  2.352147E-04 -1.174143E+05  1.717823E+03
  8.440000E+03  8.018237E+00  1.281531E-01  1.556691E+01 -6.225201E+01 -9.114761E+01 -3.663708E+01  3.727800E-04 -1.174097E+05  1.725837E+03
  8.440000E+03  8.046472E+00  2.690646E-01  1.550283E+01 -6.246739E+01 -9.161951E+01 -3.665185E+01  3.901678E-04 -1.174206E+05  1.721076E+03
  8.440000E+03  8.021978E+00  1.496296E-01  1.555567E+01 -6.229679E+01 -9.122544E+01 -3.666061E+01  3.821950E-04 -1.174119E+05  1.725054E+03
  8.440000E+03  7.994806E+00  4.424876E-01  1.532531E+01 -6.408734E+01 -9.297538E+01 -3.883324E+01 -1.267247E-05 -1.173973E+05  1.715793E+03
  8.440000E+03  8.009946E+00  9.196083E-02  1.558237E+01 -6.222430E+01 -9.103043E+01 -3.667019E+01  3.602703E-04 -1.174052E+05  1.727036E+03
  8.440000E+03  7.770545E+00 -4.931818E-01  1.571766E+01 -6.258403E+01 -8.923014E+01 -3.923826E+01  7.329183E-04 -1.174159E+05  1.734034E+03
  8.440000E+03  8.010459E+00  9.525587E-02  1.558039E+01 -6.223467E+01 -9.104525E+01 -3.667810E+01  3.616677E-04 -1.174054E+05  1.726945E+03
  8.440000E+03  7.744168E+00 -5.770440E-01  1.575104E+01 -6.231705E+01 -8.892581E+01 -3.914777E+01  8.888054E-04 -1.174299E+05  1.735213E+03
  8.440000E+03  8.584178E+00  2.869313E-01  1.642193E+01 -4.961029E+01 -8.741624E+01 -1.608981E+01  8.443993E-04 -1.173787E+05  1.745635E+03
  8.440000E+03  8.029720E+00 -2.070730E-01  1.588332E+01 -5.960913E+01 -8.901430E+01 -3.357327E+01  7.685618E-04 -1.174105E+05  1.733767E+03
  8.440000E+03  7.907155E+00 -1.316107E-01  1.559956E+01 -6.277619E+01 -9.042091E+01 -3.826550E+01  5.604556E-04 -1.174163E+05  1.727664E+03
  8.440000E+03  8.004512E+00  4.258834E-01  1.534337E+01 -6.389350E+01 -9.280713E+01 -3.859087E+01  6.782965E-05 -1.174022E+05  1.715859E+03
  8.440000E+03  8.049330E+00  2.909556E-01  1.549017E+01 -6.253823E+01 -9.171205E+01 -3.671717E+01  3.917988E-04 -1.174207E+05  1.720340E+03
  8.440000E+03  7.799888E+00 -4.195080E-01  1.569610E+01 -6.260639E+01 -8.946105E+01 -3.902985E+01  7.056860E-04 -1.174152E+05  1.732706E+03
  8.440000E+03  8.212262E+00 -1.694731E-02  1.601000E+01 -5.655194E+01 -8.881830E+01 -2.846058E+01  1.220385E-03 -1.174556E+05  1.734349E+03
  8.440000E+03  8.007095E+00  8.752261E-02  1.558033E+01 -6.227232E+01 -9.103569E+01 -3.674942E+01  3.633148E-04 -1.174039E+05  1.727138E+03
  8.440000E+03  7.803738E+00  2.762009E-01  1.510594E+01 -6.680888E+01 -9.382196E+01 -4.324064E+01  1.152617E-04 -1.174243E+05  1.713360E+03
  8.440000E+03  7.870898E+00 -2.311724E-01  1.563049E+01 -6.275891E+01 -9.010376E+01 -3.863330E+01  5.877053E-04 -1.174121E+05  1.729346E+03
  8.440000E+03  7.866336E+00 -2.435028E-01  1.563437E+01 -6.275526E+01 -9.006456E+01 -3.867389E+01  5.923707E-04 -1.174118E+05  1.729568E+03
  8.440000E+03  8.466811E+00  2.545837E-01  1.620554E+01 -5.306392E+01 -8.828864E+01 -2.216992E+01  7.476366E-04 -1.173929E+05  1.738283E+03
  8.440000E+03  8.029674E+00  2.042552E-01  1.552445E+01 -6.245585E+01 -9.144318E+01 -3.679206E+01  4.011005E-04 -1.174153E+05  1.723096E+03
  8.440000E+03  8.061314E+00  4.366459E-01  1.540573E+01 -6.304697E+01 -9.240435E+01 -3.715099E+01  2.536142E-04 -1.174157E+05  1.716545E+03
  8.440000E+03  8.066867E+00  3.798441E-01  1.545044E+01 -6.270959E+01 -9.203399E+01 -3.676038E+01  3.432980E-04 -1.174197E+05  1.717824E+03
  8.440000E+03  8.001183E+00  4.789381E-01  1.530579E+01 -6.414329E+01 -9.312361E+01 -3.884313E+01  2.650578E-05 -1.174012E+05  1.714474E+03
  8.440000E+03  7.803443E+00 -4.050351E-01  1.568604E+01 -6.267187E+01 -8.952832E+01 -3.909305E+01  7.064507E-04 -1.174151E+05  1.732283E+03
  8.440000E+03  8.595734E+00  3.548617E-01  1.635751E+01 -5.049959E+01 -8.775622E+01 -1.747514E+01  5.617472E-04 -1.173596E+05  1.744096E+03
  8.440000E+03  8.066576E+00  3.896868E-01  1.544213E+01 -6.275818E+01 -9.208587E+01 -3.681655E+01  3.561363E-04 -1.174215E+05  1.717354E+03
  8.440000E+03  8.006955E+00 -2.127098E-01  1.584357E+01 -6.003353E+01 -8.915055E+01 -3.425755E+01  8.710293E-04 -1.174224E+05  1.732556E+03
  8.440000E+03  7.965805E+00  5.757798E-03  1.557550E+01 -6.260195E+01 -9.084015E+01 -3.754417E+01  4.566006E-04 -1.174091E+05  1.726653E+03
  8.440000E+03  7.807426E+00 -3.923989E-01  1.567968E+01 -6.270343E+01 -8.957786E+01 -3.910554E+01  7.036623E-04 -1.174149E+05  1.731976E+03
  8.440000E+03  8.063369E+00  4.108830E-01  1.542068E+01 -6.289764E+01 -9.223123E+01 -3.697160E+01  3.777484E-04 -1.174259E+05  1.716538E+03
  8.440000E+03  8.099649E+00 -7.931998E-02  1.588759E+01 -5.909649E+01 -8.919372E+01 -3.245074E+01  7.488705E-04 -1.174072E+05  1.732388E+03
  8.440000E+03  8.023847E+00  1.824975E-01  1.553121E+01 -6.246886E+01 -9.139155E+01 -3.685637E+01  3.971584E-04 -1.174119E+05  1.723890E+03
  8.440000E+03  7.830999E+00 -3.293267E-01  1.565729E+01 -6.275920E+01 -8.979400E+01 -3.899208E+01  6.700924E-04 -1.174138E+05  1.730777E+03
  8.440000E+03  8.359772E+00  1.663573E-01  1.611111E+01 -5.470552E+01 -8.859880E+01 -2.519370E+01  9.038472E-04 -1.174160E+05  1.735135E+03
  8.440000E+03  8.063951E+00  4.238538E-01  1.541184E+01 -6.294965E+01 -9.230544E+01 -3.702106E+01  3.730986E-04 -1.174256E+05  1.716250E+03
  8.440000E+03  7.825852E+00 -3.407888E-01  1.565962E+01 -6.276732E+01 -8.976029E+01 -3.904498E+01  6.818811E-04 -1.174143E+05  1.730919E+03
  8.440000E+03  7.837952E+00 -3.079223E-01  1.564793E+01 -6.279963E+01 -8.987835E+01 -3.898794E+01  6.548898E-04 -1.174129E+05  1.730390E+03
  8.440000E+03  8.063622E+00  4.124046E-01  1.541869E+01 -6.289361E+01 -9.223502E+01 -3.697473E+01  4.098572E-04 -1.174283E+05  1.716285E+03
  8.440000E+03  8.351637E+00  1.531098E-01  1.610606E+01 -5.476743E+01 -8.860411E+01 -2.533166E+01  9.594642E-04 -1.174218E+05  1.735023E+03
  8.440000E+03  8.000037E+00  5.046682E-01  1.528255E+01 -6.428368E+01 -9.328760E+01 -3.899726E+01  4.783854E-05 -1.174039E+05  1.713447E+03
  8.440000E+03  8.031781E+00  2.340429E-01  1.550382E+01 -6.258814E+01 -9.158426E+01 -3.693992E+01  4.141503E-04 -1.174160E+05  1.721983E+03
  8.440000E+03  8.548855E+00  3.699664E-01  1.624723E+01 -5.211939E+01 -8.821928E+01 -2.049477E+01  5.167405E-04 -1.173641E+05  1.738914E+03
  8.440000E+03  8.067603E+00  4.549354E-01  1.539627E+01 -6.304341E+01 -9.246035E+01 -3.710342E+01  3.199516E-04 -1.174206E+05  1.715750E+03
  8.440000E+03  7.900588E+00 -1.244818E-01  1.558124E+01 -6.296458E+01 -9.053435E+01 -3.856564E+01  5.666477E-04 -1.174138E+05  1.727380E+03
