  8.440000E+03 -4.692950E-01 -6.064431E+00  4.731254E+00 -1.200393E+02 -5.434740E+01 -1.816172E+02 -5.442523E-04 -1.178653E+05  1.663041E+03
  8.440000E+03 -6.181768E-01 -6.201601E+00  4.614891E+00 -1.176448E+02 -4.753405E+01 -1.842085E+02  9.753215E-05 -1.179098E+05  1.666141E+03
  8.440000E+03 -1.216922E-01 -6.049784E+00  5.456561E+00 -1.169501E+02 -5.179384E+01 -1.787456E+02  2.444919E-05 -1.178710E+05  1.669622E+03
  8.440000E+03 -5.332036E-01 -6.118285E+00  4.674901E+00 -1.193019E+02 -5.178488E+01 -1.826148E+02 -3.182697E-04 -1.178794E+05  1.664422E+03
  8.440000E+03 -5.930125E-01 -6.260904E+00  4.719315E+00 -1.165069E+02 -4.500590E+01 -1.842839E+02  2.199565E-04 -1.178978E+05  1.671747E+03
  8.440000E+03 -4.924239E-01 -6.074570E+00  4.697641E+00 -1.200061E+02 -5.400265E+01 -1.818504E+02 -4.854721E-04 -1.178714E+05  1.662906E+03
  8.440000E+03 -7.731565E-01 -6.165319E+00  4.258557E+00 -1.201513E+02 -5.182740E+01 -1.844064E+02 -5.686092E-04 -1.178773E+05  1.661984E+03
  8.440000E+03  3.280173E-01 -5.893447E+00  6.152052E+00 -1.162653E+02 -5.678824E+01 -1.729166E+02 -6.689089E-05 -1.178531E+05  1.673826E+03
  8.440000E+03 -4.679657E-01 -6.094009E+00  4.781041E+00 -1.193105E+02 -5.246649E+01 -1.819461E+02 -3.850603E-04 -1.178689E+05  1.664903E+03
  8.440000E+03  3.717453E-02 -6.000648E+00  5.704937E+00 -1.166436E+02 -5.348725E+01 -1.766427E+02  2.533639E-04 -1.178925E+05  1.670434E+03
  8.440000E+03 -6.309361E-01 -6.241254E+00  4.640737E+00 -1.168648E+02 -4.585587E+01 -1.845317E+02  1.889662E-04 -1.179091E+05  1.669282E+03
  8.440000E+03 -6.179684E-01 -6.205797E+00  4.624396E+00 -1.175436E+02 -4.731796E+01 -1.842180E+02  1.172636E-04 -1.179094E+05  1.666621E+03
  8.440000E+03 -7.525856E-01 -6.138689E+00  4.278303E+00 -1.205187E+02 -5.298451E+01 -1.839748E+02 -5.907042E-04 -1.178815E+05  1.660304E+03
  8.440000E+03 -4.592799E-01 -6.053846E+00  4.740696E+00 -1.201815E+02 -5.480949E+01 -1.814310E+02 -5.601855E-04 -1.178641E+05  1.662688E+03
  8.440000E+03 -6.174334E-01 -6.218287E+00  4.641986E+00 -1.172928E+02 -4.679861E+01 -1.842622E+02  1.364260E-04 -1.179081E+05  1.667871E+03
  8.440000E+03 -5.067790E-01 -6.102523E+00  4.714018E+00 -1.194280E+02 -5.228783E+01 -1.822901E+02 -3.388069E-04 -1.178754E+05  1.664151E+03
  8.440000E+03 -5.615615E-01 -6.176748E+00  4.698772E+00 -1.179562E+02 -4.881484E+01 -1.834727E+02 -1.142733E-04 -1.178863E+05  1.667463E+03
  8.440000E+03 -4.872498E-01 -6.122062E+00  4.784769E+00 -1.186948E+02 -5.111243E+01 -1.823787E+02 -2.734438E-04 -1.178745E+05  1.666257E+03
  8.440000E+03 -6.230554E-01 -6.229673E+00  4.643434E+00 -1.170870E+02 -4.633685E+01 -1.843708E+02  1.741524E-04 -1.179097E+05  1.668600E+03
  8.440000E+03 -6.135306E-01 -6.217043E+00  4.648882E+00 -1.172939E+02 -4.684637E+01 -1.842161E+02  1.379071E-04 -1.179077E+05  1.667927E+03
  8.440000E+03 -5.821857E-01 -6.126807E+00  4.583058E+00 -1.195278E+02 -5.186145E+01 -1.829186E+02 -2.085551E-04 -1.178969E+05  1.663225E+03
  8.440000E+03 -6.378282E-01 -6.254298E+00  4.629160E+00 -1.166641E+02 -4.510060E+01 -1.847366E+02  3.464093E-04 -1.179195E+05  1.668841E+03
  8.440000E+03 -4.068193E-01 -6.165138E+00  4.989411E+00 -1.170817E+02 -4.862175E+01 -1.820729E+02  4.235986E-05 -1.178854E+05  1.670222E+03
  8.440000E+03 -5.550959E-01 -6.167928E+00  4.705840E+00 -1.180868E+02 -4.915591E+01 -1.833434E+02 -1.261288E-04 -1.178852E+05  1.667112E+03
  8.440000E+03 -4.903267E-01 -6.122196E+00  4.779475E+00 -1.187128E+02 -5.111885E+01 -1.824001E+02 -2.636894E-04 -1.178750E+05  1.666185E+03
  8.440000E+03 -4.942038E-01 -6.124467E+00  4.774772E+00 -1.186823E+02 -5.101568E+01 -1.824553E+02 -2.532394E-04 -1.178758E+05  1.666185E+03
  8.440000E+03  3.566833E-01 -5.909056E+00  6.207598E+00 -1.159279E+02 -5.640066E+01 -1.725773E+02  1.364196E-05 -1.178565E+05  1.675371E+03
  8.440000E+03 -6.615749E-01 -6.263371E+00  4.598665E+00 -1.165868E+02 -4.495353E+01 -1.849144E+02  3.290913E-04 -1.179225E+05  1.669510E+03
  8.440000E+03 -4.336249E-01 -6.072916E+00  4.824135E+00 -1.195506E+02 -5.330177E+01 -1.814592E+02 -4.079976E-04 -1.178657E+05  1.664589E+03
  8.440000E+03  3.080867E-01 -5.959895E+00  6.155383E+00 -1.155411E+02 -5.497553E+01 -1.732841E+02  1.589876E-04 -1.178681E+05  1.676476E+03
  8.440000E+03 -1.272620E-01 -6.032349E+00  5.447267E+00 -1.172419E+02 -5.279812E+01 -1.785177E+02 -9.995730E-05 -1.178684E+05  1.670319E+03
  8.440000E+03  4.641321E-01 -5.805522E+00  6.306813E+00 -1.166979E+02 -5.933005E+01 -1.710795E+02 -2.132894E-04 -1.178396E+05  1.672701E+03
  8.440000E+03  1.276048E+00 -5.539854E+00  7.672355E+00 -1.131244E+02 -6.528399E+01 -1.593490E+02 -1.119743E-03 -1.177075E+05  1.691235E+03
  8.440000E+03  4.821133E-01 -5.813048E+00  6.345058E+00 -1.164652E+02 -5.917038E+01 -1.708151E+02 -1.518927E-04 -1.178451E+05  1.673756E+03
  8.440000E+03  3.746363E-01 -5.896035E+00  6.228304E+00 -1.159999E+02 -5.679810E+01 -1.723157E+02  2.902256E-06 -1.178556E+05  1.675224E+03
  8.440000E+03 -4.173731E-01 -6.072015E+00  4.854414E+00 -1.194274E+02 -5.328736E+01 -1.813234E+02 -3.867106E-04 -1.178660E+05  1.665056E+03
  8.440000E+03  7.872314E-01 -5.770142E+00  6.884848E+00 -1.145090E+02 -6.028081E+01 -1.665619E+02 -1.504384E-05 -1.178412E+05  1.681425E+03
  8.440000E+03  4.034272E-01 -5.925921E+00  6.286289E+00 -1.154950E+02 -5.614085E+01 -1.719362E+02  2.126592E-04 -1.178740E+05  1.677195E+03
  8.440000E+03 -4.290858E-01 -6.069500E+00  4.825949E+00 -1.196570E+02 -5.359202E+01 -1.813372E+02 -4.451090E-04 -1.178637E+05  1.664794E+03
  8.440000E+03 -5.227697E-01 -6.079487E+00  4.643851E+00 -1.201587E+02 -5.401585E+01 -1.820176E+02 -3.630820E-04 -1.178841E+05  1.662035E+03
  8.440000E+03 -5.492022E-01 -6.163858E+00  4.716119E+00 -1.181243E+02 -4.929593E+01 -1.832441E+02 -1.019838E-04 -1.178861E+05  1.667040E+03
  8.440000E+03 -5.436934E-01 -6.156619E+00  4.718819E+00 -1.182464E+02 -4.960672E+01 -1.831437E+02 -1.204215E-04 -1.178851E+05  1.666691E+03
  8.440000E+03  2.046505E+00 -5.243716E+00  8.946328E+00 -1.092081E+02 -6.904961E+01 -1.469048E+02 -1.378589E-03 -1.176494E+05  1.701163E+03
  8.440000E+03 -4.001756E-01 -6.058855E+00  4.867639E+00 -1.196651E+02 -5.396657E+01 -1.810244E+02 -4.477393E-04 -1.178620E+05  1.664923E+03
  8.440000E+03 -5.640592E-01 -6.220740E+00  4.749619E+00 -1.169998E+02 -4.684783E+01 -1.836584E+02  1.745582E-04 -1.179070E+05  1.670289E+03
  8.440000E+03 -7.764411E-01 -6.147307E+00  4.239487E+00 -1.205787E+02 -5.275933E+01 -1.841745E+02 -5.775642E-04 -1.178786E+05  1.660324E+03
  8.440000E+03 -1.130778E-01 -6.035377E+00  5.471780E+00 -1.171250E+02 -5.252564E+01 -1.784174E+02 -3.187108E-05 -1.178723E+05  1.670163E+03
  8.440000E+03 -1.032727E+00 -6.229706E+00  3.830503E+00 -1.203474E+02 -5.026247E+01 -1.865086E+02 -5.978926E-04 -1.178879E+05  1.657896E+03
  8.440000E+03 -5.370120E-01 -6.171995E+00  4.748924E+00 -1.178761E+02 -4.891304E+01 -1.831685E+02 -4.354570E-05 -1.178893E+05  1.667978E+03
  8.440000E+03  3.508634E-01 -5.930742E+00  6.203032E+00 -1.157288E+02 -5.592466E+01 -1.726470E+02  1.620449E-04 -1.178688E+05  1.676189E+03
  8.440000E+03 -5.008456E-01 -6.126113E+00  4.766539E+00 -1.186780E+02 -5.095436E+01 -1.825043E+02 -2.064950E-04 -1.178782E+05  1.666129E+03
  8.440000E+03 -3.496474E-02 -6.022991E+00  5.598848E+00 -1.168633E+02 -5.293669E+01 -1.775495E+02 -7.249389E-05 -1.178632E+05  1.671648E+03
  8.440000E+03 -4.789266E-01 -6.112102E+00  4.791397E+00 -1.188791E+02 -5.159785E+01 -1.821762E+02 -2.528783E-04 -1.178745E+05  1.666018E+03
  8.440000E+03 -5.348647E-01 -6.154350E+00  4.735818E+00 -1.182297E+02 -4.967340E+01 -1.830304E+02 -9.566457E-05 -1.178862E+05  1.666842E+03
  8.440000E+03 -7.785806E-01 -6.149297E+00  4.237529E+00 -1.205596E+02 -5.268598E+01 -1.842088E+02 -5.783712E-04 -1.178767E+05  1.660526E+03
  8.440000E+03 -7.838758E-01 -6.142073E+00  4.219628E+00 -1.207873E+02 -5.310223E+01 -1.841201E+02 -5.913701E-04 -1.178796E+05  1.659511E+03
  8.440000E+03  5.398639E-01 -5.809072E+00  6.436785E+00 -1.161399E+02 -5.960239E+01 -1.699575E+02 -1.349525E-04 -1.178511E+05  1.676067E+03
  8.440000E+03  6.924756E-03 -6.020786E+00  5.662973E+00 -1.166084E+02 -5.309417E+01 -1.769962E+02  1.544022E-04 -1.178874E+05  1.671741E+03
  8.440000E+03 -4.884972E-01 -6.169228E+00  4.848437E+00 -1.175684E+02 -4.886587E+01 -1.826598E+02  2.994356E-05 -1.178929E+05  1.669298E+03
  8.440000E+03  5.197779E-01 -5.805064E+00  6.397924E+00 -1.163685E+02 -5.957742E+01 -1.702496E+02 -1.256801E-04 -1.178489E+05  1.674808E+03
  8.440000E+03 -7.689176E-01 -6.158655E+00  4.258423E+00 -1.203674E+02 -5.216000E+01 -1.842700E+02 -5.535811E-04 -1.178731E+05  1.661660E+03
  8.440000E+03 -4.018256E-01 -6.140361E+00  4.997037E+00 -1.175418E+02 -4.985195E+01 -1.816253E+02 -1.529643E-05 -1.178859E+05  1.670308E+03
  8.440000E+03  5.975876E-01 -5.826867E+00  6.563616E+00 -1.153161E+02 -5.898204E+01 -1.692599E+02  8.446870E-05 -1.178579E+05  1.678184E+03
  8.440000E+03 -5.221234E-01 -6.150002E+00  4.757656E+00 -1.182330E+02 -4.983304E+01 -1.828665E+02 -7.764100E-05 -1.178871E+05  1.666970E+03
  8.440000E+03 -4.736653E-01 -6.157202E+00  4.866051E+00 -1.177193E+02 -4.935572E+01 -1.824349E+02  7.033215E-06 -1.178908E+05  1.669022E+03
  8.440000E+03 -5.344300E-03 -6.014618E+00  5.638815E+00 -1.168222E+02 -5.332413E+01 -1.771677E+02 -2.082102E-05 -1.178674E+05  1.671889E+03
  8.440000E+03 -1.618642E-01 -6.045315E+00  5.383312E+00 -1.175301E+02 -5.290630E+01 -1.787294E+02 -1.650479E-04 -1.178648E+05  1.671672E+03
  8.440000E+03 -7.760721E-01 -6.162427E+00  4.244696E+00 -1.203750E+02 -5.199068E+01 -1.843598E+02 -5.356625E-04 -1.178736E+05  1.661526E+03
  8.440000E+03 -5.248755E-01 -6.078476E+00  4.635385E+00 -1.202609E+02 -5.418320E+01 -1.819539E+02 -3.185530E-04 -1.178877E+05  1.661879E+03
  8.440000E+03  5.254418E-01 -5.848844E+00  6.447347E+00 -1.155903E+02 -5.837960E+01 -1.702532E+02  1.090576E-04 -1.178621E+05  1.677028E+03
  8.440000E+03 -4.758629E-01 -6.111591E+00  4.797886E+00 -1.188623E+02 -5.162271E+01 -1.821282E+02 -2.214084E-04 -1.178761E+05  1.666109E+03
  8.440000E+03 -5.883973E-01 -6.118086E+00  4.550616E+00 -1.198434E+02 -5.251165E+01 -1.828073E+02 -1.090725E-04 -1.179054E+05  1.661947E+03
  8.440000E+03 -5.047396E-01 -6.146487E+00  4.789964E+00 -1.181782E+02 -4.993700E+01 -1.826658E+02 -5.003057E-05 -1.178885E+05  1.667294E+03
  8.440000E+03 -1.691012E-01 -6.045582E+00  5.370934E+00 -1.175473E+02 -5.286010E+01 -1.788107E+02 -1.239128E-04 -1.178686E+05  1.671252E+03
  8.440000E+03 -3.874837E-01 -6.121671E+00  5.004593E+00 -1.178169E+02 -5.060252E+01 -1.813680E+02 -2.022048E-05 -1.178864E+05  1.669414E+03
  8.440000E+03  5.251641E-01 -5.799218E+00  6.403043E+00 -1.164359E+02 -5.975501E+01 -1.701618E+02 -1.631575E-04 -1.178450E+05  1.674870E+03
  8.440000E+03 -5.210611E-01 -6.091081E+00  4.653948E+00 -1.198880E+02 -5.332767E+01 -1.821960E+02 -2.575833E-04 -1.178858E+05  1.662454E+03
  8.440000E+03 -7.932488E-01 -6.157909E+00  4.216418E+00 -1.205196E+02 -5.236444E+01 -1.843771E+02 -5.550463E-04 -1.178751E+05  1.660816E+03
  8.440000E+03 -1.710968E-01 -6.044245E+00  5.360828E+00 -1.176399E+02 -5.301419E+01 -1.788199E+02 -1.565649E-04 -1.178654E+05  1.671323E+03
  8.440000E+03  2.133088E-02 -5.982925E+00  5.664773E+00 -1.171529E+02 -5.435525E+01 -1.767294E+02 -7.626867E-05 -1.178626E+05  1.671019E+03
  8.440000E+03 -2.284592E-03 -6.004075E+00  5.635121E+00 -1.169930E+02 -5.368869E+01 -1.770747E+02 -1.566926E-05 -1.178675E+05  1.671401E+03
  8.440000E+03  2.043460E+00 -5.200596E+00  8.899689E+00 -1.096965E+02 -6.986726E+01 -1.470138E+02 -1.388435E-03 -1.176499E+05  1.699262E+03
  8.440000E+03  3.332335E-01 -5.873650E+00  6.141770E+00 -1.166228E+02 -5.760630E+01 -1.726883E+02 -1.397746E-04 -1.178509E+05  1.673784E+03
  8.440000E+03 -5.089786E-01 -6.085121E+00  4.666538E+00 -1.199547E+02 -5.361455E+01 -1.820543E+02 -2.804741E-04 -1.178834E+05  1.662407E+03
  8.440000E+03  4.608299E-01 -5.821675E+00  6.313313E+00 -1.165270E+02 -5.895684E+01 -1.710813E+02 -9.816909E-05 -1.178466E+05  1.673674E+03
  8.440000E+03  7.742880E-03 -5.992692E+00  5.645460E+00 -1.171054E+02 -5.405787E+01 -1.769147E+02 -3.728692E-05 -1.178655E+05  1.671106E+03
  8.440000E+03  9.267375E-01 -5.679965E+00  7.076410E+00 -1.146187E+02 -6.274043E+01 -1.642769E+02 -1.235545E-04 -1.178285E+05  1.683245E+03
  8.440000E+03  4.412518E-01 -5.831053E+00  6.286951E+00 -1.165203E+02 -5.867613E+01 -1.713586E+02 -7.654221E-05 -1.178477E+05  1.673543E+03
  8.440000E+03 -4.814340E-01 -6.118859E+00  4.799073E+00 -1.186950E+02 -5.126596E+01 -1.822280E+02 -1.513616E-04 -1.178805E+05  1.666382E+03
  8.440000E+03 -2.480384E-01 -6.063171E+00  5.216667E+00 -1.179595E+02 -5.264564E+01 -1.796588E+02 -9.299307E-05 -1.178761E+05  1.669979E+03
  8.440000E+03  5.014482E-01 -5.800338E+00  6.363459E+00 -1.165934E+02 -5.964321E+01 -1.704992E+02 -1.639689E-04 -1.178424E+05  1.674032E+03
  8.440000E+03 -4.312497E-01 -6.080390E+00  4.837855E+00 -1.193166E+02 -5.304131E+01 -1.814762E+02 -2.828085E-04 -1.178716E+05  1.665260E+03
  8.440000E+03  5.977519E-01 -5.800583E+00  6.541669E+00 -1.156758E+02 -5.967932E+01 -1.692112E+02  9.054450E-05 -1.178580E+05  1.676698E+03
  8.440000E+03 -1.086611E+00 -6.244106E+00  3.735711E+00 -1.205251E+02 -5.027133E+01 -1.868967E+02 -8.299448E-04 -1.178610E+05  1.658149E+03
  8.440000E+03 -3.911241E-01 -6.049896E+00  4.875593E+00 -1.197226E+02 -5.436234E+01 -1.808760E+02 -3.646806E-04 -1.178662E+05  1.664444E+03
  8.440000E+03 -1.770653E-01 -6.041243E+00  5.344296E+00 -1.177526E+02 -5.320560E+01 -1.788441E+02 -1.316121E-04 -1.178674E+05  1.671007E+03
  8.440000E+03  4.502198E-02 -5.949268E+00  5.686226E+00 -1.175204E+02 -5.546746E+01 -1.762862E+02 -1.357080E-04 -1.178581E+05  1.670121E+03
  8.440000E+03 -1.775227E-01 -6.041526E+00  5.345548E+00 -1.177322E+02 -5.316979E+01 -1.788443E+02 -1.108169E-04 -1.178693E+05  1.670949E+03
  8.440000E+03  3.543995E-01 -5.858300E+00  6.160899E+00 -1.167477E+02 -5.799707E+01 -1.723944E+02 -8.387450E-05 -1.178552E+05  1.672988E+03
  8.440000E+03 -4.009270E-01 -6.056650E+00  4.864822E+00 -1.196449E+02 -5.408497E+01 -1.810142E+02 -3.385305E-04 -1.178679E+05  1.664573E+03
  8.440000E+03 -4.668426E-01 -6.119504E+00  4.832463E+00 -1.185295E+02 -5.113776E+01 -1.820952E+02 -8.940168E-05 -1.178842E+05  1.666828E+03
  8.440000E+03  2.811488E+00 -4.891452E+00  9.994336E+00 -1.052542E+02 -7.292674E+01 -1.348916E+02 -1.116076E-03 -1.176546E+05  1.702691E+03
  8.440000E+03  4.591467E-02 -5.946777E+00  5.684475E+00 -1.175634E+02 -5.557078E+01 -1.762608E+02 -1.293399E-04 -1.178586E+05  1.670001E+03
  8.440000E+03  1.942042E+00 -5.162344E+00  8.656834E+00 -1.111967E+02 -7.106223E+01 -1.487327E+02 -1.486214E-03 -1.176517E+05  1.695172E+03
  8.440000E+03 -4.216332E-01 -6.046151E+00  4.799985E+00 -1.202037E+02 -5.512198E+01 -1.809656E+02 -4.810432E-04 -1.178627E+05  1.663692E+03
  8.440000E+03 -4.287856E-01 -6.042200E+00  4.785110E+00 -1.203540E+02 -5.536462E+01 -1.809433E+02 -4.988820E-04 -1.178628E+05  1.663334E+03
  8.440000E+03  3.258609E-02 -5.962573E+00  5.668759E+00 -1.174209E+02 -5.505794E+01 -1.764902E+02 -7.475980E-05 -1.178621E+05  1.670285E+03
  8.440000E+03  5.757711E-01 -5.794796E+00  6.489088E+00 -1.160275E+02 -5.987292E+01 -1.695126E+02  3.450584E-05 -1.178532E+05  1.675759E+03
  8.440000E+03  1.970674E+00 -5.110434E+00  8.656288E+00 -1.114375E+02 -7.215258E+01 -1.483346E+02 -1.574505E-03 -1.176498E+05  1.694155E+03
  8.440000E+03  3.932478E-02 -5.954539E+00  5.675272E+00 -1.175008E+02 -5.532879E+01 -1.763750E+02 -9.067830E-05 -1.178610E+05  1.670092E+03
  8.440000E+03  4.373585E-02 -5.943460E+00  5.676292E+00 -1.176458E+02 -5.570778E+01 -1.762646E+02 -1.268300E-04 -1.178589E+05  1.669755E+03
  8.440000E+03 -3.774114E-01 -6.090192E+00  4.980772E+00 -1.184791E+02 -5.208668E+01 -1.810370E+02 -6.670648E-05 -1.178835E+05  1.667696E+03
  8.440000E+03  4.673781E-01 -5.800925E+00  6.306186E+00 -1.168337E+02 -5.954920E+01 -1.709660E+02 -1.934542E-04 -1.178377E+05  1.672960E+03
  8.440000E+03 -4.562501E-01 -6.095037E+00  4.811603E+00 -1.191186E+02 -5.242931E+01 -1.817981E+02 -1.989066E-04 -1.178768E+05  1.665514E+03
  8.440000E+03  1.915061E+00 -5.178555E+00  8.619220E+00 -1.112947E+02 -7.085866E+01 -1.491523E+02 -1.470006E-03 -1.176524E+05  1.695249E+03
  8.440000E+03  3.173522E-01 -5.866848E+00  6.102871E+00 -1.168764E+02 -5.779736E+01 -1.729034E+02 -1.279300E-04 -1.178478E+05  1.672786E+03
  8.440000E+03  4.376552E-01 -5.811421E+00  6.264775E+00 -1.168820E+02 -5.921095E+01 -1.713547E+02 -1.732119E-04 -1.178410E+05  1.672499E+03
  8.440000E+03 -4.327035E-01 -6.075785E+00  4.828756E+00 -1.194229E+02 -5.330801E+01 -1.814381E+02 -2.588438E-04 -1.178728E+05  1.664878E+03
  8.440000E+03 -4.233597E-01 -6.068601E+00  4.837149E+00 -1.195237E+02 -5.362213E+01 -1.812978E+02 -2.787376E-04 -1.178715E+05  1.664670E+03
  8.440000E+03  8.152955E-01 -5.698614E+00  6.883473E+00 -1.152385E+02 -6.256955E+01 -1.658841E+02 -1.587451E-04 -1.178263E+05  1.681430E+03
  8.440000E+03 -4.385571E-01 -6.079375E+00  4.822544E+00 -1.193764E+02 -5.315836E+01 -1.815163E+02 -2.430927E-04 -1.178738E+05  1.664947E+03
  8.440000E+03 -4.481946E-01 -6.103347E+00  4.845601E+00 -1.187971E+02 -5.191201E+01 -1.817877E+02 -1.150887E-04 -1.178814E+05  1.666373E+03
  8.440000E+03 -3.379091E-01 -6.013139E+00  4.940327E+00 -1.201172E+02 -5.596217E+01 -1.800304E+02 -4.417053E-04 -1.178605E+05  1.664245E+03
  8.440000E+03  1.566001E+00 -5.330901E+00  8.050778E+00 -1.131738E+02 -6.902600E+01 -1.545687E+02 -1.143944E-03 -1.177036E+05  1.690373E+03
  8.440000E+03 -4.194536E-01 -6.064051E+00  4.839128E+00 -1.195954E+02 -5.383506E+01 -1.812220E+02 -2.840885E-04 -1.178710E+05  1.664492E+03
  8.440000E+03  1.356330E+00 -5.422082E+00  7.712329E+00 -1.139734E+02 -6.776184E+01 -1.580022E+02 -1.099242E-03 -1.177123E+05  1.687669E+03
  8.440000E+03 -4.496608E-01 -6.087556E+00  4.813438E+00 -1.192463E+02 -5.279478E+01 -1.816764E+02 -2.027753E-04 -1.178763E+05  1.665176E+03
  8.440000E+03  3.705419E-01 -5.837804E+00  6.165312E+00 -1.169807E+02 -5.849232E+01 -1.721847E+02 -1.214119E-05 -1.178581E+05  1.671544E+03
  8.440000E+03  2.105240E+00 -5.049961E+00  8.882987E+00 -1.105912E+02 -7.271870E+01 -1.460159E+02 -1.496401E-03 -1.176508E+05  1.695744E+03
  8.440000E+03  2.153004E+00 -5.015023E+00  8.941562E+00 -1.104226E+02 -7.321801E+01 -1.452449E+02 -1.456262E-03 -1.176566E+05  1.695340E+03
  8.440000E+03 -3.823466E-01 -5.998143E+00  4.841197E+00 -1.209683E+02 -5.735184E+01 -1.800210E+02 -6.825378E-04 -1.178474E+05  1.663162E+03
  8.440000E+03 -8.956793E-01 -6.156427E+00  4.027918E+00 -1.214384E+02 -5.329747E+01 -1.846350E+02 -5.904879E-04 -1.178865E+05  1.656634E+03
  8.440000E+03 -1.066996E-01 -5.997501E+00  5.423358E+00 -1.178817E+02 -5.421433E+01 -1.781053E+02  9.912942E-05 -1.178869E+05  1.667542E+03
  8.440000E+03 -4.499247E-01 -6.087649E+00  4.813778E+00 -1.192340E+02 -5.279047E+01 -1.816773E+02 -1.865724E-04 -1.178771E+05  1.665172E+03
  8.440000E+03 -4.224009E-01 -6.024082E+00  4.786001E+00 -1.207081E+02 -5.632614E+01 -1.805942E+02 -5.291428E-04 -1.178619E+05  1.662892E+03
  8.440000E+03  2.808770E-01 -5.874621E+00  6.039691E+00 -1.170330E+02 -5.762025E+01 -1.733442E+02 -3.728302E-05 -1.178560E+05  1.671903E+03
  8.440000E+03 -1.512735E-01 -6.003367E+00  5.336647E+00 -1.184997E+02 -5.497172E+01 -1.783245E+02 -2.711781E-04 -1.178538E+05  1.670133E+03
  8.440000E+03 -3.204433E-01 -5.998982E+00  4.957777E+00 -1.203383E+02 -5.666438E+01 -1.797150E+02 -5.247182E-04 -1.178525E+05  1.664398E+03
  8.440000E+03  2.523715E-02 -5.943727E+00  5.635905E+00 -1.178178E+02 -5.575222E+01 -1.764727E+02 -7.831669E-05 -1.178623E+05  1.668973E+03
  8.440000E+03  3.868089E-01 -5.824237E+00  6.175135E+00 -1.170705E+02 -5.884091E+01 -1.720262E+02  1.712707E-05 -1.178577E+05  1.670712E+03
  8.440000E+03 -1.505051E-01 -6.031756E+00  5.373163E+00 -1.177612E+02 -5.365090E+01 -1.784313E+02  1.138873E-04 -1.178901E+05  1.670373E+03
  8.440000E+03 -1.335985E-01 -6.020392E+00  5.399262E+00 -1.178834E+02 -5.413650E+01 -1.781453E+02  2.252721E-05 -1.178809E+05  1.670965E+03
  8.440000E+03 -3.522760E-01 -6.017508E+00  4.920292E+00 -1.201259E+02 -5.581998E+01 -1.801674E+02 -4.002768E-04 -1.178628E+05  1.664105E+03
  8.440000E+03 -3.597365E-01 -5.968662E+00  4.859197E+00 -1.213786E+02 -5.844842E+01 -1.796009E+02 -7.773590E-04 -1.178390E+05  1.661864E+03
  8.440000E+03  4.505834E-01 -5.797095E+00  6.263835E+00 -1.169971E+02 -5.966425E+01 -1.712412E+02 -9.949778E-05 -1.178418E+05  1.671605E+03
  8.440000E+03 -4.285056E-01 -6.086023E+00  4.859500E+00 -1.190667E+02 -5.269497E+01 -1.814671E+02 -1.206752E-04 -1.178804E+05  1.665721E+03
  8.440000E+03  3.584186E-02 -5.970003E+00  5.669836E+00 -1.173633E+02 -5.479633E+01 -1.763928E+02  2.190041E-04 -1.178865E+05  1.669707E+03
  8.440000E+03 -1.701063E-01 -6.045640E+00  5.338954E+00 -1.176684E+02 -5.319371E+01 -1.787370E+02  1.973754E-04 -1.178980E+05  1.670072E+03
  8.440000E+03 -3.925450E-01 -6.039766E+00  4.866780E+00 -1.199170E+02 -5.491401E+01 -1.807436E+02 -3.272776E-04 -1.178675E+05  1.663993E+03
  8.440000E+03 -4.082654E-01 -6.006552E+00  4.801061E+00 -1.209856E+02 -5.707659E+01 -1.802757E+02 -5.988660E-04 -1.178550E+05  1.662581E+03
  8.440000E+03 -2.075645E-01 -6.051378E+00  5.253034E+00 -1.177579E+02 -5.265794E+01 -1.794593E+02  2.568252E-04 -1.179037E+05  1.667066E+03
  8.440000E+03 -2.967457E-01 -5.985459E+00  4.991365E+00 -1.204447E+02 -5.722423E+01 -1.793635E+02 -5.626777E-04 -1.178476E+05  1.664692E+03
  8.440000E+03 -1.352353E-01 -5.994582E+00  5.359296E+00 -1.185276E+02 -5.527565E+01 -1.780915E+02 -2.327976E-04 -1.178565E+05  1.670023E+03
  8.440000E+03  8.468574E-01 -5.646716E+00  6.898048E+00 -1.157292E+02 -6.392710E+01 -1.653370E+02 -2.722857E-04 -1.178155E+05  1.680345E+03
  8.440000E+03 -1.373432E-01 -5.988279E+00  5.344993E+00 -1.187044E+02 -5.555213E+01 -1.780902E+02 -2.764872E-04 -1.178529E+05  1.669579E+03
  8.440000E+03  4.681656E-01 -5.782904E+00  6.283541E+00 -1.172330E+02 -6.030336E+01 -1.709214E+02 -3.144927E-04 -1.178176E+05  1.673158E+03
  8.440000E+03  1.336989E-02 -5.954757E+00  5.623578E+00 -1.177438E+02 -5.539240E+01 -1.766319E+02 -2.447849E-05 -1.178640E+05  1.669292E+03
  8.440000E+03  1.724582E-03 -5.976708E+00  5.615592E+00 -1.175011E+02 -5.460984E+01 -1.768544E+02  9.609299E-05 -1.178725E+05  1.669702E+03
  8.440000E+03  1.432093E-01 -5.914121E+00  5.817036E+00 -1.174096E+02 -5.652895E+01 -1.749555E+02  3.047859E-04 -1.178941E+05  1.669000E+03
  8.440000E+03  4.687619E-01 -5.783031E+00  6.285014E+00 -1.172320E+02 -6.037295E+01 -1.708814E+02 -3.103191E-04 -1.178177E+05  1.673482E+03
  8.440000E+03 -1.370488E-01 -5.983037E+00  5.337904E+00 -1.188215E+02 -5.577286E+01 -1.780579E+02 -2.859722E-04 -1.178521E+05  1.669219E+03
  8.440000E+03 -1.308080E-01 -6.004066E+00  5.380327E+00 -1.182691E+02 -5.488571E+01 -1.780427E+02 -8.986956E-05 -1.178694E+05  1.670465E+03
  8.440000E+03 -3.497886E-01 -6.014272E+00  4.922372E+00 -1.201931E+02 -5.603637E+01 -1.800750E+02 -3.943123E-04 -1.178623E+05  1.664213E+03
  8.440000E+03 -4.228496E-01 -6.055589E+00  4.825617E+00 -1.197819E+02 -5.431108E+01 -1.811393E+02 -2.564311E-04 -1.178722E+05  1.663947E+03
  8.440000E+03 -3.199557E-01 -6.038733E+00  5.025414E+00 -1.192205E+02 -5.422936E+01 -1.801064E+02 -8.851459E-05 -1.178813E+05  1.665816E+03
  8.440000E+03 -3.557914E-01 -6.017121E+00  4.913978E+00 -1.201730E+02 -5.592121E+01 -1.801557E+02 -3.809609E-04 -1.178631E+05  1.664151E+03
  8.440000E+03 -4.273966E-01 -6.073964E+00  4.843405E+00 -1.193474E+02 -5.331285E+01 -1.813515E+02 -1.290439E-04 -1.178802E+05  1.664820E+03
  8.440000E+03 -2.775265E-01 -5.976452E+00  5.021776E+00 -1.204784E+02 -5.761213E+01 -1.790649E+02 -5.532125E-04 -1.178474E+05  1.665092E+03
  8.440000E+03  2.113782E+00 -5.030266E+00  8.876347E+00 -1.107209E+02 -7.313540E+01 -1.458986E+02 -1.472825E-03 -1.176511E+05  1.695298E+03
  8.440000E+03  1.832760E+00 -5.225221E+00  8.500695E+00 -1.116147E+02 -7.027440E+01 -1.505136E+02 -1.486947E-03 -1.176441E+05  1.695538E+03
  8.440000E+03 -1.267130E-01 -6.002765E+00  5.385104E+00 -1.182703E+02 -5.493930E+01 -1.779845E+02 -5.832962E-05 -1.178717E+05  1.670404E+03
  8.440000E+03  2.170032E-01 -5.876678E+00  5.917066E+00 -1.174594E+02 -5.761342E+01 -1.740618E+02  1.888572E-04 -1.178794E+05  1.669081E+03
  8.440000E+03 -4.268671E-01 -6.006306E+00  4.768084E+00 -1.211222E+02 -5.712675E+01 -1.803969E+02 -5.479898E-04 -1.178594E+05  1.661700E+03
  8.440000E+03 -3.225909E-01 -6.001282E+00  4.961381E+00 -1.202898E+02 -5.665762E+01 -1.796697E+02 -4.415247E-04 -1.178572E+05  1.664818E+03
  8.440000E+03 -3.742859E-01 -6.026046E+00  4.888252E+00 -1.201087E+02 -5.556817E+01 -1.804030E+02 -3.427873E-04 -1.178654E+05  1.664012E+03
  8.440000E+03 -1.444657E-01 -5.973625E+00  5.308920E+00 -1.190981E+02 -5.620464E+01 -1.780747E+02 -2.958362E-04 -1.178519E+05  1.668252E+03
  8.440000E+03  4.771102E-02 -5.945951E+00  5.664071E+00 -1.177041E+02 -5.558165E+01 -1.761785E+02  2.613999E-04 -1.178892E+05  1.668203E+03
  8.440000E+03 -1.339413E-01 -6.036736E+00  5.401828E+00 -1.176448E+02 -5.366580E+01 -1.781993E+02  1.975580E-04 -1.178931E+05  1.671507E+03
  8.440000E+03  2.427035E+00 -4.765025E+00  9.199981E+00 -1.102837E+02 -7.705818E+01 -1.411984E+02 -1.801795E-03 -1.176215E+05  1.693632E+03
  8.440000E+03  8.727465E-01 -5.619278E+00  6.920660E+00 -1.159206E+02 -6.463200E+01 -1.648837E+02 -2.705168E-04 -1.178170E+05  1.679817E+03
  8.440000E+03 -1.466166E-01 -5.971020E+00  5.301003E+00 -1.191730E+02 -5.632317E+01 -1.780784E+02 -2.956488E-04 -1.178520E+05  1.667976E+03
  8.440000E+03 -3.731913E-01 -6.049593E+00  4.924155E+00 -1.194888E+02 -5.410604E+01 -1.806556E+02 -1.120853E-04 -1.178801E+05  1.664802E+03
  8.440000E+03  4.893823E-01 -5.778257E+00  6.312093E+00 -1.171977E+02 -6.084049E+01 -1.704567E+02 -2.310625E-04 -1.178260E+05  1.674720E+03
  8.440000E+03 -1.245659E-01 -5.992519E+00  5.374576E+00 -1.184850E+02 -5.535512E+01 -1.779262E+02 -1.001137E-04 -1.178672E+05  1.669853E+03
  8.440000E+03  2.341643E+00 -4.846932E+00  9.119910E+00 -1.103465E+02 -7.590156E+01 -1.425247E+02 -1.771479E-03 -1.176201E+05  1.694969E+03
  8.440000E+03  8.616953E-01 -5.614495E+00  6.894008E+00 -1.160972E+02 -6.480953E+01 -1.650687E+02 -3.536442E-04 -1.178087E+05  1.679480E+03
  8.440000E+03  4.954147E-01 -5.760928E+00  6.307949E+00 -1.174634E+02 -6.127127E+01 -1.704153E+02 -4.009457E-04 -1.178077E+05  1.674231E+03
  8.440000E+03  1.791007E+00 -5.128995E+00  8.312309E+00 -1.129802E+02 -7.262745E+01 -1.512016E+02 -1.438475E-03 -1.176710E+05  1.688890E+03
  8.440000E+03  2.440581E+00 -4.739058E+00  9.197965E+00 -1.104088E+02 -7.749006E+01 -1.410026E+02 -1.796917E-03 -1.176230E+05  1.692725E+03
  8.440000E+03  5.067138E-01 -5.751947E+00  6.319772E+00 -1.175208E+02 -6.151164E+01 -1.702689E+02 -4.382276E-04 -1.178037E+05  1.674124E+03
  8.440000E+03  8.703567E-01 -5.634238E+00  6.927666E+00 -1.158020E+02 -6.419432E+01 -1.647829E+02 -1.698692E-05 -1.178435E+05  1.679670E+03
  8.440000E+03  1.520205E+00 -5.278771E+00  7.924053E+00 -1.138996E+02 -7.056523E+01 -1.552614E+02 -1.165171E-03 -1.177048E+05  1.687367E+03
  8.440000E+03 -2.478978E-01 -6.064110E+00  5.209298E+00 -1.177507E+02 -5.210088E+01 -1.798265E+02  3.567778E-04 -1.179085E+05  1.667120E+03
  8.440000E+03 -1.191251E-01 -5.969513E+00  5.356022E+00 -1.189391E+02 -5.626429E+01 -1.777795E+02 -2.222756E-04 -1.178562E+05  1.668711E+03
  8.440000E+03  5.009352E-01 -5.753731E+00  6.310040E+00 -1.175294E+02 -6.149045E+01 -1.703325E+02 -4.068769E-04 -1.178073E+05  1.673974E+03
  8.440000E+03 -4.507238E-01 -6.028078E+00  4.739982E+00 -1.208656E+02 -5.627555E+01 -1.807678E+02 -4.101299E-04 -1.178693E+05  1.662115E+03
  8.440000E+03  1.907550E+00 -5.174604E+00  8.593053E+00 -1.114696E+02 -7.115006E+01 -1.492503E+02 -1.429392E-03 -1.176508E+05  1.695729E+03
  8.440000E+03 -1.159323E-01 -6.023976E+00  5.426487E+00 -1.177658E+02 -5.411323E+01 -1.779317E+02  1.647212E-04 -1.178871E+05  1.671582E+03
  8.440000E+03  1.671021E+00 -5.192760E+00  8.135168E+00 -1.134871E+02 -7.183916E+01 -1.530151E+02 -1.356828E-03 -1.176816E+05  1.688321E+03
  8.440000E+03  6.184850E-01 -5.720487E+00  6.502128E+00 -1.169461E+02 -6.249067E+01 -1.686039E+02 -2.698461E-04 -1.178208E+05  1.676421E+03
