  8.440000E+03  3.132369E+00 -4.488140E+00  1.025246E+01 -1.044955E+02 -7.832759E+01 -1.296963E+02 -7.963882E-06 -1.177253E+05  1.694474E+03
  8.440000E+03  2.684744E+00 -4.347296E+00  9.183782E+00 -1.124534E+02 -8.488638E+01 -1.372235E+02 -2.191667E-03 -1.175707E+05  1.687848E+03
  8.440000E+03  2.802920E+00 -4.503487E+00  9.548716E+00 -1.090662E+02 -8.034973E+01 -1.357648E+02 -8.485318E-04 -1.176723E+05  1.688400E+03
  8.440000E+03  2.730737E+00 -4.436888E+00  9.332229E+00 -1.108376E+02 -8.240100E+01 -1.366573E+02 -1.144408E-03 -1.176691E+05  1.685958E+03
  8.440000E+03  2.884798E+00 -4.362356E+00  9.542728E+00 -1.099612E+02 -8.290734E+01 -1.342037E+02 -1.181462E-03 -1.176602E+05  1.688279E+03
  8.440000E+03  2.562006E+00 -4.310920E+00  8.938384E+00 -1.137111E+02 -8.697649E+01 -1.386678E+02 -2.183853E-03 -1.175903E+05  1.684257E+03
  8.440000E+03  2.795070E+00 -4.511724E+00  9.542368E+00 -1.090656E+02 -8.023710E+01 -1.359122E+02 -8.544642E-04 -1.176698E+05  1.688523E+03
  8.440000E+03  2.891824E+00 -4.357658E+00  9.555252E+00 -1.098364E+02 -8.282569E+01 -1.341018E+02 -1.039927E-03 -1.176720E+05  1.687128E+03
  8.440000E+03  2.561973E+00 -4.279937E+00  8.915241E+00 -1.138281E+02 -8.759046E+01 -1.386692E+02 -2.209287E-03 -1.175925E+05  1.682342E+03
  8.440000E+03  2.880078E+00 -4.361880E+00  9.534932E+00 -1.099944E+02 -8.295692E+01 -1.342635E+02 -1.170127E-03 -1.176612E+05  1.688201E+03
  8.440000E+03  2.802986E+00 -4.498151E+00  9.542943E+00 -1.091239E+02 -8.046252E+01 -1.357762E+02 -8.672173E-04 -1.176701E+05  1.688303E+03
  8.440000E+03  2.805945E+00 -4.392817E+00  9.423991E+00 -1.105502E+02 -8.293229E+01 -1.354474E+02 -1.261199E-03 -1.176548E+05  1.687844E+03
  8.440000E+03  2.836926E+00 -4.440285E+00  9.548089E+00 -1.093755E+02 -8.135399E+01 -1.351454E+02 -8.709423E-04 -1.176771E+05  1.686972E+03
  8.440000E+03  2.467050E+00 -4.532604E+00  8.949053E+00 -1.125277E+02 -8.202405E+01 -1.407501E+02 -1.140630E-03 -1.176823E+05  1.680837E+03
  8.440000E+03  2.873560E+00 -4.393495E+00  9.562091E+00 -1.095471E+02 -8.209074E+01 -1.345573E+02 -9.575908E-04 -1.176715E+05  1.686659E+03
  8.440000E+03  2.562697E+00 -4.309904E+00  8.937030E+00 -1.137288E+02 -8.699045E+01 -1.386596E+02 -2.161985E-03 -1.175912E+05  1.684115E+03
  8.440000E+03  2.811764E+00 -4.472884E+00  9.533936E+00 -1.092846E+02 -8.089306E+01 -1.356079E+02 -8.709522E-04 -1.176732E+05  1.687529E+03
  8.440000E+03  3.243250E+00 -4.229462E+00  1.011984E+01 -1.066843E+02 -8.248575E+01 -1.286282E+02 -7.750822E-04 -1.176637E+05  1.690100E+03
  8.440000E+03  2.644131E+00 -4.436973E+00  9.179457E+00 -1.119964E+02 -8.295629E+01 -1.380913E+02 -1.676910E-03 -1.176163E+05  1.685514E+03
  8.440000E+03  2.564698E+00 -4.310127E+00  8.940210E+00 -1.137200E+02 -8.696846E+01 -1.386302E+02 -2.153979E-03 -1.175911E+05  1.684178E+03
  8.440000E+03  2.771532E+00 -4.524989E+00  9.506108E+00 -1.092050E+02 -8.014600E+01 -1.363476E+02 -8.499526E-04 -1.176681E+05  1.688245E+03
  8.440000E+03  2.796740E+00 -4.501336E+00  9.532228E+00 -1.091740E+02 -8.045690E+01 -1.359109E+02 -8.849445E-04 -1.176664E+05  1.688340E+03
  8.440000E+03  2.695735E+00 -4.445466E+00  9.271773E+00 -1.112614E+02 -8.257078E+01 -1.371500E+02 -1.246074E-03 -1.176599E+05  1.686363E+03
  8.440000E+03  2.880224E+00 -4.350678E+00  9.526567E+00 -1.100848E+02 -8.325227E+01 -1.342279E+02 -1.227631E-03 -1.176555E+05  1.688597E+03
  8.440000E+03  2.771603E+00 -4.404741E+00  9.379592E+00 -1.107040E+02 -8.300691E+01 -1.358072E+02 -1.142459E-03 -1.176705E+05  1.687822E+03
  8.440000E+03  2.892449E+00 -4.354311E+00  9.550553E+00 -1.098623E+02 -8.294205E+01 -1.340931E+02 -1.029490E-03 -1.176715E+05  1.687248E+03
  8.440000E+03  3.292814E+00 -4.171689E+00  1.014863E+01 -1.067689E+02 -8.328052E+01 -1.278983E+02 -9.632944E-04 -1.176457E+05  1.690437E+03
  8.440000E+03  2.518877E+00 -4.500328E+00  9.011309E+00 -1.123750E+02 -8.232307E+01 -1.399356E+02 -1.144405E-03 -1.176803E+05  1.680947E+03
  8.440000E+03  3.181785E+00 -4.309883E+00  1.009007E+01 -1.064546E+02 -8.147259E+01 -1.295692E+02 -6.008727E-04 -1.176768E+05  1.690979E+03
  8.440000E+03  3.215866E+00 -4.373895E+00  1.022931E+01 -1.053205E+02 -8.012281E+01 -1.288564E+02 -4.073993E-04 -1.176867E+05  1.693747E+03
  8.440000E+03  2.808603E+00 -4.465357E+00  9.520241E+00 -1.093984E+02 -8.108131E+01 -1.356606E+02 -8.932571E-04 -1.176707E+05  1.687377E+03
  8.440000E+03  2.740606E+00 -4.544722E+00  9.463180E+00 -1.093273E+02 -7.996959E+01 -1.368400E+02 -7.577933E-04 -1.176771E+05  1.687731E+03
  8.440000E+03  3.259085E+00 -4.352020E+00  1.029438E+01 -1.049882E+02 -8.022775E+01 -1.281092E+02 -3.830371E-04 -1.176878E+05  1.694070E+03
  8.440000E+03  2.807225E+00 -4.466003E+00  9.518100E+00 -1.094080E+02 -8.108401E+01 -1.356874E+02 -8.982380E-04 -1.176698E+05  1.687417E+03
  8.440000E+03  2.816950E+00 -4.441257E+00  9.509877E+00 -1.095844E+02 -8.152909E+01 -1.354774E+02 -9.046186E-04 -1.176729E+05  1.686896E+03
  8.440000E+03  3.410335E+00 -4.248907E+00  1.049218E+01 -1.041990E+02 -8.119113E+01 -1.257548E+02 -8.100513E-04 -1.176360E+05  1.697299E+03
  8.440000E+03  3.072326E+00 -4.627141E+00  1.027916E+01 -1.040105E+02 -7.609216E+01 -1.305250E+02  8.986769E-05 -1.177183E+05  1.696767E+03
  8.440000E+03  2.709019E+00 -4.403487E+00  9.267847E+00 -1.116003E+02 -8.343546E+01 -1.369412E+02 -1.661240E-03 -1.176150E+05  1.687869E+03
  8.440000E+03  3.177476E+00 -4.314838E+00  1.008772E+01 -1.064407E+02 -8.141445E+01 -1.296250E+02 -5.725997E-04 -1.176785E+05  1.691032E+03
  8.440000E+03  4.107467E+00 -3.923027E+00  1.158404E+01 -9.810070E+01 -8.191474E+01 -1.132149E+02 -6.958806E-04 -1.176155E+05  1.706348E+03
  8.440000E+03  2.823397E+00 -4.422697E+00  9.499633E+00 -1.097564E+02 -8.189107E+01 -1.353468E+02 -9.322578E-04 -1.176724E+05  1.686615E+03
  8.440000E+03  2.833097E+00 -4.350204E+00  9.450468E+00 -1.105693E+02 -8.367270E+01 -1.349623E+02 -1.478358E-03 -1.176300E+05  1.689111E+03
  8.440000E+03  2.708027E+00 -4.401626E+00  9.264372E+00 -1.116398E+02 -8.349722E+01 -1.369570E+02 -1.692155E-03 -1.176116E+05  1.687997E+03
  8.440000E+03  3.171028E+00 -4.236191E+00  9.972366E+00 -1.076028E+02 -8.291008E+01 -1.298241E+02 -7.601614E-04 -1.176719E+05  1.688046E+03
  8.440000E+03  2.817739E+00 -4.431213E+00  9.499219E+00 -1.097033E+02 -8.175921E+01 -1.354570E+02 -9.315806E-04 -1.176708E+05  1.686811E+03
  8.440000E+03  2.725629E+00 -4.549329E+00  9.435316E+00 -1.094521E+02 -8.000712E+01 -1.370743E+02 -7.182089E-04 -1.176817E+05  1.687397E+03
  8.440000E+03  3.182054E+00 -4.306797E+00  1.008829E+01 -1.064700E+02 -8.152436E+01 -1.295480E+02 -5.684209E-04 -1.176789E+05  1.690854E+03
  8.440000E+03  3.189429E+00 -4.483829E+00  1.033939E+01 -1.041388E+02 -7.827878E+01 -1.289035E+02 -2.384277E-04 -1.176901E+05  1.697426E+03
  8.440000E+03  3.463652E+00 -4.201056E+00  1.053322E+01 -1.041274E+02 -8.166065E+01 -1.250228E+02 -8.877208E-04 -1.176287E+05  1.696663E+03
  8.440000E+03  3.246131E+00 -4.235155E+00  1.013571E+01 -1.065419E+02 -8.239825E+01 -1.285097E+02 -7.098559E-04 -1.176676E+05  1.690718E+03
  8.440000E+03  3.461722E+00 -4.222691E+00  1.058166E+01 -1.037168E+02 -8.130375E+01 -1.249075E+02 -9.394868E-04 -1.176166E+05  1.698775E+03
  8.440000E+03  2.569305E+00 -4.412300E+00  9.032257E+00 -1.129098E+02 -8.395193E+01 -1.389111E+02 -1.533776E-03 -1.176425E+05  1.682046E+03
  8.440000E+03  2.845620E+00 -4.376598E+00  9.486908E+00 -1.101270E+02 -8.289426E+01 -1.348255E+02 -1.044195E-03 -1.176684E+05  1.687337E+03
  8.440000E+03  2.751224E+00 -4.385331E+00  9.336427E+00 -1.111129E+02 -8.354812E+01 -1.360588E+02 -1.328891E-03 -1.176504E+05  1.687970E+03
  8.440000E+03  2.756989E+00 -4.379473E+00  9.344189E+00 -1.110608E+02 -8.360785E+01 -1.359497E+02 -1.296360E-03 -1.176540E+05  1.687773E+03
  8.440000E+03  3.200912E+00 -4.282660E+00  1.009942E+01 -1.065146E+02 -8.182915E+01 -1.292427E+02 -5.969931E-04 -1.176768E+05  1.690610E+03
  8.440000E+03  2.862972E+00 -4.346861E+00  9.500033E+00 -1.101740E+02 -8.347931E+01 -1.344269E+02 -1.162386E-03 -1.176599E+05  1.688365E+03
  8.440000E+03  2.821736E+00 -4.412209E+00  9.483413E+00 -1.099266E+02 -8.216465E+01 -1.353556E+02 -9.735475E-04 -1.176686E+05  1.686636E+03
  8.440000E+03  2.821993E+00 -4.411148E+00  9.482632E+00 -1.099393E+02 -8.218935E+01 -1.353482E+02 -9.773297E-04 -1.176683E+05  1.686652E+03
  8.440000E+03  3.320834E+00 -4.131154E+00  1.017350E+01 -1.066849E+02 -8.384908E+01 -1.273380E+02 -9.419059E-04 -1.176479E+05  1.690564E+03
  8.440000E+03  3.196748E+00 -4.323448E+00  1.013754E+01 -1.060497E+02 -8.118420E+01 -1.292355E+02 -4.846035E-04 -1.176844E+05  1.692033E+03
  8.440000E+03  2.799635E+00 -4.445874E+00  9.480419E+00 -1.097269E+02 -8.160417E+01 -1.357855E+02 -9.377642E-04 -1.176671E+05  1.686964E+03
  8.440000E+03  2.846575E+00 -4.371405E+00  9.483059E+00 -1.101737E+02 -8.305182E+01 -1.347931E+02 -1.074796E-03 -1.176652E+05  1.687670E+03
  8.440000E+03  2.735097E+00 -4.534583E+00  9.432293E+00 -1.095462E+02 -8.033264E+01 -1.369170E+02 -7.581829E-04 -1.176800E+05  1.687547E+03
  8.440000E+03  3.325726E+00 -4.113757E+00  1.015338E+01 -1.069253E+02 -8.419714E+01 -1.273805E+02 -1.099490E-03 -1.176327E+05  1.690521E+03
  8.440000E+03  2.962750E+00 -4.370130E+00  9.700037E+00 -1.087436E+02 -8.191134E+01 -1.333252E+02 -8.485102E-04 -1.176643E+05  1.687422E+03
  8.440000E+03  3.321324E+00 -4.118326E+00  1.016093E+01 -1.067739E+02 -8.408584E+01 -1.273652E+02 -9.691412E-04 -1.176462E+05  1.690121E+03
  8.440000E+03  2.549048E+00 -4.435931E+00  9.009760E+00 -1.127915E+02 -8.359482E+01 -1.392752E+02 -1.312489E-03 -1.176652E+05  1.681000E+03
  8.440000E+03  2.731666E+00 -4.255804E+00  9.193685E+00 -1.125776E+02 -8.656760E+01 -1.362909E+02 -2.159610E-03 -1.175747E+05  1.686517E+03
  8.440000E+03  3.203058E+00 -4.288615E+00  1.011144E+01 -1.064044E+02 -8.172798E+01 -1.291683E+02 -5.546976E-04 -1.176796E+05  1.691001E+03
  8.440000E+03  2.548547E+00 -4.277828E+00  8.874133E+00 -1.140819E+02 -8.774596E+01 -1.388955E+02 -2.045225E-03 -1.176024E+05  1.680660E+03
  8.440000E+03  2.688693E+00 -4.293749E+00  9.150211E+00 -1.127684E+02 -8.607188E+01 -1.369767E+02 -2.159830E-03 -1.175720E+05  1.686724E+03
  8.440000E+03  2.817441E+00 -4.411892E+00  9.474091E+00 -1.099827E+02 -8.223188E+01 -1.354403E+02 -9.991657E-04 -1.176646E+05  1.686763E+03
  8.440000E+03  3.477798E+00 -4.206309E+00  1.058047E+01 -1.038002E+02 -8.146324E+01 -1.247386E+02 -9.119685E-04 -1.176203E+05  1.697781E+03
  8.440000E+03  2.832570E+00 -4.384846E+00  9.474277E+00 -1.101435E+02 -8.281141E+01 -1.350874E+02 -1.076606E-03 -1.176609E+05  1.687459E+03
  8.440000E+03  2.869316E+00 -4.301745E+00  9.491930E+00 -1.103324E+02 -8.422286E+01 -1.342314E+02 -1.236359E-03 -1.176542E+05  1.687371E+03
  8.440000E+03  3.143965E+00 -4.560050E+00  1.033058E+01 -1.039139E+02 -7.732149E+01 -1.294647E+02 -1.141855E-04 -1.176970E+05  1.699381E+03
  8.440000E+03  2.767249E+00 -4.468361E+00  9.439103E+00 -1.098349E+02 -8.138816E+01 -1.362907E+02 -8.478606E-04 -1.176759E+05  1.686558E+03
  8.440000E+03  2.835367E+00 -4.377959E+00  9.472160E+00 -1.101891E+02 -8.297280E+01 -1.350205E+02 -1.097481E-03 -1.176595E+05  1.687625E+03
  8.440000E+03  2.710370E+00 -4.269808E+00  9.168552E+00 -1.127169E+02 -8.644919E+01 -1.366108E+02 -2.176363E-03 -1.175708E+05  1.686720E+03
  8.440000E+03  2.746378E+00 -4.490493E+00  9.421119E+00 -1.098152E+02 -8.109513E+01 -1.366192E+02 -7.891500E-04 -1.176813E+05  1.686623E+03
  8.440000E+03  2.826644E+00 -4.394696E+00  9.472316E+00 -1.101072E+02 -8.261321E+01 -1.352376E+02 -1.065173E-03 -1.176595E+05  1.687293E+03
  8.440000E+03  2.718929E+00 -4.528085E+00  9.403390E+00 -1.097232E+02 -8.055913E+01 -1.370896E+02 -7.406882E-04 -1.176840E+05  1.687145E+03
  8.440000E+03  2.678588E+00 -4.571728E+00  9.363704E+00 -1.097206E+02 -7.995336E+01 -1.377989E+02 -6.627771E-04 -1.176891E+05  1.687103E+03
  8.440000E+03  3.351309E+00 -4.093475E+00  1.020948E+01 -1.064513E+02 -8.429086E+01 -1.267888E+02 -9.164846E-04 -1.176512E+05  1.690327E+03
  8.440000E+03  3.249917E+00 -4.227775E+00  1.013498E+01 -1.065726E+02 -8.253841E+01 -1.284321E+02 -6.910544E-04 -1.176673E+05  1.690834E+03
  8.440000E+03  3.369437E+00 -4.205179E+00  1.035521E+01 -1.052227E+02 -8.220334E+01 -1.264185E+02 -7.105145E-04 -1.176560E+05  1.694198E+03
  8.440000E+03  3.352767E+00 -4.089673E+00  1.020970E+01 -1.064536E+02 -8.434323E+01 -1.267592E+02 -9.136960E-04 -1.176517E+05  1.690230E+03
  8.440000E+03  3.309556E+00 -4.156091E+00  1.018202E+01 -1.065039E+02 -8.349926E+01 -1.274581E+02 -8.425063E-04 -1.176547E+05  1.691197E+03
  8.440000E+03  3.344458E+00 -4.418659E+00  1.057129E+01 -1.031357E+02 -7.860805E+01 -1.264671E+02 -5.861092E-04 -1.176408E+05  1.700964E+03
  8.440000E+03  3.348758E+00 -4.079000E+00  1.018895E+01 -1.066200E+02 -8.455646E+01 -1.268748E+02 -9.640951E-04 -1.176479E+05  1.689667E+03
  8.440000E+03  2.746964E+00 -4.477353E+00  9.408060E+00 -1.099560E+02 -8.136228E+01 -1.365845E+02 -7.874645E-04 -1.176830E+05  1.686167E+03
  8.440000E+03  3.278593E+00 -4.194568E+00  1.015548E+01 -1.065794E+02 -8.299639E+01 -1.279679E+02 -7.706625E-04 -1.176600E+05  1.691130E+03
  8.440000E+03  2.830847E+00 -4.382933E+00  9.468145E+00 -1.101882E+02 -8.290275E+01 -1.351422E+02 -1.118614E-03 -1.176545E+05  1.687710E+03
  8.440000E+03  2.862335E+00 -4.321917E+00  9.492034E+00 -1.102278E+02 -8.392209E+01 -1.343701E+02 -1.144005E-03 -1.176596E+05  1.687712E+03
  8.440000E+03  2.829826E+00 -4.384093E+00  9.467104E+00 -1.101896E+02 -8.288484E+01 -1.351666E+02 -1.119874E-03 -1.176539E+05  1.687703E+03
  8.440000E+03  3.311064E+00 -4.152283E+00  1.018219E+01 -1.064986E+02 -8.356458E+01 -1.274309E+02 -8.398811E-04 -1.176549E+05  1.691172E+03
  8.440000E+03  3.340165E+00 -4.077313E+00  1.016948E+01 -1.067317E+02 -8.465153E+01 -1.270408E+02 -9.755549E-04 -1.176474E+05  1.689276E+03
  8.440000E+03  3.477027E+00 -4.193624E+00  1.055481E+01 -1.040150E+02 -8.166266E+01 -1.247820E+02 -8.411402E-04 -1.176302E+05  1.696564E+03
  8.440000E+03  3.359614E+00 -4.065484E+00  1.020412E+01 -1.065311E+02 -8.468753E+01 -1.266475E+02 -9.317696E-04 -1.176515E+05  1.689501E+03
  8.440000E+03  2.796208E+00 -4.418403E+00  9.436708E+00 -1.101666E+02 -8.228847E+01 -1.357790E+02 -9.722494E-04 -1.176664E+05  1.686431E+03
  8.440000E+03  2.862374E+00 -4.296040E+00  9.480958E+00 -1.103473E+02 -8.433068E+01 -1.343142E+02 -1.153545E-03 -1.176604E+05  1.686612E+03
  8.440000E+03  3.155037E+00 -4.491279E+00  1.027407E+01 -1.045243E+02 -7.830222E+01 -1.294255E+02 -7.698076E-05 -1.177072E+05  1.696076E+03
  8.440000E+03  3.514825E+00 -4.142652E+00  1.056101E+01 -1.042048E+02 -8.228235E+01 -1.242528E+02 -8.934130E-04 -1.176280E+05  1.695575E+03
  8.440000E+03  3.515492E+00 -4.141198E+00  1.056052E+01 -1.042146E+02 -8.230305E+01 -1.242423E+02 -8.938837E-04 -1.176280E+05  1.695547E+03
  8.440000E+03  3.500765E+00 -4.158238E+00  1.055329E+01 -1.041822E+02 -8.210453E+01 -1.244570E+02 -8.631183E-04 -1.176305E+05  1.695688E+03
  8.440000E+03  3.302047E+00 -4.212703E+00  1.023064E+01 -1.059758E+02 -8.252009E+01 -1.274822E+02 -6.517181E-04 -1.176668E+05  1.692539E+03
  8.440000E+03  2.859655E+00 -4.309172E+00  9.481998E+00 -1.103068E+02 -8.414587E+01 -1.343901E+02 -1.146651E-03 -1.176592E+05  1.687132E+03
  8.440000E+03  2.775580E+00 -4.431229E+00  9.409371E+00 -1.102438E+02 -8.216216E+01 -1.360812E+02 -8.833709E-04 -1.176762E+05  1.685887E+03
  8.440000E+03  3.125363E+00 -4.485309E+00  1.020795E+01 -1.048507E+02 -7.865969E+01 -1.297845E+02  1.193865E-04 -1.177342E+05  1.695019E+03
  8.440000E+03  2.859884E+00 -4.299038E+00  9.477477E+00 -1.103542E+02 -8.430407E+01 -1.343664E+02 -1.145553E-03 -1.176600E+05  1.686658E+03
  8.440000E+03  3.466029E+00 -4.199545E+00  1.054127E+01 -1.040726E+02 -8.163188E+01 -1.249341E+02 -8.091357E-04 -1.176335E+05  1.696476E+03
  8.440000E+03  2.738746E+00 -4.471285E+00  9.383567E+00 -1.101344E+02 -8.156671E+01 -1.366884E+02 -7.734519E-04 -1.176857E+05  1.685747E+03
  8.440000E+03  2.559632E+00 -4.227589E+00  8.838719E+00 -1.144912E+02 -8.878380E+01 -1.386283E+02 -2.043870E-03 -1.176040E+05  1.678334E+03
  8.440000E+03  3.460132E+00 -4.212833E+00  1.055066E+01 -1.039577E+02 -8.146240E+01 -1.249882E+02 -8.204969E-04 -1.176303E+05  1.697234E+03
  8.440000E+03  3.280828E+00 -4.186708E+00  1.015146E+01 -1.066135E+02 -8.314807E+01 -1.279351E+02 -7.676773E-04 -1.176595E+05  1.691074E+03
  8.440000E+03  3.392487E+00 -4.387156E+00  1.061342E+01 -1.029285E+02 -7.894061E+01 -1.257365E+02 -4.750578E-04 -1.176514E+05  1.700427E+03
  8.440000E+03  2.747514E+00 -4.453585E+00  9.379459E+00 -1.102752E+02 -8.188029E+01 -1.365261E+02 -8.004626E-04 -1.176845E+05  1.685463E+03
  8.440000E+03  2.787696E+00 -4.278528E+00  9.326309E+00 -1.113519E+02 -8.514520E+01 -1.352854E+02 -1.044420E-03 -1.176819E+05  1.682789E+03
  8.440000E+03  3.168278E+00 -4.448268E+00  1.025971E+01 -1.046883E+02 -7.915708E+01 -1.291041E+02 -4.890140E-05 -1.177149E+05  1.696396E+03
  8.440000E+03  3.347130E+00 -4.048425E+00  1.017377E+01 -1.067056E+02 -8.502508E+01 -1.268237E+02 -9.157587E-04 -1.176548E+05  1.688402E+03
  8.440000E+03  3.328554E+00 -4.063504E+00  1.015270E+01 -1.067826E+02 -8.486948E+01 -1.271109E+02 -8.547018E-04 -1.176608E+05  1.688063E+03
  8.440000E+03  2.669982E+00 -4.541241E+00  9.330164E+00 -1.100392E+02 -8.063370E+01 -1.378018E+02 -6.946683E-04 -1.176897E+05  1.686534E+03
  8.440000E+03  4.195386E+00 -3.763283E+00  1.159406E+01 -9.824909E+01 -8.346273E+01 -1.119727E+02 -5.387901E-04 -1.176322E+05  1.701689E+03
  8.440000E+03  3.300401E+00 -4.161292E+00  1.016772E+01 -1.065544E+02 -8.350002E+01 -1.276090E+02 -8.062376E-04 -1.176567E+05  1.691150E+03
  8.440000E+03  3.325254E+00 -4.072124E+00  1.013076E+01 -1.069327E+02 -8.489947E+01 -1.273714E+02 -1.027422E-03 -1.176437E+05  1.688629E+03
  8.440000E+03  2.703686E+00 -4.502481E+00  9.349947E+00 -1.101471E+02 -8.118660E+01 -1.372551E+02 -7.251695E-04 -1.176892E+05  1.685877E+03
  8.440000E+03  3.477542E+00 -4.166828E+00  1.051709E+01 -1.043739E+02 -8.210778E+01 -1.247919E+02 -7.906888E-04 -1.176390E+05  1.695205E+03
  8.440000E+03  2.652415E+00 -4.560948E+00  9.319883E+00 -1.099680E+02 -8.031679E+01 -1.381068E+02 -6.619573E-04 -1.176911E+05  1.686552E+03
  8.440000E+03  2.860155E+00 -4.254024E+00  9.439500E+00 -1.107293E+02 -8.509198E+01 -1.343473E+02 -1.184554E-03 -1.176590E+05  1.684400E+03
  8.440000E+03  2.673610E+00 -4.534884E+00  9.329204E+00 -1.100789E+02 -8.074806E+01 -1.377376E+02 -6.922999E-04 -1.176903E+05  1.686397E+03
  8.440000E+03  3.493969E+00 -4.143039E+00  1.051861E+01 -1.044763E+02 -8.242389E+01 -1.245463E+02 -8.223687E-04 -1.176372E+05  1.694952E+03
  8.440000E+03  3.142945E+00 -4.468597E+00  1.023526E+01 -1.047310E+02 -7.892767E+01 -1.294454E+02  4.774915E-05 -1.177253E+05  1.696144E+03
  8.440000E+03  2.791844E+00 -4.394624E+00  9.400652E+00 -1.105209E+02 -8.301579E+01 -1.356746E+02 -9.937084E-04 -1.176681E+05  1.686933E+03
  8.440000E+03  3.910546E+00 -3.999497E+00  1.124138E+01 -1.001038E+02 -8.192711E+01 -1.168546E+02 -4.000183E-04 -1.176530E+05  1.701064E+03
  8.440000E+03  3.549015E+00 -4.052821E+00  1.053847E+01 -1.046164E+02 -8.367530E+01 -1.236315E+02 -9.697957E-04 -1.176266E+05  1.694884E+03
  8.440000E+03  3.297317E+00 -4.163943E+00  1.016275E+01 -1.065765E+02 -8.348541E+01 -1.276627E+02 -7.945227E-04 -1.176574E+05  1.691143E+03
  8.440000E+03  3.321669E+00 -4.121904E+00  1.017655E+01 -1.065702E+02 -8.403938E+01 -1.272458E+02 -8.326347E-04 -1.176567E+05  1.690508E+03
  8.440000E+03  3.292694E+00 -4.188559E+00  1.018235E+01 -1.063781E+02 -8.304290E+01 -1.276616E+02 -6.858469E-04 -1.176657E+05  1.691601E+03
  8.440000E+03  2.806920E+00 -4.374850E+00  9.411925E+00 -1.105655E+02 -8.334378E+01 -1.354211E+02 -1.088441E-03 -1.176585E+05  1.687329E+03
  8.440000E+03  4.411665E+00 -3.575276E+00  1.184009E+01 -9.675616E+01 -8.451939E+01 -1.084135E+02 -5.068285E-04 -1.176303E+05  1.699834E+03
  8.440000E+03  3.447942E+00 -4.197513E+00  1.049725E+01 -1.043562E+02 -8.178293E+01 -1.252194E+02 -7.246082E-04 -1.176444E+05  1.695488E+03
  8.440000E+03  3.446972E+00 -4.197748E+00  1.049538E+01 -1.043669E+02 -8.178587E+01 -1.252344E+02 -7.213649E-04 -1.176448E+05  1.695459E+03
  8.440000E+03  2.679410E+00 -4.526189E+00  9.329124E+00 -1.101241E+02 -8.089408E+01 -1.376428E+02 -6.861272E-04 -1.176913E+05  1.686170E+03
  8.440000E+03  4.188264E+00 -3.753594E+00  1.156217E+01 -9.849095E+01 -8.365491E+01 -1.121796E+02 -5.461566E-04 -1.176331E+05  1.700989E+03
  8.440000E+03  3.480002E+00 -4.142041E+00  1.048836E+01 -1.046701E+02 -8.255634E+01 -1.247405E+02 -7.798512E-04 -1.176434E+05  1.694584E+03
  8.440000E+03  3.320583E+00 -4.095026E+00  1.015456E+01 -1.067308E+02 -8.446097E+01 -1.272651E+02 -8.235347E-04 -1.176602E+05  1.689136E+03
  8.440000E+03  3.313833E+00 -4.134914E+00  1.017059E+01 -1.065831E+02 -8.388520E+01 -1.273796E+02 -8.182537E-04 -1.176569E+05  1.690757E+03
  8.440000E+03  4.214496E+00 -3.728955E+00  1.159197E+01 -9.830024E+01 -8.380459E+01 -1.117290E+02 -5.114322E-04 -1.176365E+05  1.700554E+03
  8.440000E+03  2.854888E+00 -4.261627E+00  9.433347E+00 -1.107340E+02 -8.501261E+01 -1.344718E+02 -1.187369E-03 -1.176563E+05  1.684596E+03
  8.440000E+03  3.455999E+00 -4.168684E+00  1.047290E+01 -1.046444E+02 -8.223681E+01 -1.251077E+02 -7.160070E-04 -1.176490E+05  1.694537E+03
  8.440000E+03  2.681842E+00 -4.525448E+00  9.333034E+00 -1.100979E+02 -8.089722E+01 -1.376069E+02 -6.803021E-04 -1.176913E+05  1.686218E+03
  8.440000E+03  3.288051E+00 -4.175522E+00  1.015279E+01 -1.066089E+02 -8.335283E+01 -1.278125E+02 -7.530111E-04 -1.176603E+05  1.691134E+03
  8.440000E+03  3.431548E+00 -4.213275E+00  1.048304E+01 -1.043756E+02 -8.164037E+01 -1.254614E+02 -6.929022E-04 -1.176468E+05  1.695697E+03
  8.440000E+03  3.538324E+00 -4.022044E+00  1.050185E+01 -1.048464E+02 -8.420601E+01 -1.237435E+02 -9.210028E-04 -1.176352E+05  1.693444E+03
  8.440000E+03  4.420899E+00 -3.552469E+00  1.183402E+01 -9.682131E+01 -8.476946E+01 -1.082822E+02 -5.126327E-04 -1.176331E+05  1.699301E+03
  8.440000E+03  2.692050E+00 -4.505191E+00  9.327851E+00 -1.102544E+02 -8.123188E+01 -1.374374E+02 -6.962381E-04 -1.176917E+05  1.685587E+03
  8.440000E+03  2.692583E+00 -4.304914E+00  9.166298E+00 -1.125801E+02 -8.560715E+01 -1.367561E+02 -1.611114E-03 -1.176226E+05  1.684712E+03
  8.440000E+03  2.877771E+00 -4.183243E+00  9.405644E+00 -1.111744E+02 -8.642044E+01 -1.340118E+02 -1.316950E-03 -1.176492E+05  1.682685E+03
  8.440000E+03  2.837209E+00 -4.333135E+00  9.446981E+00 -1.105087E+02 -8.394725E+01 -1.349247E+02 -1.288206E-03 -1.176369E+05  1.687989E+03
  8.440000E+03  3.313767E+00 -4.123564E+00  1.016001E+01 -1.066643E+02 -8.407579E+01 -1.273870E+02 -8.138749E-04 -1.176581E+05  1.690228E+03
  8.440000E+03  3.440221E+00 -4.236480E+00  1.053524E+01 -1.039674E+02 -8.128543E+01 -1.252619E+02 -7.825697E-04 -1.176311E+05  1.698179E+03
  8.440000E+03  3.215887E+00 -4.165370E+00  1.000384E+01 -1.074584E+02 -8.415832E+01 -1.290182E+02 -9.153382E-04 -1.176590E+05  1.689410E+03
  8.440000E+03  3.522430E+00 -4.031219E+00  1.048262E+01 -1.049378E+02 -8.415600E+01 -1.239643E+02 -8.852378E-04 -1.176393E+05  1.693321E+03
  8.440000E+03  3.310347E+00 -4.092161E+00  1.013233E+01 -1.068504E+02 -8.457439E+01 -1.274402E+02 -8.021658E-04 -1.176628E+05  1.688528E+03
  8.440000E+03  2.815459E+00 -4.205006E+00  9.308782E+00 -1.116630E+02 -8.648053E+01 -1.348005E+02 -1.124255E-03 -1.176751E+05  1.681046E+03
  8.440000E+03  4.220686E+00 -3.701461E+00  1.157418E+01 -9.844011E+01 -8.411744E+01 -1.117064E+02 -4.998978E-04 -1.176404E+05  1.699285E+03
  8.440000E+03  2.686028E+00 -4.303858E+00  9.147609E+00 -1.126329E+02 -8.572173E+01 -1.368004E+02 -1.469686E-03 -1.176390E+05  1.683906E+03
  8.440000E+03  3.436757E+00 -4.174948E+00  1.043981E+01 -1.048180E+02 -8.228269E+01 -1.253868E+02 -6.562651E-04 -1.176566E+05  1.694201E+03
  8.440000E+03  2.703747E+00 -4.492661E+00  9.335120E+00 -1.102837E+02 -8.140975E+01 -1.372553E+02 -7.028990E-04 -1.176908E+05  1.685412E+03
  8.440000E+03  4.279982E+00 -3.647022E+00  1.163991E+01 -9.801400E+01 -8.441999E+01 -1.107227E+02 -4.381988E-04 -1.176469E+05  1.698159E+03
  8.440000E+03  3.454935E+00 -4.326333E+00  1.065786E+01 -1.028261E+02 -7.970131E+01 -1.246891E+02 -3.681862E-04 -1.176641E+05  1.700035E+03
  8.440000E+03  3.502236E+00 -4.032601E+00  1.045093E+01 -1.051061E+02 -8.424969E+01 -1.242415E+02 -8.366601E-04 -1.176459E+05  1.692750E+03
  8.440000E+03  3.524167E+00 -3.991992E+00  1.045478E+01 -1.051418E+02 -8.472414E+01 -1.239391E+02 -8.412672E-04 -1.176472E+05  1.691357E+03
  8.440000E+03  2.718954E+00 -4.448154E+00  9.321470E+00 -1.106242E+02 -8.231428E+01 -1.369123E+02 -8.435439E-04 -1.176808E+05  1.685485E+03
  8.440000E+03  3.438744E+00 -4.165085E+00  1.043175E+01 -1.049089E+02 -8.245829E+01 -1.253408E+02 -6.533598E-04 -1.176582E+05  1.694041E+03
  8.440000E+03  3.496166E+00 -4.024410E+00  1.043484E+01 -1.052017E+02 -8.440027E+01 -1.243241E+02 -8.071504E-04 -1.176502E+05  1.692081E+03
  8.440000E+03  2.841899E+00 -4.308579E+00  9.444546E+00 -1.105398E+02 -8.433485E+01 -1.347719E+02 -1.241806E-03 -1.176434E+05  1.687039E+03
  8.440000E+03  2.795533E+00 -4.436836E+00  9.455205E+00 -1.098908E+02 -8.188386E+01 -1.358364E+02 -8.150215E-04 -1.176741E+05  1.686390E+03
  8.440000E+03  2.842107E+00 -4.306894E+00  9.443607E+00 -1.105482E+02 -8.436402E+01 -1.347689E+02 -1.242451E-03 -1.176434E+05  1.686966E+03
  8.440000E+03  2.711367E+00 -4.471251E+00  9.324707E+00 -1.104859E+02 -8.180212E+01 -1.371136E+02 -7.378088E-04 -1.176890E+05  1.684916E+03
  8.440000E+03  3.399298E+00 -4.229370E+00  1.043440E+01 -1.046073E+02 -8.161363E+01 -1.259559E+02 -6.248475E-04 -1.176545E+05  1.695441E+03
  8.440000E+03  3.465156E+00 -4.304990E+00  1.065222E+01 -1.029501E+02 -8.000173E+01 -1.245853E+02 -4.272085E-04 -1.176593E+05  1.699757E+03
  8.440000E+03  4.408612E+00 -3.534893E+00  1.178385E+01 -9.720265E+01 -8.513423E+01 -1.086296E+02 -5.892706E-04 -1.176288E+05  1.698655E+03
  8.440000E+03  3.465947E+00 -4.303282E+00  1.065138E+01 -1.029616E+02 -8.002433E+01 -1.245735E+02 -4.226111E-04 -1.176600E+05  1.699681E+03
  8.440000E+03  3.461949E+00 -4.107483E+00  1.043665E+01 -1.050489E+02 -8.325400E+01 -1.248893E+02 -7.448571E-04 -1.176520E+05  1.693649E+03
  8.440000E+03  3.400864E+00 -4.210647E+00  1.041192E+01 -1.048276E+02 -8.192156E+01 -1.259327E+02 -5.967256E-04 -1.176609E+05  1.694548E+03
  8.440000E+03  2.760932E+00 -4.234042E+00  9.214142E+00 -1.125094E+02 -8.675146E+01 -1.357623E+02 -1.805967E-03 -1.176037E+05  1.684891E+03
  8.440000E+03  3.402881E+00 -4.249630E+00  1.046688E+01 -1.043311E+02 -8.130029E+01 -1.258753E+02 -6.644336E-04 -1.176460E+05  1.696933E+03
  8.440000E+03  3.250209E+00 -4.084351E+00  1.003378E+01 -1.073068E+02 -8.503337E+01 -1.283152E+02 -6.997049E-04 -1.176782E+05  1.686057E+03
  8.440000E+03  3.389568E+00 -4.236160E+00  1.042264E+01 -1.046507E+02 -8.157476E+01 -1.261035E+02 -6.106564E-04 -1.176558E+05  1.695501E+03
  8.440000E+03  4.469270E+00 -3.646672E+00  1.200778E+01 -9.529236E+01 -8.338800E+01 -1.070229E+02 -1.199548E-04 -1.176616E+05  1.702537E+03
  8.440000E+03  4.349021E+00 -3.707045E+00  1.184479E+01 -9.638256E+01 -8.329136E+01 -1.091546E+02 -2.496823E-04 -1.176517E+05  1.702341E+03
  8.440000E+03  3.285205E+00 -4.090281E+00  1.008434E+01 -1.070909E+02 -8.476711E+01 -1.278517E+02 -7.537337E-04 -1.176691E+05  1.687344E+03
  8.440000E+03  4.420156E+00 -3.535303E+00  1.180360E+01 -9.703303E+01 -8.504018E+01 -1.084100E+02 -5.073880E-04 -1.176362E+05  1.698384E+03
  8.440000E+03  3.437956E+00 -4.124023E+00  1.040721E+01 -1.051467E+02 -8.311364E+01 -1.252311E+02 -6.349392E-04 -1.176647E+05  1.693049E+03
  8.440000E+03  3.399490E+00 -4.199328E+00  1.039342E+01 -1.049939E+02 -8.214722E+01 -1.259382E+02 -5.753152E-04 -1.176653E+05  1.694129E+03
  8.440000E+03  2.754285E+00 -4.436712E+00  9.367542E+00 -1.104433E+02 -8.232527E+01 -1.363717E+02 -7.949900E-04 -1.176826E+05  1.685819E+03
  8.440000E+03  3.432662E+00 -4.112131E+00  1.039769E+01 -1.052190E+02 -8.331178E+01 -1.252359E+02 -6.169285E-04 -1.176680E+05  1.692738E+03
  8.440000E+03  3.386956E+00 -4.253482E+00  1.043775E+01 -1.044885E+02 -8.132930E+01 -1.261325E+02 -6.204559E-04 -1.176519E+05  1.696380E+03
