  8.440000E+03  6.891413E+00 -8.436121E-01  1.439365E+01 -7.614577E+01 -9.390960E+01 -6.225553E+01 -6.713688E-04 -1.174475E+05  1.709623E+03
  8.440000E+03  6.450212E+00 -1.840689E+00  1.447539E+01 -7.666100E+01 -8.903975E+01 -6.784948E+01  6.475144E-04 -1.175348E+05  1.721122E+03
  8.440000E+03  6.596987E+00 -1.463457E+00  1.448166E+01 -7.638266E+01 -9.084920E+01 -6.551328E+01  1.743830E-04 -1.175041E+05  1.718226E+03
  8.440000E+03  6.510118E+00 -1.696317E+00  1.448085E+01 -7.646950E+01 -8.969446E+01 -6.686254E+01  5.717725E-04 -1.175349E+05  1.719144E+03
  8.440000E+03  6.788776E+00 -1.049541E+00  1.444805E+01 -7.606990E+01 -9.283476E+01 -6.321621E+01 -3.827850E-04 -1.174641E+05  1.713006E+03
  8.440000E+03  6.887726E+00 -8.407247E-01  1.438440E+01 -7.622387E+01 -9.396315E+01 -6.235474E+01 -6.724609E-04 -1.174474E+05  1.709394E+03
  8.440000E+03  6.451989E+00 -1.832902E+00  1.447444E+01 -7.666050E+01 -8.908184E+01 -6.781999E+01  6.494662E-04 -1.175348E+05  1.721002E+03
  8.440000E+03  6.824301E+00 -1.037631E+00  1.448895E+01 -7.560656E+01 -9.256956E+01 -6.221559E+01 -3.025487E-05 -1.175000E+05  1.711924E+03
  8.440000E+03  6.949099E+00 -6.771712E-01  1.434493E+01 -7.625112E+01 -9.480308E+01 -6.151814E+01 -7.728116E-04 -1.174461E+05  1.706805E+03
  8.440000E+03  6.805353E+00 -1.004197E+00  1.443782E+01 -7.602796E+01 -9.305374E+01 -6.300475E+01 -3.608259E-04 -1.174689E+05  1.711714E+03
  8.440000E+03  6.657361E+00 -1.331172E+00  1.445944E+01 -7.635415E+01 -9.150751E+01 -6.472238E+01  1.464968E-04 -1.175090E+05  1.715976E+03
  8.440000E+03  6.882679E+00 -8.381095E-01  1.437282E+01 -7.632326E+01 -9.402661E+01 -6.248510E+01 -6.736601E-04 -1.174473E+05  1.709128E+03
  8.440000E+03  6.807725E+00 -9.972184E-01  1.443609E+01 -7.602912E+01 -9.309286E+01 -6.298226E+01 -3.678313E-04 -1.174683E+05  1.711605E+03
  8.440000E+03  6.829434E+00 -1.613180E+00  1.494659E+01 -7.226357E+01 -8.839124E+01 -5.962135E+01  6.422718E-04 -1.175089E+05  1.726375E+03
  8.440000E+03  6.166706E+00 -1.336915E+00  1.344870E+01 -8.457655E+01 -9.578326E+01 -7.646081E+01 -1.281925E-04 -1.175469E+05  1.694661E+03
  8.440000E+03  6.865682E+00 -9.114294E-01  1.442419E+01 -7.601267E+01 -9.350915E+01 -6.242849E+01 -5.789606E-04 -1.174503E+05  1.711101E+03
  8.440000E+03  6.830286E+00 -9.668478E-01  1.442612E+01 -7.610551E+01 -9.329414E+01 -6.287271E+01 -5.300438E-04 -1.174527E+05  1.711956E+03
  8.440000E+03  6.742628E+00 -1.155577E+00  1.445964E+01 -7.599178E+01 -9.225871E+01 -6.347042E+01  8.661645E-05 -1.175102E+05  1.713089E+03
  8.440000E+03  6.744533E+00 -1.150527E+00  1.445906E+01 -7.598439E+01 -9.228202E+01 -6.344418E+01  8.732342E-05 -1.175104E+05  1.712973E+03
  8.440000E+03  6.556458E+00 -1.542487E+00  1.448095E+01 -7.647527E+01 -9.049897E+01 -6.610305E+01  2.571627E-04 -1.175067E+05  1.719119E+03
  8.440000E+03  6.598212E+00 -1.449174E+00  1.447304E+01 -7.644724E+01 -9.094267E+01 -6.554924E+01  1.755971E-04 -1.175028E+05  1.717840E+03
  8.440000E+03  6.693637E+00 -1.259792E+00  1.445573E+01 -7.624777E+01 -9.183170E+01 -6.420188E+01  1.355908E-04 -1.175108E+05  1.714905E+03
  8.440000E+03  6.815759E+00 -9.764483E-01  1.443148E+01 -7.603429E+01 -9.321173E+01 -6.291049E+01 -4.021834E-04 -1.174647E+05  1.711409E+03
  8.440000E+03  6.853733E+00 -8.776534E-01  1.436122E+01 -7.652060E+01 -9.393507E+01 -6.297538E+01 -6.674734E-04 -1.174452E+05  1.709624E+03
  8.440000E+03  6.559046E+00 -1.531319E+00  1.447759E+01 -7.649562E+01 -9.056237E+01 -6.608161E+01  2.513245E-04 -1.175060E+05  1.718922E+03
  8.440000E+03  6.803695E+00 -9.865420E-01  1.442254E+01 -7.613487E+01 -9.318850E+01 -6.308874E+01 -3.539974E-04 -1.174693E+05  1.711067E+03
  8.440000E+03  6.430377E+00 -1.901779E+00  1.447457E+01 -7.672186E+01 -8.874766E+01 -6.817791E+01  7.334064E-04 -1.175364E+05  1.722008E+03
  8.440000E+03  6.716496E+00 -1.210308E+00  1.445397E+01 -7.616572E+01 -9.204614E+01 -6.387560E+01  1.214230E-04 -1.175111E+05  1.714013E+03
  8.440000E+03  6.608106E+00 -1.418225E+00  1.446247E+01 -7.650118E+01 -9.111649E+01 -6.546181E+01  1.613865E-04 -1.175026E+05  1.717208E+03
  8.440000E+03  6.928681E+00 -1.526565E+00  1.502752E+01 -7.146686E+01 -8.846037E+01 -5.779207E+01  5.208190E-04 -1.174914E+05  1.727557E+03
  8.440000E+03  6.679663E+00 -1.283031E+00  1.445266E+01 -7.632154E+01 -9.174445E+01 -6.442243E+01  1.537590E-04 -1.175104E+05  1.715196E+03
  8.440000E+03  6.606661E+00 -1.420790E+00  1.446271E+01 -7.650417E+01 -9.110437E+01 -6.548200E+01  1.650828E-04 -1.175024E+05  1.717248E+03
  8.440000E+03  6.558444E+00 -1.523425E+00  1.447063E+01 -7.655007E+01 -9.062132E+01 -6.613063E+01  2.532671E-04 -1.175056E+05  1.718649E+03
  8.440000E+03  6.817033E+00 -9.634124E-01  1.442056E+01 -7.611409E+01 -9.332450E+01 -6.296824E+01 -4.318927E-04 -1.174616E+05  1.711210E+03
  8.440000E+03  6.909888E+00 -7.515302E-01  1.434338E+01 -7.640349E+01 -9.450276E+01 -6.216662E+01 -6.870197E-04 -1.174484E+05  1.707300E+03
  8.440000E+03  6.729691E+00 -1.175682E+00  1.444855E+01 -7.614071E+01 -9.220977E+01 -6.370756E+01  1.190960E-04 -1.175120E+05  1.713229E+03
  8.440000E+03  6.824420E+00 -9.927506E-01  1.448728E+01 -7.535174E+01 -9.283088E+01 -6.187801E+01  1.700052E-04 -1.175233E+05  1.710974E+03
  8.440000E+03  6.949176E+00 -6.270252E-01  1.430056E+01 -7.656162E+01 -9.524864E+01 -6.163335E+01 -8.153884E-04 -1.174439E+05  1.705989E+03
  8.440000E+03  6.560186E+00 -1.512834E+00  1.446538E+01 -7.658872E+01 -9.068713E+01 -6.613637E+01  2.472169E-04 -1.175048E+05  1.718407E+03
  8.440000E+03  6.501286E+00 -1.699729E+00  1.446995E+01 -7.656802E+01 -8.971524E+01 -6.706049E+01  6.185865E-04 -1.175345E+05  1.718916E+03
  8.440000E+03  6.851997E+00 -8.421557E-01  1.432219E+01 -7.678531E+01 -9.425328E+01 -6.317470E+01 -6.718184E-04 -1.174465E+05  1.708284E+03
  8.440000E+03  6.527415E+00 -1.644302E+00  1.447073E+01 -7.652924E+01 -9.001623E+01 -6.665356E+01  5.383546E-04 -1.175282E+05  1.719106E+03
  8.440000E+03  6.560666E+00 -1.506889E+00  1.446146E+01 -7.661921E+01 -9.072659E+01 -6.615304E+01  2.444510E-04 -1.175044E+05  1.718237E+03
  8.440000E+03  6.783253E+00 -1.009062E+00  1.440882E+01 -7.635094E+01 -9.317204E+01 -6.347368E+01 -3.858607E-04 -1.174633E+05  1.711565E+03
  8.440000E+03  6.548099E+00 -1.527639E+00  1.445466E+01 -7.668740E+01 -9.064710E+01 -6.638088E+01  2.837095E-04 -1.175072E+05  1.718136E+03
  8.440000E+03  6.567941E+00 -1.489431E+00  1.445970E+01 -7.662056E+01 -9.081109E+01 -6.605678E+01  2.286674E-04 -1.175034E+05  1.718006E+03
  8.440000E+03  6.805672E+00 -9.579752E-01  1.440432E+01 -7.623901E+01 -9.338552E+01 -6.313305E+01 -3.512387E-04 -1.174695E+05  1.710206E+03
  8.440000E+03  6.686757E+00 -1.265216E+00  1.444995E+01 -7.631596E+01 -9.183243E+01 -6.432844E+01  1.626077E-04 -1.175103E+05  1.714898E+03
  8.440000E+03  6.834011E+00 -9.698923E-01  1.449072E+01 -7.528784E+01 -9.292804E+01 -6.168235E+01  1.530730E-04 -1.175214E+05  1.711010E+03
  8.440000E+03  6.731175E+00 -1.166834E+00  1.444143E+01 -7.618711E+01 -9.226873E+01 -6.371673E+01  1.384361E-04 -1.175133E+05  1.712888E+03
  8.440000E+03  6.822222E+00 -8.926272E-01  1.432404E+01 -7.688477E+01 -9.406456E+01 -6.360010E+01 -6.621112E-04 -1.174439E+05  1.709296E+03
  8.440000E+03  6.871856E+00 -8.595294E-01  1.439831E+01 -7.613060E+01 -9.383020E+01 -6.240788E+01 -5.491552E-04 -1.174524E+05  1.709593E+03
  8.440000E+03  6.729200E+00 -1.170985E+00  1.444072E+01 -7.620262E+01 -9.225317E+01 -6.374864E+01  1.450699E-04 -1.175135E+05  1.712950E+03
  8.440000E+03  6.721573E+00 -1.104327E+00  1.438431E+01 -7.679037E+01 -9.293025E+01 -6.453626E+01 -4.308596E-04 -1.174551E+05  1.713403E+03
  8.440000E+03  6.941633E+00 -5.755959E-01  1.424840E+01 -7.693992E+01 -9.576830E+01 -6.187994E+01 -9.136526E-04 -1.174384E+05  1.705216E+03
  8.440000E+03  6.682968E+00 -1.269384E+00  1.444844E+01 -7.634275E+01 -9.182062E+01 -6.439284E+01  1.683356E-04 -1.175097E+05  1.714933E+03
  8.440000E+03  6.815427E+00 -9.384638E-01  1.439481E+01 -7.630216E+01 -9.355330E+01 -6.313981E+01 -4.657086E-04 -1.174580E+05  1.710528E+03
  8.440000E+03  6.930068E+00 -6.980488E-01  1.433856E+01 -7.634271E+01 -9.475941E+01 -6.181096E+01 -6.960827E-04 -1.174474E+05  1.706818E+03
  8.440000E+03  6.672140E+00 -1.287436E+00  1.444800E+01 -7.638744E+01 -9.174493E+01 -6.455758E+01  1.713115E-04 -1.175085E+05  1.715187E+03
  8.440000E+03  6.824078E+00 -9.237547E-01  1.439342E+01 -7.629379E+01 -9.362204E+01 -6.304755E+01 -4.925506E-04 -1.174554E+05  1.710406E+03
  8.440000E+03  6.628707E+00 -1.750030E+00  1.472080E+01 -7.440650E+01 -8.854276E+01 -6.383919E+01  8.021094E-04 -1.175333E+05  1.722991E+03
  8.440000E+03  6.515786E+00 -1.662445E+00  1.446250E+01 -7.660528E+01 -8.992210E+01 -6.690467E+01  6.035980E-04 -1.175315E+05  1.718503E+03
  8.440000E+03  6.829873E+00 -8.522214E-01  1.429558E+01 -7.703991E+01 -9.435056E+01 -6.361253E+01 -6.625421E-04 -1.174459E+05  1.708017E+03
  8.440000E+03  6.470923E+00 -1.763666E+00  1.446485E+01 -7.667509E+01 -8.945093E+01 -6.754388E+01  6.812091E-04 -1.175344E+05  1.719918E+03
  8.440000E+03  6.599338E+00 -1.420325E+00  1.445357E+01 -7.659369E+01 -9.114491E+01 -6.561190E+01  1.982995E-04 -1.175026E+05  1.717130E+03
  8.440000E+03  6.528608E+00 -1.821157E+00  1.461226E+01 -7.545043E+01 -8.861506E+01 -6.580177E+01  8.579139E-04 -1.175420E+05  1.722427E+03
  8.440000E+03  6.570787E+00 -1.480621E+00  1.445677E+01 -7.657840E+01 -9.083991E+01 -6.599626E+01  3.476511E-04 -1.175119E+05  1.717214E+03
  8.440000E+03  6.720426E+00 -1.091693E+00  1.437264E+01 -7.685640E+01 -9.303247E+01 -6.458555E+01 -4.106555E-04 -1.174576E+05  1.712881E+03
  8.440000E+03  6.709117E+00 -1.214341E+00  1.444269E+01 -7.628265E+01 -9.206904E+01 -6.403459E+01  1.725850E-04 -1.175119E+05  1.713862E+03
  8.440000E+03  6.488811E+00 -1.719234E+00  1.446349E+01 -7.664682E+01 -8.965209E+01 -6.727986E+01  6.665683E-04 -1.175343E+05  1.719139E+03
  8.440000E+03  6.971991E+00 -6.096795E-01  1.434609E+01 -7.612206E+01 -9.508936E+01 -6.100472E+01 -7.296612E-04 -1.174462E+05  1.706320E+03
  8.440000E+03  6.805674E+00 -9.299531E-01  1.438350E+01 -7.636450E+01 -9.359344E+01 -6.320952E+01 -3.419525E-04 -1.174703E+05  1.709303E+03
  8.440000E+03  6.881756E+00 -8.203209E-01  1.438155E+01 -7.620415E+01 -9.406608E+01 -6.234345E+01 -5.677924E-04 -1.174504E+05  1.708726E+03
  8.440000E+03  6.534724E+00 -1.498954E+00  1.444076E+01 -7.677146E+01 -9.085794E+01 -6.651428E+01  3.024441E-04 -1.175080E+05  1.717478E+03
  8.440000E+03  6.576779E+00 -1.786965E+00  1.466232E+01 -7.501468E+01 -8.862097E+01 -6.486946E+01  7.817455E-04 -1.175324E+05  1.723457E+03
  8.440000E+03  6.818048E+00 -8.603121E-01  1.428578E+01 -7.714462E+01 -9.437471E+01 -6.382413E+01 -6.588746E-04 -1.174450E+05  1.708034E+03
  8.440000E+03  6.136551E+00 -1.284064E+00  1.333148E+01 -8.547118E+01 -9.660915E+01 -7.726100E+01 -1.423816E-04 -1.175472E+05  1.691304E+03
  8.440000E+03  6.604386E+00 -1.407146E+00  1.445046E+01 -7.659846E+01 -9.121856E+01 -6.553139E+01  2.145473E-04 -1.175040E+05  1.716957E+03
  8.440000E+03  6.946269E+00 -1.439396E+00  1.498957E+01 -7.167756E+01 -8.893161E+01 -5.778677E+01  5.183356E-04 -1.174924E+05  1.725792E+03
  8.440000E+03  6.717156E+00 -1.192711E+00  1.443714E+01 -7.629075E+01 -9.217601E+01 -6.394553E+01  1.800683E-04 -1.175127E+05  1.713323E+03
  8.440000E+03  6.176785E+00 -1.204264E+00  1.332671E+01 -8.547870E+01 -9.745751E+01 -7.650970E+01 -5.244156E-04 -1.175118E+05  1.695845E+03
  8.440000E+03  6.990464E+00 -5.625459E-01  1.433570E+01 -7.615547E+01 -9.532695E+01 -6.069509E+01 -7.600720E-04 -1.174449E+05  1.706023E+03
  8.440000E+03  6.829715E+00 -8.895862E-01  1.437608E+01 -7.637146E+01 -9.383810E+01 -6.302257E+01 -4.822795E-04 -1.174564E+05  1.709461E+03
  8.440000E+03  6.736067E+00 -1.053285E+00  1.436837E+01 -7.682139E+01 -9.320725E+01 -6.436761E+01 -4.129225E-04 -1.174577E+05  1.712098E+03
  8.440000E+03  6.593722E+00 -1.426041E+00  1.444904E+01 -7.662661E+01 -9.114792E+01 -6.566450E+01  2.490722E-04 -1.175063E+05  1.717252E+03
  8.440000E+03  6.964248E+00 -5.605712E-01  1.428117E+01 -7.664472E+01 -9.564473E+01 -6.131477E+01 -8.313081E-04 -1.174419E+05  1.705643E+03
  8.440000E+03  6.581070E+00 -1.505455E+00  1.446904E+01 -7.644326E+01 -9.069437E+01 -6.573857E+01  4.733960E-04 -1.175225E+05  1.718121E+03
  8.440000E+03  6.768345E+00 -1.068886E+00  1.442405E+01 -7.614613E+01 -9.274320E+01 -6.321715E+01  1.499486E-04 -1.175159E+05  1.710916E+03
  8.440000E+03  6.967648E+00 -5.608405E-01  1.428785E+01 -7.658896E+01 -9.560336E+01 -6.123255E+01 -8.173911E-04 -1.174425E+05  1.705700E+03
  8.440000E+03  6.578669E+00 -1.476295E+00  1.446978E+01 -7.645745E+01 -9.088321E+01 -6.567568E+01  3.551688E-04 -1.175136E+05  1.718607E+03
  8.440000E+03  6.538882E+00 -1.599637E+00  1.446932E+01 -7.653187E+01 -9.026328E+01 -6.638762E+01  5.563203E-04 -1.175253E+05  1.719180E+03
  8.440000E+03  6.619542E+00 -1.376387E+00  1.444698E+01 -7.657895E+01 -9.136703E+01 -6.531789E+01  2.228475E-04 -1.175051E+05  1.716503E+03
  8.440000E+03  6.739764E+00 -1.082253E+00  1.439289E+01 -7.670460E+01 -9.291447E+01 -6.411087E+01 -3.200127E-04 -1.174670E+05  1.712676E+03
  8.440000E+03  6.574810E+00 -1.521980E+00  1.446862E+01 -7.645393E+01 -9.062021E+01 -6.582316E+01  5.133044E-04 -1.175253E+05  1.718290E+03
  8.440000E+03  6.990691E+00 -5.425512E-01  1.431740E+01 -7.629427E+01 -9.551299E+01 -6.072311E+01 -7.846312E-04 -1.174437E+05  1.705891E+03
  8.440000E+03  6.987110E+00 -5.436231E-01  1.431133E+01 -7.635099E+01 -9.554327E+01 -6.080283E+01 -7.906843E-04 -1.174434E+05  1.705857E+03
  8.440000E+03  6.563592E+00 -1.753863E+00  1.462132E+01 -7.536548E+01 -8.889969E+01 -6.517091E+01  8.372517E-04 -1.175393E+05  1.722353E+03
  8.440000E+03  6.622176E+00 -1.370129E+00  1.444493E+01 -7.658450E+01 -9.140222E+01 -6.528547E+01  2.313647E-04 -1.175058E+05  1.716381E+03
  8.440000E+03  6.601616E+00 -1.413580E+00  1.444639E+01 -7.661625E+01 -9.121325E+01 -6.555626E+01  2.785356E-04 -1.175087E+05  1.717045E+03
  8.440000E+03  6.620780E+00 -1.372613E+00  1.444432E+01 -7.659131E+01 -9.139391E+01 -6.530577E+01  2.384608E-04 -1.175063E+05  1.716404E+03
  8.440000E+03  6.727504E+00 -1.162488E+00  1.442789E+01 -7.631737E+01 -9.233062E+01 -6.384027E+01  1.971048E-04 -1.175137E+05  1.712542E+03
  8.440000E+03  6.596806E+00 -1.423511E+00  1.444545E+01 -7.663122E+01 -9.117603E+01 -6.563006E+01  2.924463E-04 -1.175094E+05  1.717183E+03
  8.440000E+03  6.796222E+00 -9.977705E-01  1.442002E+01 -7.603501E+01 -9.307519E+01 -6.277285E+01  1.265565E-04 -1.175154E+05  1.709945E+03
  8.440000E+03  6.584506E+00 -1.462884E+00  1.445344E+01 -7.657932E+01 -9.098182E+01 -6.575265E+01  3.594577E-04 -1.175133E+05  1.717916E+03
  8.440000E+03  6.656142E+00 -1.301881E+00  1.443799E+01 -7.652492E+01 -9.172498E+01 -6.483248E+01  2.099186E-04 -1.175067E+05  1.715290E+03
  8.440000E+03  6.977787E+00 -5.176905E-01  1.427479E+01 -7.661591E+01 -9.586730E+01 -6.103939E+01 -8.385873E-04 -1.174418E+05  1.705362E+03
  8.440000E+03  6.761604E+00 -9.839275E-01  1.435259E+01 -7.680050E+01 -9.353860E+01 -6.402899E+01 -3.737129E-04 -1.174635E+05  1.710214E+03
  8.440000E+03  6.538026E+00 -1.602210E+00  1.446803E+01 -7.654208E+01 -9.025889E+01 -6.639452E+01  5.900863E-04 -1.175266E+05  1.719249E+03
  8.440000E+03  6.799564E+00 -9.880084E-01  1.441631E+01 -7.605514E+01 -9.313013E+01 -6.274206E+01  1.249165E-04 -1.175149E+05  1.709772E+03
  8.440000E+03  6.735018E+00 -1.143099E+00  1.442366E+01 -7.631693E+01 -9.242463E+01 -6.374735E+01  2.042406E-04 -1.175144E+05  1.712097E+03
  8.440000E+03  6.593458E+00 -1.464572E+00  1.445170E+01 -7.654892E+01 -9.094370E+01 -6.567615E+01  4.484166E-04 -1.175203E+05  1.717343E+03
  8.440000E+03  6.569563E+00 -1.533941E+00  1.446684E+01 -7.647558E+01 -9.057398E+01 -6.590146E+01  5.576747E-04 -1.175271E+05  1.718427E+03
  8.440000E+03  6.589914E+00 -1.455767E+00  1.444588E+01 -7.661467E+01 -9.102094E+01 -6.575823E+01  3.946796E-04 -1.175156E+05  1.717363E+03
  8.440000E+03  6.564274E+00 -1.544556E+00  1.446722E+01 -7.648667E+01 -9.052475E+01 -6.597879E+01  5.664138E-04 -1.175270E+05  1.718566E+03
  8.440000E+03  6.664534E+00 -1.284527E+00  1.443551E+01 -7.651147E+01 -9.180981E+01 -6.471459E+01  2.209165E-04 -1.175078E+05  1.715001E+03
  8.440000E+03  6.715494E+00 -1.186235E+00  1.442896E+01 -7.636405E+01 -9.223244E+01 -6.401171E+01  2.138519E-04 -1.175121E+05  1.713059E+03
  8.440000E+03  6.806977E+00 -8.581959E-01  1.427679E+01 -7.721231E+01 -9.443815E+01 -6.398150E+01 -6.123736E-04 -1.174458E+05  1.707747E+03
  8.440000E+03  6.818273E+00 -8.674644E-01  1.435345E+01 -7.648452E+01 -9.398682E+01 -6.309641E+01 -3.121585E-04 -1.174741E+05  1.707737E+03
  8.440000E+03  6.623160E+00 -1.363236E+00  1.443495E+01 -7.664270E+01 -9.147195E+01 -6.531920E+01  2.698386E-04 -1.175084E+05  1.716087E+03
  8.440000E+03  6.779018E+00 -1.035838E+00  1.441163E+01 -7.620167E+01 -9.292840E+01 -6.310371E+01  1.771625E-04 -1.175166E+05  1.710241E+03
  8.440000E+03  6.632958E+00 -1.343126E+00  1.443467E+01 -7.661916E+01 -9.156116E+01 -6.517545E+01  2.562775E-04 -1.175078E+05  1.715833E+03
  8.440000E+03  6.600880E+00 -1.460600E+00  1.445194E+01 -7.651439E+01 -9.094760E+01 -6.556658E+01  5.021952E-04 -1.175248E+05  1.717110E+03
  8.440000E+03  6.592539E+00 -1.421022E+00  1.442937E+01 -7.675487E+01 -9.124353E+01 -6.581312E+01  3.127731E-04 -1.175098E+05  1.716729E+03
  8.440000E+03  6.847088E+00 -8.915816E-01  1.442868E+01 -7.574031E+01 -9.351465E+01 -6.185469E+01  1.027335E-04 -1.175146E+05  1.709227E+03
  8.440000E+03  6.512893E+00 -1.678090E+00  1.446003E+01 -7.660546E+01 -8.983926E+01 -6.685138E+01  8.119474E-04 -1.175456E+05  1.718427E+03
  8.440000E+03  6.846342E+00 -8.214538E-01  1.434724E+01 -7.647951E+01 -9.424336E+01 -6.286032E+01 -4.661130E-04 -1.174584E+05  1.707824E+03
  8.440000E+03  6.723165E+00 -1.166216E+00  1.442357E+01 -7.637135E+01 -9.233172E+01 -6.392490E+01  2.260377E-04 -1.175133E+05  1.712548E+03
  8.440000E+03  6.584677E+00 -1.443241E+00  1.442677E+01 -7.677869E+01 -9.114649E+01 -6.597250E+01  3.666049E-04 -1.175124E+05  1.716780E+03
  8.440000E+03  6.701105E+00 -1.214188E+00  1.443040E+01 -7.641146E+01 -9.211690E+01 -6.420697E+01  2.328277E-04 -1.175111E+05  1.713660E+03
  8.440000E+03  6.580068E+00 -1.513321E+00  1.446277E+01 -7.647514E+01 -9.068015E+01 -6.576798E+01  5.788631E-04 -1.175285E+05  1.718082E+03
  8.440000E+03  6.512282E+00 -1.703282E+00  1.448677E+01 -7.641732E+01 -8.958409E+01 -6.654855E+01  9.592808E-04 -1.175579E+05  1.718802E+03
  8.440000E+03  6.601120E+00 -1.397071E+00  1.442375E+01 -7.677385E+01 -9.136926E+01 -6.572387E+01  3.006124E-04 -1.175089E+05  1.716265E+03
  8.440000E+03  6.994801E+00 -4.592226E-01  1.426187E+01 -7.658307E+01 -9.614485E+01 -6.073977E+01 -8.043948E-04 -1.174459E+05  1.704012E+03
  8.440000E+03  6.677487E+00 -1.259093E+00  1.443238E+01 -7.648420E+01 -9.193055E+01 -6.452991E+01  2.459044E-04 -1.175098E+05  1.714566E+03
  8.440000E+03  6.728033E+00 -1.153778E+00  1.442060E+01 -7.637237E+01 -9.239267E+01 -6.386496E+01  2.354750E-04 -1.175140E+05  1.712250E+03
  8.440000E+03  6.606421E+00 -1.427781E+00  1.443354E+01 -7.664607E+01 -9.116230E+01 -6.562731E+01  4.587275E-04 -1.175206E+05  1.716311E+03
  8.440000E+03  6.799346E+00 -9.806522E-01  1.440101E+01 -7.619765E+01 -9.320827E+01 -6.283654E+01  1.579392E-04 -1.175152E+05  1.709362E+03
  8.440000E+03  6.511075E+00 -1.684099E+00  1.446130E+01 -7.659314E+01 -8.977832E+01 -6.675737E+01  9.267737E-04 -1.175565E+05  1.718202E+03
  8.440000E+03  6.997961E+00 -4.455005E-01  1.425696E+01 -7.658807E+01 -9.621470E+01 -6.069577E+01 -7.933745E-04 -1.174473E+05  1.703560E+03
  8.440000E+03  6.574810E+00 -1.440433E+00  1.440815E+01 -7.694852E+01 -9.122989E+01 -6.623247E+01  3.475111E-04 -1.175105E+05  1.716380E+03
  8.440000E+03  6.576669E+00 -1.522668E+00  1.446312E+01 -7.647579E+01 -9.063929E+01 -6.580071E+01  6.130370E-04 -1.175303E+05  1.718244E+03
  8.440000E+03  6.788456E+00 -1.007032E+00  1.440272E+01 -7.623232E+01 -9.308505E+01 -6.299782E+01  1.876486E-04 -1.175163E+05  1.709696E+03
  8.440000E+03  7.021967E+00 -1.307036E+00  1.502519E+01 -7.114606E+01 -8.938131E+01 -5.637955E+01  4.590112E-04 -1.174827E+05  1.726057E+03
  8.440000E+03  6.513947E+00 -1.679412E+00  1.446394E+01 -7.658521E+01 -8.980434E+01 -6.666554E+01  9.271993E-04 -1.175557E+05  1.718539E+03
  8.440000E+03  6.598473E+00 -1.480662E+00  1.446015E+01 -7.643699E+01 -9.083223E+01 -6.550636E+01  5.989502E-04 -1.175312E+05  1.717567E+03
  8.440000E+03  6.731970E+00 -1.143527E+00  1.441804E+01 -7.637368E+01 -9.244434E+01 -6.381377E+01  2.498828E-04 -1.175147E+05  1.712020E+03
  8.440000E+03  6.715312E+00 -1.180062E+00  1.442200E+01 -7.641318E+01 -9.228309E+01 -6.403986E+01  2.568622E-04 -1.175135E+05  1.712797E+03
  8.440000E+03  6.848727E+00 -7.987310E-01  1.433373E+01 -7.655204E+01 -9.440047E+01 -6.284636E+01 -4.523056E-04 -1.174598E+05  1.707269E+03
  8.440000E+03  6.675631E+00 -1.261388E+00  1.442959E+01 -7.650561E+01 -9.193497E+01 -6.456222E+01  2.720334E-04 -1.175109E+05  1.714588E+03
  8.440000E+03  6.710583E+00 -1.190011E+00  1.442283E+01 -7.642526E+01 -9.224099E+01 -6.410208E+01  2.630907E-04 -1.175133E+05  1.713016E+03
  8.440000E+03  6.831535E+00 -8.361180E-01  1.435037E+01 -7.645869E+01 -9.414003E+01 -6.281045E+01 -2.717360E-04 -1.174776E+05  1.707631E+03
  8.440000E+03  6.827127E+00 -9.137490E-01  1.439162E+01 -7.616885E+01 -9.353606E+01 -6.246190E+01  1.115252E-04 -1.175112E+05  1.708536E+03
  8.440000E+03  7.361019E+00 -1.129461E+00  1.551621E+01 -6.639443E+01 -8.835278E+01 -4.759571E+01  1.649695E-04 -1.174170E+05  1.737230E+03
  8.440000E+03  6.837571E+00 -7.547005E-01  1.422864E+01 -7.739803E+01 -9.511349E+01 -6.367098E+01 -6.341223E-04 -1.174475E+05  1.705775E+03
  8.440000E+03  6.527490E+00 -1.653468E+00  1.447689E+01 -7.649013E+01 -9.000865E+01 -6.629075E+01  8.300258E-04 -1.175449E+05  1.720615E+03
  8.440000E+03  6.613638E+00 -1.455830E+00  1.446279E+01 -7.636521E+01 -9.093557E+01 -6.524614E+01  6.177341E-04 -1.175335E+05  1.717326E+03
  8.440000E+03  6.561092E+00 -1.656962E+00  1.456636E+01 -7.579704E+01 -8.950683E+01 -6.520329E+01  9.590853E-04 -1.175534E+05  1.720110E+03
  8.440000E+03  6.812908E+00 -9.441162E-01  1.439102E+01 -7.622916E+01 -9.340106E+01 -6.268247E+01  1.547153E-04 -1.175136E+05  1.708754E+03
  8.440000E+03  6.999036E+00 -1.404895E+00  1.506013E+01 -7.093952E+01 -8.886412E+01 -5.646349E+01  6.011167E-04 -1.174894E+05  1.727303E+03
  8.440000E+03  6.981154E+00 -1.436461E+00  1.504825E+01 -7.108264E+01 -8.877510E+01 -5.677803E+01  6.593879E-04 -1.174950E+05  1.727318E+03
  8.440000E+03  6.674445E+00 -1.262364E+00  1.442673E+01 -7.652444E+01 -9.194524E+01 -6.458965E+01  2.928513E-04 -1.175119E+05  1.714576E+03
  8.440000E+03  6.995964E+00 -1.520653E+00  1.511725E+01 -7.060295E+01 -8.819354E+01 -5.620194E+01  7.022091E-04 -1.174875E+05  1.729708E+03
  8.440000E+03  6.646920E+00 -1.308282E+00  1.442228E+01 -7.664579E+01 -9.177959E+01 -6.502687E+01  2.942607E-04 -1.175095E+05  1.715312E+03
  8.440000E+03  6.709482E+00 -1.190337E+00  1.442018E+01 -7.644421E+01 -9.225064E+01 -6.412404E+01  2.873350E-04 -1.175144E+05  1.712970E+03
  8.440000E+03  6.745872E+00 -9.753816E-01  1.429861E+01 -7.731615E+01 -9.375961E+01 -6.452598E+01 -3.348335E-04 -1.174661E+05  1.708901E+03
  8.440000E+03  6.656664E+00 -1.292511E+00  1.442371E+01 -7.660263E+01 -9.183978E+01 -6.486933E+01  3.000157E-04 -1.175106E+05  1.715097E+03
  8.440000E+03  6.741597E+00 -1.120571E+00  1.441422E+01 -7.635594E+01 -9.255561E+01 -6.367136E+01  2.794136E-04 -1.175166E+05  1.711579E+03
  8.440000E+03  6.802811E+00 -9.664829E-01  1.439165E+01 -7.626390E+01 -9.330009E+01 -6.283227E+01  1.908770E-04 -1.175151E+05  1.708988E+03
  8.440000E+03  6.589693E+00 -1.593041E+00  1.454364E+01 -7.590290E+01 -8.999052E+01 -6.495744E+01  8.385427E-04 -1.175438E+05  1.720749E+03
  8.440000E+03  6.626924E+00 -1.433686E+00  1.446873E+01 -7.626532E+01 -9.102524E+01 -6.496749E+01  6.431954E-04 -1.175360E+05  1.717303E+03
  8.440000E+03  6.882803E+00 -7.835093E-01  1.438283E+01 -7.592313E+01 -9.412325E+01 -6.159252E+01  9.504909E-05 -1.175134E+05  1.706534E+03
  8.440000E+03  6.744406E+00 -1.113939E+00  1.441331E+01 -7.634864E+01 -9.258754E+01 -6.362811E+01  2.865643E-04 -1.175171E+05  1.711461E+03
  8.440000E+03  6.923427E+00 -1.554151E+00  1.502138E+01 -7.151324E+01 -8.832857E+01 -5.780231E+01  8.362301E-04 -1.175077E+05  1.727278E+03
  8.440000E+03  6.830847E+00 -9.009630E-01  1.438301E+01 -7.622965E+01 -9.362177E+01 -6.245430E+01  1.303788E-04 -1.175107E+05  1.708246E+03
  8.440000E+03  6.672617E+00 -1.518150E+00  1.464867E+01 -7.490235E+01 -8.991979E+01 -6.314422E+01  7.946150E-04 -1.175363E+05  1.721326E+03
  8.440000E+03  6.590679E+00 -1.502001E+00  1.446379E+01 -7.640393E+01 -9.074072E+01 -6.552368E+01  6.988033E-04 -1.175373E+05  1.718111E+03
  8.440000E+03  7.090528E+00 -1.240529E+00  1.510556E+01 -7.038730E+01 -8.942597E+01 -5.486342E+01  2.896829E-04 -1.174575E+05  1.728653E+03
  8.440000E+03  7.036418E+00 -3.157880E-01  1.421164E+01 -7.663320E+01 -9.688144E+01 -6.017004E+01 -7.421299E-04 -1.174566E+05  1.699952E+03
  8.440000E+03  6.677423E+00 -1.253161E+00  1.442132E+01 -7.654603E+01 -9.200622E+01 -6.457488E+01  3.175077E-04 -1.175129E+05  1.714312E+03
  8.440000E+03  6.608112E+00 -1.469483E+00  1.446570E+01 -7.633907E+01 -9.088092E+01 -6.525490E+01  6.835485E-04 -1.175372E+05  1.717752E+03
  8.440000E+03  6.789722E+00 -9.973625E-01  1.439444E+01 -7.629132E+01 -9.315520E+01 -6.301054E+01  2.410446E-04 -1.175172E+05  1.709388E+03
  8.440000E+03  6.760126E+00 -9.279036E-01  1.428131E+01 -7.737174E+01 -9.404302E+01 -6.440741E+01 -3.563427E-04 -1.174638E+05  1.707875E+03
  8.440000E+03  6.971268E+00 -1.456158E+00  1.504117E+01 -7.117806E+01 -8.871462E+01 -5.696043E+01  7.165939E-04 -1.174978E+05  1.727377E+03
  8.440000E+03  6.606125E+00 -1.566394E+00  1.454954E+01 -7.580073E+01 -9.011291E+01 -6.465425E+01  8.357890E-04 -1.175442E+05  1.720839E+03
  8.440000E+03  6.826516E+00 -1.440241E+00  1.480620E+01 -7.327126E+01 -8.960116E+01 -6.026171E+01  8.346107E-04 -1.175298E+05  1.722143E+03
  8.440000E+03  6.978043E+00 -5.110237E-01  1.428639E+01 -7.647485E+01 -9.584729E+01 -6.091291E+01 -7.100190E-04 -1.174447E+05  1.705261E+03
  8.440000E+03  6.814258E+00 -9.365012E-01  1.438394E+01 -7.628449E+01 -9.345696E+01 -6.269733E+01  1.912315E-04 -1.175139E+05  1.708510E+03
  8.440000E+03  6.724397E+00 -1.156245E+00  1.441389E+01 -7.642188E+01 -9.241359E+01 -6.392086E+01  3.241815E-04 -1.175173E+05  1.712214E+03
  8.440000E+03  6.684341E+00 -1.360179E+00  1.450805E+01 -7.579652E+01 -9.120809E+01 -6.389733E+01  6.355449E-04 -1.175344E+05  1.717240E+03
  8.440000E+03  6.559319E+00 -1.432979E+00  1.436700E+01 -7.728779E+01 -9.143583E+01 -6.669288E+01  3.686429E-04 -1.175102E+05  1.715688E+03
  8.440000E+03  6.601303E+00 -1.530840E+00  1.452152E+01 -7.596148E+01 -9.042406E+01 -6.489683E+01  7.813396E-04 -1.175402E+05  1.720125E+03
  8.440000E+03  6.843685E+00 -1.420764E+00  1.481644E+01 -7.314334E+01 -8.964525E+01 -5.997998E+01  8.234318E-04 -1.175275E+05  1.722139E+03
  8.440000E+03  6.702639E+00 -1.336562E+00  1.452524E+01 -7.561603E+01 -9.124379E+01 -6.353041E+01  6.223922E-04 -1.175324E+05  1.717249E+03
  8.440000E+03  6.679579E+00 -1.245180E+00  1.441635E+01 -7.657144E+01 -9.205905E+01 -6.457311E+01  3.343515E-04 -1.175134E+05  1.714069E+03
  8.440000E+03  6.975765E+00 -1.282090E+00  1.492528E+01 -7.201495E+01 -8.983762E+01 -5.764703E+01  5.294450E-04 -1.174924E+05  1.723680E+03
  8.440000E+03  6.731259E+00 -1.141247E+00  1.441239E+01 -7.640092E+01 -9.248229E+01 -6.381720E+01  3.359747E-04 -1.175184E+05  1.711937E+03
  8.440000E+03  6.910656E+00 -7.191735E-01  1.436407E+01 -7.597900E+01 -9.443702E+01 -6.126529E+01  9.494230E-05 -1.175130E+05  1.705284E+03
  8.440000E+03  6.879351E+00 -7.761216E-01  1.435586E+01 -7.620263E+01 -9.425167E+01 -6.186641E+01  7.301932E-05 -1.175074E+05  1.705967E+03
  8.440000E+03  6.808474E+00 -1.360115E+00  1.474017E+01 -7.381973E+01 -9.029301E+01 -6.080810E+01  6.408742E-04 -1.175180E+05  1.721700E+03
  8.440000E+03  6.834743E+00 -1.416286E+00  1.480142E+01 -7.327475E+01 -8.972460E+01 -6.016200E+01  8.347098E-04 -1.175294E+05  1.721876E+03
