  8.440000E+03 -1.116024E+00 -6.418139E+00  3.796207E+00 -1.163254E+02 -3.847820E+01 -1.897070E+02 -2.054496E-04 -1.179247E+05  1.667767E+03
  8.440000E+03 -1.197974E+00 -6.395636E+00  3.617890E+00 -1.170393E+02 -4.060037E+01 -1.901625E+02 -7.327504E-04 -1.178924E+05  1.664938E+03
  8.440000E+03 -1.325109E+00 -6.421809E+00  3.396828E+00 -1.170755E+02 -3.898923E+01 -1.911994E+02 -7.481453E-04 -1.178959E+05  1.662672E+03
  8.440000E+03 -2.244120E+00 -6.643405E+00  1.801767E+00 -1.141285E+02 -2.659453E+01 -1.968183E+02 -1.061465E-03 -1.178935E+05  1.656570E+03
  8.440000E+03 -2.577471E+00 -6.704962E+00  1.205264E+00 -1.135492E+02 -2.450723E+01 -1.970805E+02 -1.582297E-03 -1.178579E+05  1.651766E+03
  8.440000E+03 -9.727696E-01 -6.351045E+00  4.023352E+00 -1.168970E+02 -4.176352E+01 -1.883011E+02 -4.939137E-04 -1.178964E+05  1.667300E+03
  8.440000E+03 -7.918379E-01 -6.237398E+00  4.292931E+00 -1.180194E+02 -4.727979E+01 -1.860065E+02 -8.191571E-04 -1.178732E+05  1.665541E+03
  8.440000E+03 -2.166725E+00 -6.622275E+00  1.922278E+00 -1.155248E+02 -3.089511E+01 -1.957117E+02 -1.543930E-03 -1.178549E+05  1.655913E+03
  8.440000E+03 -9.128041E-01 -6.320199E+00  4.123590E+00 -1.171523E+02 -4.315283E+01 -1.876091E+02 -5.700505E-04 -1.178897E+05  1.667096E+03
  8.440000E+03 -1.130181E+00 -6.420812E+00  3.772256E+00 -1.163297E+02 -3.836116E+01 -1.898165E+02 -1.908087E-04 -1.179257E+05  1.667626E+03
  8.440000E+03 -8.529540E-01 -6.276392E+00  4.206920E+00 -1.176426E+02 -4.508132E+01 -1.868035E+02 -5.966233E-04 -1.178923E+05  1.665310E+03
  8.440000E+03 -2.139988E+00 -6.613963E+00  1.968667E+00 -1.154771E+02 -3.079173E+01 -1.957415E+02 -1.420418E-03 -1.178651E+05  1.655690E+03
  8.440000E+03 -6.754832E-01 -6.274080E+00  4.540288E+00 -1.169427E+02 -4.480174E+01 -1.853233E+02 -6.139333E-04 -1.178684E+05  1.670839E+03
  8.440000E+03 -1.863571E+00 -6.541719E+00  2.454232E+00 -1.159103E+02 -3.269474E+01 -1.949846E+02 -9.849570E-04 -1.178876E+05  1.656526E+03
  8.440000E+03 -2.887462E+00 -6.796373E+00  6.697523E-01 -1.121557E+02 -2.290402E+01 -1.965817E+02 -1.930160E-03 -1.178438E+05  1.650433E+03
  8.440000E+03 -1.504630E+00 -6.461474E+00  3.085654E+00 -1.169038E+02 -3.726264E+01 -1.924821E+02 -8.397872E-04 -1.178952E+05  1.660731E+03
  8.440000E+03 -1.122746E+00 -6.362381E+00  3.744521E+00 -1.174109E+02 -4.243506E+01 -1.893954E+02 -9.369949E-04 -1.178659E+05  1.665784E+03
  8.440000E+03 -1.332304E+00 -6.400120E+00  3.377030E+00 -1.174956E+02 -4.000404E+01 -1.911434E+02 -9.374529E-04 -1.178798E+05  1.660691E+03
  8.440000E+03 -1.325178E+00 -6.405827E+00  3.388783E+00 -1.174057E+02 -3.981184E+01 -1.911125E+02 -8.892688E-04 -1.178826E+05  1.661412E+03
  8.440000E+03 -1.323915E+00 -6.409325E+00  3.392419E+00 -1.173361E+02 -3.966037E+01 -1.911145E+02 -8.467197E-04 -1.178859E+05  1.661740E+03
  8.440000E+03 -1.283745E+00 -6.411108E+00  3.467495E+00 -1.171132E+02 -3.976387E+01 -1.908000E+02 -6.929669E-04 -1.178992E+05  1.663183E+03
  8.440000E+03 -2.212153E+00 -6.630005E+00  1.847209E+00 -1.146723E+02 -2.836715E+01 -1.963952E+02 -1.123425E-03 -1.178909E+05  1.654960E+03
  8.440000E+03 -1.643977E+00 -6.494711E+00  2.840321E+00 -1.164369E+02 -3.538840E+01 -1.936179E+02 -8.744832E-04 -1.178928E+05  1.659120E+03
  8.440000E+03 -8.073940E-01 -6.237571E+00  4.264813E+00 -1.180762E+02 -4.730392E+01 -1.861291E+02 -7.894433E-04 -1.178751E+05  1.664998E+03
  8.440000E+03 -8.493449E-01 -6.273992E+00  4.213724E+00 -1.177081E+02 -4.545759E+01 -1.866876E+02 -6.503731E-04 -1.178860E+05  1.666004E+03
  8.440000E+03 -8.525259E-01 -6.274986E+00  4.208544E+00 -1.177022E+02 -4.540049E+01 -1.867226E+02 -6.430272E-04 -1.178867E+05  1.665935E+03
  8.440000E+03 -1.278129E+00 -6.407422E+00  3.475993E+00 -1.171570E+02 -3.998536E+01 -1.907358E+02 -7.009803E-04 -1.178979E+05  1.663086E+03
  8.440000E+03 -8.066763E-01 -6.233417E+00  4.262189E+00 -1.181562E+02 -4.756328E+01 -1.860878E+02 -8.172279E-04 -1.178726E+05  1.664834E+03
  8.440000E+03 -1.380375E+00 -6.416526E+00  3.286377E+00 -1.173897E+02 -3.938138E+01 -1.913950E+02 -6.871980E-04 -1.179109E+05  1.659440E+03
  8.440000E+03 -2.474565E+00 -6.691446E+00  1.392567E+00 -1.143128E+02 -2.709878E+01 -1.964808E+02 -1.633463E-03 -1.178568E+05  1.653099E+03
  8.440000E+03 -8.377236E-01 -6.263375E+00  4.229570E+00 -1.177884E+02 -4.599242E+01 -1.865407E+02 -6.886237E-04 -1.178824E+05  1.665756E+03
  8.440000E+03 -1.317321E+00 -6.406545E+00  3.402554E+00 -1.173523E+02 -3.982540E+01 -1.910478E+02 -8.101478E-04 -1.178877E+05  1.661628E+03
  8.440000E+03 -8.413645E-01 -6.265114E+00  4.224178E+00 -1.177787E+02 -4.591120E+01 -1.865789E+02 -6.816696E-04 -1.178828E+05  1.665765E+03
  8.440000E+03 -2.238964E+00 -6.644706E+00  1.812972E+00 -1.139439E+02 -2.611000E+01 -1.969186E+02 -9.070865E-04 -1.179019E+05  1.656971E+03
  8.440000E+03 -8.365211E-01 -6.259617E+00  4.229487E+00 -1.178319E+02 -4.617351E+01 -1.865121E+02 -6.947986E-04 -1.178818E+05  1.665518E+03
  8.440000E+03 -2.266759E+00 -6.649497E+00  1.762987E+00 -1.139509E+02 -2.604784E+01 -1.969307E+02 -9.646563E-04 -1.178987E+05  1.656583E+03
  8.440000E+03 -2.206292E+00 -6.627500E+00  1.848946E+00 -1.149065E+02 -2.915935E+01 -1.961906E+02 -1.149065E-03 -1.178900E+05  1.654175E+03
  8.440000E+03 -1.204030E+00 -6.381684E+00  3.602781E+00 -1.172400E+02 -4.143010E+01 -1.901095E+02 -7.556784E-04 -1.178879E+05  1.663780E+03
  8.440000E+03 -2.221648E+00 -6.639355E+00  1.841744E+00 -1.140408E+02 -2.649261E+01 -1.968391E+02 -8.851765E-04 -1.179034E+05  1.656664E+03
  8.440000E+03 -1.302239E+00 -6.402408E+00  3.427063E+00 -1.173872E+02 -4.013715E+01 -1.908962E+02 -7.955165E-04 -1.178881E+05  1.661799E+03
  8.440000E+03 -1.370526E+00 -6.430560E+00  3.319196E+00 -1.173586E+02 -3.964301E+01 -1.911442E+02 -8.188425E-04 -1.178931E+05  1.663304E+03
  8.440000E+03 -8.351761E-01 -6.253740E+00  4.228000E+00 -1.179125E+02 -4.647053E+01 -1.864649E+02 -7.052936E-04 -1.178809E+05  1.665145E+03
  8.440000E+03 -1.329157E+00 -6.395698E+00  3.380898E+00 -1.175354E+02 -4.012304E+01 -1.911113E+02 -8.576922E-04 -1.178827E+05  1.660141E+03
  8.440000E+03 -1.127278E+00 -6.344968E+00  3.735241E+00 -1.176123E+02 -4.320149E+01 -1.892843E+02 -8.431967E-04 -1.178745E+05  1.663918E+03
  8.440000E+03 -2.167850E+00 -6.622921E+00  1.915623E+00 -1.154433E+02 -3.074905E+01 -1.957408E+02 -1.394142E-03 -1.178651E+05  1.655449E+03
  8.440000E+03 -3.448041E-01 -6.230306E+00  5.148699E+00 -1.161164E+02 -4.627738E+01 -1.816857E+02 -5.946217E-04 -1.178410E+05  1.677589E+03
  8.440000E+03 -1.211111E+00 -6.379617E+00  3.590052E+00 -1.172837E+02 -4.155530E+01 -1.901441E+02 -7.615934E-04 -1.178869E+05  1.663424E+03
  8.440000E+03 -2.248204E+00 -6.639548E+00  1.788255E+00 -1.143718E+02 -2.744783E+01 -1.966169E+02 -1.034300E-03 -1.178955E+05  1.655155E+03
  8.440000E+03 -2.084400E+00 -6.600378E+00  2.058187E+00 -1.162355E+02 -3.355613E+01 -1.949608E+02 -1.609569E-03 -1.178496E+05  1.655713E+03
  8.440000E+03 -1.378875E+00 -6.416374E+00  3.302210E+00 -1.173404E+02 -3.946012E+01 -1.913196E+02 -6.225269E-04 -1.179123E+05  1.660094E+03
  8.440000E+03 -2.260470E+00 -6.647104E+00  1.772800E+00 -1.139433E+02 -2.609920E+01 -1.969212E+02 -8.846736E-04 -1.179042E+05  1.656252E+03
  8.440000E+03 -7.726335E-01 -6.334284E+00  4.390352E+00 -1.164099E+02 -4.222824E+01 -1.864265E+02 -1.931891E-04 -1.179029E+05  1.671095E+03
  8.440000E+03 -3.645513E-01 -6.205887E+00  5.089768E+00 -1.164681E+02 -4.722106E+01 -1.819008E+02 -6.350333E-04 -1.178432E+05  1.675400E+03
  8.440000E+03 -7.709595E-01 -6.301244E+00  4.383424E+00 -1.169745E+02 -4.366342E+01 -1.862177E+02 -4.449271E-04 -1.178862E+05  1.669798E+03
  8.440000E+03 -7.740867E-01 -6.303983E+00  4.378992E+00 -1.169542E+02 -4.354935E+01 -1.862551E+02 -4.397473E-04 -1.178865E+05  1.669904E+03
  8.440000E+03 -1.399641E+00 -6.429795E+00  3.275202E+00 -1.173713E+02 -3.970816E+01 -1.913077E+02 -8.173031E-04 -1.178928E+05  1.662529E+03
  8.440000E+03 -1.585661E+00 -6.475351E+00  2.942401E+00 -1.168434E+02 -3.717384E+01 -1.929916E+02 -1.026761E-03 -1.178773E+05  1.660138E+03
  8.440000E+03 -1.292231E+00 -6.404342E+00  3.450297E+00 -1.175342E+02 -4.072581E+01 -1.906436E+02 -9.450107E-04 -1.178700E+05  1.663934E+03
  8.440000E+03 -8.030261E-01 -6.333999E+00  4.337394E+00 -1.165223E+02 -4.226174E+01 -1.867013E+02 -2.725361E-04 -1.178996E+05  1.670580E+03
  8.440000E+03 -2.279822E+00 -6.649662E+00  1.737007E+00 -1.139811E+02 -2.619976E+01 -1.969036E+02 -9.279463E-04 -1.179014E+05  1.655772E+03
  8.440000E+03 -8.295289E-01 -6.231687E+00  4.219865E+00 -1.182931E+02 -4.774800E+01 -1.862410E+02 -8.051813E-04 -1.178717E+05  1.664077E+03
  8.440000E+03 -1.589488E+00 -6.474771E+00  2.936916E+00 -1.168680E+02 -3.724033E+01 -1.930000E+02 -1.047935E-03 -1.178748E+05  1.660090E+03
  8.440000E+03 -9.922832E-01 -6.330075E+00  3.982085E+00 -1.172812E+02 -4.287537E+01 -1.882495E+02 -4.666922E-04 -1.179000E+05  1.665329E+03
  8.440000E+03 -9.495141E-01 -6.306208E+00  4.052169E+00 -1.174674E+02 -4.389628E+01 -1.877727E+02 -5.170273E-04 -1.178960E+05  1.664901E+03
  8.440000E+03 -1.418372E+00 -6.426627E+00  3.244640E+00 -1.174457E+02 -3.979387E+01 -1.914180E+02 -8.501972E-04 -1.178895E+05  1.661683E+03
  8.440000E+03 -8.354245E-01 -6.234239E+00  4.211769E+00 -1.182676E+02 -4.759649E+01 -1.863081E+02 -7.816260E-04 -1.178736E+05  1.663999E+03
  8.440000E+03 -2.284299E+00 -6.649843E+00  1.728116E+00 -1.139957E+02 -2.626272E+01 -1.968917E+02 -9.232768E-04 -1.179017E+05  1.655522E+03
  8.440000E+03 -2.198590E+00 -6.632015E+00  1.852543E+00 -1.151971E+02 -3.023571E+01 -1.958715E+02 -1.232749E-03 -1.178808E+05  1.654522E+03
  8.440000E+03 -6.949473E-01 -6.315475E+00  4.506656E+00 -1.165649E+02 -4.329446E+01 -1.855852E+02 -2.608915E-04 -1.178943E+05  1.672064E+03
  8.440000E+03 -1.595306E+00 -6.476043E+00  2.926092E+00 -1.168750E+02 -3.694375E+01 -1.930172E+02 -9.107292E-04 -1.178862E+05  1.659494E+03
  8.440000E+03 -1.120101E+00 -6.379921E+00  3.771630E+00 -1.168076E+02 -4.027285E+01 -1.895190E+02 -1.145467E-04 -1.179368E+05  1.663942E+03
  8.440000E+03 -6.862120E-01 -6.273588E+00  4.518196E+00 -1.169555E+02 -4.486609E+01 -1.854097E+02 -4.987938E-04 -1.178765E+05  1.670238E+03
  8.440000E+03 -2.181509E+00 -6.626683E+00  1.890376E+00 -1.155012E+02 -3.107685E+01 -1.956272E+02 -1.353987E-03 -1.178684E+05  1.655026E+03
  8.440000E+03 -3.566203E-01 -6.251611E+00  5.148811E+00 -1.158755E+02 -4.545106E+01 -1.818342E+02 -5.129615E-04 -1.178412E+05  1.678723E+03
  8.440000E+03 -1.241697E+00 -6.376306E+00  3.540485E+00 -1.174426E+02 -4.186132E+01 -1.902344E+02 -7.404981E-04 -1.178890E+05  1.662416E+03
  8.440000E+03 -8.796627E-01 -6.269202E+00  4.159811E+00 -1.178437E+02 -4.575827E+01 -1.869095E+02 -6.360231E-04 -1.178852E+05  1.664888E+03
  8.440000E+03 -1.265515E+00 -6.447137E+00  3.544758E+00 -1.161011E+02 -3.688511E+01 -1.908393E+02  2.213346E-04 -1.179691E+05  1.664844E+03
  8.440000E+03 -6.514911E-01 -6.226017E+00  4.561704E+00 -1.173972E+02 -4.668980E+01 -1.849014E+02 -5.774312E-04 -1.178720E+05  1.667941E+03
  8.440000E+03 -6.525417E-01 -6.230838E+00  4.559747E+00 -1.173611E+02 -4.649984E+01 -1.849270E+02 -5.572436E-04 -1.178739E+05  1.668119E+03
  8.440000E+03 -8.970100E-01 -6.276087E+00  4.132740E+00 -1.177932E+02 -4.543384E+01 -1.870975E+02 -6.111777E-04 -1.178873E+05  1.664797E+03
  8.440000E+03 -8.817942E-01 -6.268483E+00  4.155793E+00 -1.178624E+02 -4.579960E+01 -1.869195E+02 -6.346766E-04 -1.178852E+05  1.664782E+03
  8.440000E+03 -2.206977E+00 -6.634298E+00  1.839671E+00 -1.152298E+02 -3.039817E+01 -1.958140E+02 -1.232027E-03 -1.178801E+05  1.654483E+03
  8.440000E+03 -1.629434E+00 -6.475080E+00  2.868635E+00 -1.168617E+02 -3.690933E+01 -1.932487E+02 -9.588751E-04 -1.178825E+05  1.658244E+03
  8.440000E+03 -2.283306E+00 -6.646288E+00  1.724473E+00 -1.142600E+02 -2.718237E+01 -1.966850E+02 -9.825877E-04 -1.178981E+05  1.654495E+03
  8.440000E+03 -2.518928E+00 -6.702762E+00  1.317060E+00 -1.142151E+02 -2.719139E+01 -1.963873E+02 -1.616407E-03 -1.178565E+05  1.652386E+03
  8.440000E+03 -8.678036E-01 -6.259542E+00  4.175350E+00 -1.179576E+02 -4.623768E+01 -1.867394E+02 -6.555186E-04 -1.178834E+05  1.664612E+03
  8.440000E+03 -1.180733E+00 -6.408554E+00  3.676717E+00 -1.165689E+02 -3.890347E+01 -1.901243E+02 -8.329420E-05 -1.179353E+05  1.664820E+03
  8.440000E+03 -2.136700E+00 -6.610218E+00  1.977245E+00 -1.147978E+02 -2.916438E+01 -1.962340E+02 -8.867106E-04 -1.179004E+05  1.654793E+03
  8.440000E+03 -2.216877E+00 -6.635948E+00  1.821789E+00 -1.151643E+02 -3.024142E+01 -1.958565E+02 -1.190020E-03 -1.178841E+05  1.654159E+03
  8.440000E+03 -8.192736E-01 -6.218973E+00  4.223150E+00 -1.185794E+02 -4.867564E+01 -1.859850E+02 -8.837231E-04 -1.178634E+05  1.663968E+03
  8.440000E+03 -2.184261E+00 -6.624616E+00  1.884093E+00 -1.156124E+02 -3.151767E+01 -1.955246E+02 -1.353137E-03 -1.178682E+05  1.654348E+03
  8.440000E+03 -1.435784E+00 -6.423629E+00  3.215104E+00 -1.175868E+02 -4.023868E+01 -1.914146E+02 -8.767331E-04 -1.178845E+05  1.661201E+03
  8.440000E+03 -2.268165E+00 -6.642560E+00  1.741612E+00 -1.146050E+02 -2.840686E+01 -1.963730E+02 -1.040880E-03 -1.178956E+05  1.653675E+03
  8.440000E+03 -1.426504E+00 -6.421430E+00  3.230643E+00 -1.175887E+02 -4.034435E+01 -1.913552E+02 -8.705803E-04 -1.178841E+05  1.661314E+03
  8.440000E+03 -1.323343E+00 -6.399000E+00  3.399476E+00 -1.175656E+02 -4.122919E+01 -1.907569E+02 -8.621450E-04 -1.178774E+05  1.662493E+03
  8.440000E+03 -1.856703E+00 -6.541506E+00  2.458087E+00 -1.161410E+02 -3.372521E+01 -1.945786E+02 -7.865708E-04 -1.179073E+05  1.655987E+03
  8.440000E+03 -3.633822E-01 -6.188438E+00  5.077969E+00 -1.166802E+02 -4.792369E+01 -1.817854E+02 -5.585213E-04 -1.178540E+05  1.674079E+03
  8.440000E+03 -1.564119E+00 -6.462450E+00  2.983579E+00 -1.172061E+02 -3.829657E+01 -1.925464E+02 -9.761548E-04 -1.178768E+05  1.660098E+03
  8.440000E+03 -6.494086E-01 -6.218559E+00  4.558756E+00 -1.174968E+02 -4.704132E+01 -1.848308E+02 -5.456755E-04 -1.178752E+05  1.667362E+03
  8.440000E+03  1.825854E-02 -6.180884E+00  5.803483E+00 -1.144736E+02 -4.752538E+01 -1.772381E+02  2.111818E-04 -1.178922E+05  1.679102E+03
  8.440000E+03 -1.084904E+00 -6.361114E+00  3.829494E+00 -1.171913E+02 -4.165461E+01 -1.890147E+02 -3.288383E-04 -1.179117E+05  1.665102E+03
  8.440000E+03 -1.276854E+00 -6.374445E+00  3.479167E+00 -1.174887E+02 -4.214977E+01 -1.903729E+02 -5.980365E-04 -1.179032E+05  1.660760E+03
  8.440000E+03 -1.184751E+00 -6.336438E+00  3.630214E+00 -1.178387E+02 -4.381443E+01 -1.895521E+02 -7.034050E-04 -1.178885E+05  1.660798E+03
  8.440000E+03 -6.785692E-01 -6.265795E+00  4.523853E+00 -1.169513E+02 -4.527579E+01 -1.852980E+02 -3.856288E-04 -1.178877E+05  1.669506E+03
  8.440000E+03 -8.647734E-01 -6.252270E+00  4.176026E+00 -1.180782E+02 -4.663224E+01 -1.866461E+02 -6.639740E-04 -1.178822E+05  1.664243E+03
  8.440000E+03 -1.408284E+00 -6.418938E+00  3.262516E+00 -1.174981E+02 -4.031029E+01 -1.912836E+02 -7.724317E-04 -1.178901E+05  1.661417E+03
  8.440000E+03 -1.277534E+00 -6.372188E+00  3.476713E+00 -1.175116E+02 -4.230491E+01 -1.903566E+02 -5.849479E-04 -1.179040E+05  1.660497E+03
  8.440000E+03 -1.452118E+00 -6.424719E+00  3.182753E+00 -1.176240E+02 -4.035491E+01 -1.914865E+02 -8.680142E-04 -1.178851E+05  1.660615E+03
  8.440000E+03 -1.066848E+00 -6.341868E+00  3.857118E+00 -1.173104E+02 -4.248357E+01 -1.887965E+02 -3.226970E-04 -1.179151E+05  1.663885E+03
  8.440000E+03 -2.209815E+00 -6.630306E+00  1.835593E+00 -1.154696E+02 -3.124787E+01 -1.956169E+02 -1.284407E-03 -1.178739E+05  1.653632E+03
  8.440000E+03 -1.233492E+00 -6.353256E+00  3.551260E+00 -1.177062E+02 -4.314850E+01 -1.899773E+02 -6.942705E-04 -1.178898E+05  1.660774E+03
  8.440000E+03 -1.367687E+00 -6.407148E+00  3.325520E+00 -1.175362E+02 -4.097340E+01 -1.910080E+02 -7.755780E-04 -1.178872E+05  1.661596E+03
  8.440000E+03 -1.281917E+00 -6.373724E+00  3.465415E+00 -1.176063E+02 -4.240713E+01 -1.903709E+02 -6.873916E-04 -1.178935E+05  1.660847E+03
  8.440000E+03 -1.439325E+00 -6.420753E+00  3.203828E+00 -1.176567E+02 -4.058509E+01 -1.913852E+02 -8.661467E-04 -1.178839E+05  1.660726E+03
  8.440000E+03 -7.991612E-01 -6.216820E+00  4.256960E+00 -1.185167E+02 -4.858511E+01 -1.857936E+02 -7.535936E-04 -1.178759E+05  1.663810E+03
  8.440000E+03 -1.055055E+00 -6.331131E+00  3.875923E+00 -1.174144E+02 -4.294994E+01 -1.886440E+02 -3.372479E-04 -1.179142E+05  1.663408E+03
  8.440000E+03 -3.774019E-01 -6.270483E+00  5.127349E+00 -1.157181E+02 -4.474139E+01 -1.820950E+02 -4.431460E-04 -1.178396E+05  1.679543E+03
  8.440000E+03 -1.205230E+00 -6.404173E+00  3.631415E+00 -1.166139E+02 -3.907619E+01 -1.902672E+02  3.169581E-05 -1.179476E+05  1.663264E+03
  8.440000E+03 -3.723954E-01 -6.277714E+00  5.141891E+00 -1.156181E+02 -4.444978E+01 -1.820510E+02 -4.206116E-04 -1.178391E+05  1.680023E+03
  8.440000E+03 -1.207321E+00 -6.404036E+00  3.627789E+00 -1.166116E+02 -3.907889E+01 -1.902803E+02  4.339652E-05 -1.179489E+05  1.663147E+03
  8.440000E+03 -9.745692E-01 -6.292815E+00  4.005705E+00 -1.177630E+02 -4.470111E+01 -1.877951E+02 -4.963051E-04 -1.178978E+05  1.663436E+03
  8.440000E+03 -2.232891E+00 -6.636482E+00  1.793009E+00 -1.152833E+02 -3.076486E+01 -1.957469E+02 -1.212039E-03 -1.178800E+05  1.653285E+03
  8.440000E+03 -8.138786E-01 -6.224292E+00  4.239696E+00 -1.184371E+02 -4.815619E+01 -1.859612E+02 -7.124492E-04 -1.178795E+05  1.663826E+03
  8.440000E+03 -1.813871E+00 -6.539651E+00  2.541869E+00 -1.164924E+02 -3.552374E+01 -1.941405E+02 -1.245532E-03 -1.178505E+05  1.660099E+03
  8.440000E+03 -3.969609E-01 -6.189863E+00  5.015545E+00 -1.168120E+02 -4.792142E+01 -1.821352E+02 -5.073535E-04 -1.178590E+05  1.673193E+03
  8.440000E+03 -8.488958E-01 -6.238886E+00  4.192891E+00 -1.182790E+02 -4.736952E+01 -1.863866E+02 -6.850531E-04 -1.178804E+05  1.663821E+03
  8.440000E+03 -6.573338E-01 -6.219549E+00  4.541913E+00 -1.175875E+02 -4.703546E+01 -1.848941E+02 -5.523893E-04 -1.178726E+05  1.667270E+03
  8.440000E+03 -2.267710E+00 -6.645807E+00  1.733693E+00 -1.141969E+02 -2.741124E+01 -1.966583E+02 -8.010709E-04 -1.179118E+05  1.653711E+03
  8.440000E+03 -1.471120E+00 -6.425396E+00  3.144225E+00 -1.176621E+02 -4.052284E+01 -1.915795E+02 -8.670691E-04 -1.178850E+05  1.659831E+03
  8.440000E+03 -1.272404E-01 -6.168812E+00  5.533133E+00 -1.156273E+02 -4.796580E+01 -1.790246E+02 -2.983221E-04 -1.178493E+05  1.677904E+03
  8.440000E+03 -1.605020E+00 -6.469282E+00  2.912710E+00 -1.172704E+02 -3.851163E+01 -1.926819E+02 -1.055887E-03 -1.178672E+05  1.659881E+03
  8.440000E+03 -8.583837E-01 -6.241898E+00  4.179187E+00 -1.182644E+02 -4.722241E+01 -1.864841E+02 -6.788826E-04 -1.178802E+05  1.663787E+03
  8.440000E+03 -1.765609E+00 -6.512480E+00  2.636904E+00 -1.167650E+02 -3.634534E+01 -1.937382E+02 -1.048058E-03 -1.178730E+05  1.658368E+03
  8.440000E+03 -1.349523E+00 -6.393309E+00  3.346070E+00 -1.176250E+02 -4.176456E+01 -1.908511E+02 -7.462971E-04 -1.178882E+05  1.660508E+03
  8.440000E+03 -5.130937E-01 -6.216783E+00  4.801237E+00 -1.169713E+02 -4.722967E+01 -1.834852E+02 -4.939784E-04 -1.178673E+05  1.671547E+03
  8.440000E+03 -4.838116E-01 -6.215414E+00  4.863095E+00 -1.168597E+02 -4.720418E+01 -1.831086E+02 -4.422436E-04 -1.178703E+05  1.672389E+03
  8.440000E+03 -2.267398E+00 -6.645023E+00  1.732615E+00 -1.149098E+02 -2.961689E+01 -1.960449E+02 -1.081987E-03 -1.178902E+05  1.653075E+03
  8.440000E+03 -1.077831E+00 -6.333320E+00  3.838179E+00 -1.174448E+02 -4.288599E+01 -1.887922E+02 -2.889676E-04 -1.179189E+05  1.662849E+03
  8.440000E+03 -1.293047E+00 -6.438810E+00  3.493471E+00 -1.162647E+02 -3.736256E+01 -1.910199E+02  1.697532E-04 -1.179603E+05  1.663702E+03
  8.440000E+03 -1.023247E+00 -6.306702E+00  3.927133E+00 -1.176940E+02 -4.407410E+01 -1.882216E+02 -3.947684E-04 -1.179081E+05  1.662763E+03
  8.440000E+03 -1.430224E+00 -6.417663E+00  3.219497E+00 -1.176211E+02 -4.073180E+01 -1.913298E+02 -7.904203E-04 -1.178871E+05  1.660641E+03
  8.440000E+03 -8.995935E-01 -6.257650E+00  4.120380E+00 -1.181266E+02 -4.642324E+01 -1.869363E+02 -6.294164E-04 -1.178833E+05  1.663668E+03
  8.440000E+03 -1.113706E+00 -6.351539E+00  3.781038E+00 -1.172724E+02 -4.206842E+01 -1.891628E+02 -2.310916E-04 -1.179234E+05  1.663160E+03
  8.440000E+03 -9.045083E-01 -6.259220E+00  4.112983E+00 -1.181155E+02 -4.634747E+01 -1.869854E+02 -6.213934E-04 -1.178839E+05  1.663622E+03
  8.440000E+03 -4.879486E-01 -6.211371E+00  4.851783E+00 -1.169389E+02 -4.735148E+01 -1.831385E+02 -4.337132E-04 -1.178712E+05  1.671914E+03
  8.440000E+03 -5.182060E-01 -6.191149E+00  4.758912E+00 -1.173745E+02 -4.836819E+01 -1.835504E+02 -6.118988E-04 -1.178588E+05  1.669458E+03
  8.440000E+03 -1.173263E+00 -6.330267E+00  3.642360E+00 -1.179842E+02 -4.470789E+01 -1.892761E+02 -7.021195E-04 -1.178868E+05  1.661151E+03
  8.440000E+03 -1.112450E+00 -6.349539E+00  3.783332E+00 -1.172941E+02 -4.215942E+01 -1.891371E+02 -2.290180E-04 -1.179236E+05  1.663050E+03
  8.440000E+03 -1.590281E+00 -6.461785E+00  2.934452E+00 -1.174016E+02 -3.908306E+01 -1.924696E+02 -9.929542E-04 -1.178733E+05  1.659382E+03
  8.440000E+03 -1.419647E+00 -6.414520E+00  3.236035E+00 -1.176012E+02 -4.088415E+01 -1.912634E+02 -7.476572E-04 -1.178901E+05  1.660543E+03
  8.440000E+03 -1.449117E+00 -6.416517E+00  3.178275E+00 -1.177857E+02 -4.119098E+01 -1.913512E+02 -8.840211E-04 -1.178809E+05  1.659912E+03
  8.440000E+03 -1.853418E+00 -6.544035E+00  2.466340E+00 -1.166148E+02 -3.502347E+01 -1.940566E+02 -8.312723E-04 -1.178989E+05  1.657109E+03
  8.440000E+03 -2.305785E+00 -6.652907E+00  1.669399E+00 -1.145264E+02 -2.830805E+01 -1.963858E+02 -9.941146E-04 -1.178945E+05  1.653133E+03
  8.440000E+03 -1.026258E+00 -6.305798E+00  3.923440E+00 -1.177187E+02 -4.412468E+01 -1.882199E+02 -3.813683E-04 -1.179087E+05  1.662677E+03
  8.440000E+03 -4.764034E-01 -6.202556E+00  4.867353E+00 -1.170205E+02 -4.766942E+01 -1.829811E+02 -4.316930E-04 -1.178709E+05  1.671621E+03
  8.440000E+03 -5.038857E-01 -6.206176E+00  4.813329E+00 -1.170958E+02 -4.759029E+01 -1.833098E+02 -4.447768E-04 -1.178714E+05  1.670953E+03
  8.440000E+03 -5.040142E-01 -6.187533E+00  4.785530E+00 -1.173820E+02 -4.847621E+01 -1.833481E+02 -5.748942E-04 -1.178612E+05  1.669651E+03
  8.440000E+03 -5.053628E-01 -6.191250E+00  4.788092E+00 -1.173318E+02 -4.830089E+01 -1.833565E+02 -5.466665E-04 -1.178634E+05  1.669851E+03
  8.440000E+03 -4.347977E-01 -6.189592E+00  4.938611E+00 -1.170119E+02 -4.807233E+01 -1.824996E+02 -4.383819E-04 -1.178682E+05  1.671935E+03
  8.440000E+03 -4.336767E-01 -6.225790E+00  4.984879E+00 -1.164758E+02 -4.652360E+01 -1.825679E+02 -3.879844E-04 -1.178610E+05  1.674883E+03
  8.440000E+03 -4.285871E-01 -6.205519E+00  4.974569E+00 -1.167359E+02 -4.726741E+01 -1.824600E+02 -3.834766E-04 -1.178670E+05  1.673247E+03
  8.440000E+03 -1.075131E+00 -6.293554E+00  3.797794E+00 -1.184094E+02 -4.610660E+01 -1.882387E+02 -6.246506E-04 -1.178942E+05  1.660772E+03
  8.440000E+03 -1.461741E+00 -6.417815E+00  3.154136E+00 -1.178233E+02 -4.130897E+01 -1.913952E+02 -9.013131E-04 -1.178792E+05  1.659616E+03
  8.440000E+03 -1.268886E+00 -6.416282E+00  3.528521E+00 -1.164839E+02 -3.845525E+01 -1.907294E+02  2.115287E-04 -1.179654E+05  1.662116E+03
  8.440000E+03 -9.246131E-01 -6.265025E+00  4.083415E+00 -1.180896E+02 -4.608398E+01 -1.871601E+02 -5.749197E-04 -1.178870E+05  1.663463E+03
  8.440000E+03 -1.331750E+00 -6.443286E+00  3.432004E+00 -1.161723E+02 -3.705288E+01 -1.913216E+02  2.364707E-04 -1.179669E+05  1.662908E+03
  8.440000E+03 -1.106725E+00 -6.345932E+00  3.795498E+00 -1.173235E+02 -4.233601E+01 -1.890512E+02 -2.169634E-04 -1.179237E+05  1.663076E+03
  8.440000E+03 -1.307831E+00 -6.374572E+00  3.412021E+00 -1.177835E+02 -4.283164E+01 -1.904094E+02 -6.917768E-04 -1.178934E+05  1.660063E+03
  8.440000E+03 -5.076199E-01 -6.171108E+00  4.762316E+00 -1.176757E+02 -4.925732E+01 -1.833162E+02 -6.513569E-04 -1.178563E+05  1.668593E+03
  8.440000E+03 -4.283111E-01 -6.193022E+00  4.960653E+00 -1.169169E+02 -4.777222E+01 -1.824162E+02 -3.668843E-04 -1.178720E+05  1.672130E+03
  8.440000E+03  3.688735E-02 -6.168105E+00  5.836485E+00 -1.145399E+02 -4.810762E+01 -1.768848E+02  2.575672E-04 -1.178893E+05  1.679812E+03
  8.440000E+03 -1.302854E+00 -6.372009E+00  3.421634E+00 -1.177942E+02 -4.304114E+01 -1.903230E+02 -6.602075E-04 -1.178963E+05  1.660057E+03
  8.440000E+03 -1.192450E+00 -6.382840E+00  3.657296E+00 -1.168518E+02 -4.036095E+01 -1.899784E+02 -1.934351E-05 -1.179417E+05  1.662702E+03
  8.440000E+03 -8.382445E-01 -6.214520E+00  4.185419E+00 -1.188970E+02 -4.907768E+01 -1.859278E+02 -8.079570E-04 -1.178693E+05  1.663083E+03
  8.440000E+03 -1.447127E+00 -6.413513E+00  3.178112E+00 -1.178855E+02 -4.160668E+01 -1.912592E+02 -9.039241E-04 -1.178768E+05  1.659851E+03
  8.440000E+03 -4.321442E-01 -6.183235E+00  4.940716E+00 -1.171023E+02 -4.826005E+01 -1.824174E+02 -3.953354E-04 -1.178722E+05  1.671422E+03
  8.440000E+03 -4.324438E-01 -6.183851E+00  4.941298E+00 -1.170929E+02 -4.822130E+01 -1.824195E+02 -3.870333E-04 -1.178728E+05  1.671428E+03
  8.440000E+03 -1.205372E+00 -6.387497E+00  3.637242E+00 -1.167827E+02 -4.007697E+01 -1.900994E+02  3.514413E-05 -1.179470E+05  1.662521E+03
  8.440000E+03 -1.311941E+00 -6.376593E+00  3.407092E+00 -1.178245E+02 -4.310902E+01 -1.903172E+02 -6.800404E-04 -1.178937E+05  1.660568E+03
  8.440000E+03 -8.536480E-01 -6.222183E+00  4.165427E+00 -1.187963E+02 -4.862323E+01 -1.861304E+02 -7.624495E-04 -1.178729E+05  1.662988E+03
  8.440000E+03 -2.317998E+00 -6.658570E+00  1.644975E+00 -1.155601E+02 -3.197375E+01 -1.954028E+02 -1.537544E-03 -1.178494E+05  1.652123E+03
  8.440000E+03 -4.362263E-01 -6.184292E+00  4.935611E+00 -1.171064E+02 -4.819003E+01 -1.824484E+02 -3.696104E-04 -1.178744E+05  1.671316E+03
  8.440000E+03 -4.898792E-01 -6.171442E+00  4.798668E+00 -1.176122E+02 -4.914849E+01 -1.830781E+02 -5.558530E-04 -1.178635E+05  1.668957E+03
  8.440000E+03 -4.875540E-01 -6.159699E+00  4.791325E+00 -1.177931E+02 -4.970007E+01 -1.830177E+02 -6.310504E-04 -1.178580E+05  1.668406E+03
  8.440000E+03 -1.323286E+00 -6.380900E+00  3.387114E+00 -1.178812E+02 -4.307431E+01 -1.903534E+02 -7.173235E-04 -1.178898E+05  1.660823E+03
  8.440000E+03 -1.840154E+00 -6.542101E+00  2.495677E+00 -1.166590E+02 -3.563664E+01 -1.939071E+02 -8.813349E-04 -1.178894E+05  1.658109E+03
  8.440000E+03 -9.115308E-01 -6.261105E+00  4.104486E+00 -1.181431E+02 -4.630334E+01 -1.869919E+02 -5.578779E-04 -1.178866E+05  1.663689E+03
  8.440000E+03 -8.747232E-01 -6.232313E+00  4.139177E+00 -1.186445E+02 -4.797589E+01 -1.864187E+02 -6.981565E-04 -1.178770E+05  1.662848E+03
  8.440000E+03 -4.626343E-01 -6.178892E+00  4.872446E+00 -1.173567E+02 -4.860220E+01 -1.827232E+02 -4.328879E-04 -1.178711E+05  1.670336E+03
  8.440000E+03 -1.567944E+00 -6.448931E+00  2.969182E+00 -1.176623E+02 -4.017689E+01 -1.920662E+02 -8.859245E-04 -1.178820E+05  1.658684E+03
  8.440000E+03 -1.452660E+00 -6.413146E+00  3.166478E+00 -1.179309E+02 -4.176909E+01 -1.912573E+02 -9.080951E-04 -1.178751E+05  1.659649E+03
  8.440000E+03 -1.196296E+00 -6.387267E+00  3.655784E+00 -1.167564E+02 -4.014233E+01 -1.900207E+02  2.589524E-05 -1.179450E+05  1.663014E+03
  8.440000E+03 -1.262485E+00 -6.417855E+00  3.555469E+00 -1.163171E+02 -3.842512E+01 -1.906459E+02  2.769991E-04 -1.179712E+05  1.662909E+03
  8.440000E+03 -8.969019E-01 -6.250601E+00  4.120167E+00 -1.183125E+02 -4.687394E+01 -1.867766E+02 -5.831384E-04 -1.178847E+05  1.663343E+03
  8.440000E+03 -8.948185E-01 -6.236660E+00  4.104206E+00 -1.186851E+02 -4.792296E+01 -1.865626E+02 -6.904101E-04 -1.178787E+05  1.662591E+03
  8.440000E+03 -4.843987E-01 -6.164587E+00  4.803414E+00 -1.177252E+02 -4.943527E+01 -1.829584E+02 -5.467437E-04 -1.178645E+05  1.668669E+03
  8.440000E+03 -8.887032E-01 -6.242074E+00  4.125038E+00 -1.184736E+02 -4.736279E+01 -1.866311E+02 -6.181555E-04 -1.178823E+05  1.662945E+03
  8.440000E+03 -1.347538E+00 -6.380211E+00  3.342653E+00 -1.178490E+02 -4.301806E+01 -1.905211E+02 -5.870941E-04 -1.179030E+05  1.659145E+03
  8.440000E+03 -4.421116E-01 -6.178807E+00  4.920815E+00 -1.172400E+02 -4.844470E+01 -1.824534E+02 -3.584553E-04 -1.178757E+05  1.670875E+03
  8.440000E+03 -4.423999E-01 -6.169296E+00  4.906068E+00 -1.174133E+02 -4.891744E+01 -1.824463E+02 -4.171195E-04 -1.178717E+05  1.670294E+03
