  8.440000E+03  7.888371E+00 -1.565718E-01  1.559056E+01 -6.297008E+01 -9.043258E+01 -3.869505E+01  5.760900E-04 -1.174128E+05  1.727896E+03
  8.440000E+03  7.908838E+00 -1.024551E-01  1.557461E+01 -6.296318E+01 -9.060848E+01 -3.848858E+01  5.580734E-04 -1.174139E+05  1.727051E+03
  8.440000E+03  7.837975E+00 -2.998952E-01  1.563998E+01 -6.286359E+01 -8.992819E+01 -3.907007E+01  6.586692E-04 -1.174128E+05  1.730113E+03
  8.440000E+03  7.892826E+00 -1.414260E-01  1.558411E+01 -6.299194E+01 -9.049131E+01 -3.867402E+01  5.733694E-04 -1.174131E+05  1.727623E+03
  8.440000E+03  8.097955E+00 -6.278743E-02  1.586439E+01 -5.932268E+01 -8.931245E+01 -3.276555E+01  7.492280E-04 -1.174071E+05  1.731640E+03
  8.440000E+03  8.007157E+00  1.055106E-01  1.556350E+01 -6.241364E+01 -9.115499E+01 -3.692040E+01  3.748244E-04 -1.174017E+05  1.726689E+03
  8.440000E+03  8.622832E+00  4.311123E-01  1.632641E+01 -5.060486E+01 -8.791045E+01 -1.757994E+01  5.427165E-04 -1.173596E+05  1.742238E+03
  8.440000E+03  7.869826E+00 -2.031873E-01  1.560263E+01 -6.298959E+01 -9.029467E+01 -3.891508E+01  5.912554E-04 -1.174108E+05  1.728637E+03
  8.440000E+03  8.002149E+00  8.658192E-02  1.556944E+01 -6.242281E+01 -9.109331E+01 -3.697531E+01  3.752459E-04 -1.174001E+05  1.727112E+03
  8.440000E+03  7.922095E+00 -6.400595E-02  1.556200E+01 -6.297663E+01 -9.074413E+01 -3.839111E+01  5.416457E-04 -1.174132E+05  1.726440E+03
  8.440000E+03  8.619368E+00  3.657455E-01  1.637441E+01 -4.993866E+01 -8.760567E+01 -1.638422E+01  8.072958E-04 -1.173788E+05  1.743900E+03
  8.440000E+03  7.864662E+00 -2.137125E-01  1.560392E+01 -6.300958E+01 -9.026945E+01 -3.899054E+01  5.985632E-04 -1.174106E+05  1.728760E+03
  8.440000E+03  8.137058E+00 -3.131417E-02  1.588649E+01 -5.865652E+01 -8.928728E+01 -3.175693E+01  8.971416E-04 -1.174218E+05  1.731734E+03
  8.440000E+03  8.131404E+00 -4.564881E-02  1.588628E+01 -5.865964E+01 -8.926451E+01 -3.182654E+01  9.355027E-04 -1.174258E+05  1.731725E+03
  8.440000E+03  7.786723E+00 -4.260432E-01  1.567205E+01 -6.288278E+01 -8.953543E+01 -3.951999E+01  7.423948E-04 -1.174157E+05  1.732061E+03
  8.440000E+03  8.029604E+00  2.441180E-01  1.549145E+01 -6.269369E+01 -9.166171E+01 -3.708896E+01  4.280792E-04 -1.174158E+05  1.721505E+03
  8.440000E+03  8.598782E+00  4.375917E-01  1.626491E+01 -5.147677E+01 -8.818613E+01 -1.918951E+01  5.244742E-04 -1.173632E+05  1.739711E+03
  8.440000E+03  7.836502E+00 -2.907166E-01  1.562862E+01 -6.296341E+01 -8.999539E+01 -3.920685E+01  6.662933E-04 -1.174128E+05  1.729744E+03
  8.440000E+03  8.055558E+00  3.863495E-01  1.542323E+01 -6.290403E+01 -9.216980E+01 -3.709987E+01  4.700446E-04 -1.174295E+05  1.716604E+03
  8.440000E+03  8.465758E+00  3.211018E-01  1.614421E+01 -5.356326E+01 -8.858426E+01 -2.289139E+01  8.649462E-04 -1.174081E+05  1.735323E+03
  8.440000E+03  8.010098E+00  5.544633E-01  1.526033E+01 -6.431676E+01 -9.350198E+01 -3.893564E+01  6.678772E-05 -1.174059E+05  1.712309E+03
  8.440000E+03  8.020375E+00  2.004534E-01  1.550989E+01 -6.265636E+01 -9.152704E+01 -3.711487E+01  4.162206E-04 -1.174109E+05  1.723123E+03
  8.440000E+03  7.797208E+00 -3.940608E-01  1.565911E+01 -6.293641E+01 -8.965440E+01 -3.950946E+01  7.253647E-04 -1.174144E+05  1.731427E+03
  8.440000E+03  8.041150E+00  3.162807E-01  1.545386E+01 -6.283646E+01 -9.193049E+01 -3.716563E+01  4.557940E-04 -1.174226E+05  1.718840E+03
  8.440000E+03  8.040594E+00 -1.137705E-01  1.580085E+01 -6.014235E+01 -8.946203E+01 -3.418688E+01  9.294164E-04 -1.174284E+05  1.729948E+03
  8.440000E+03  8.149024E+00  2.047431E-02  1.586646E+01 -5.882991E+01 -8.945637E+01 -3.186824E+01  8.094121E-04 -1.174126E+05  1.730979E+03
  8.440000E+03  8.008387E+00  1.343953E-01  1.554135E+01 -6.255831E+01 -9.130551E+01 -3.708578E+01  3.939210E-04 -1.174033E+05  1.725650E+03
  8.440000E+03  7.825695E+00 -3.122906E-01  1.563058E+01 -6.300855E+01 -8.994218E+01 -3.935920E+01  6.866251E-04 -1.174131E+05  1.729957E+03
  8.440000E+03  8.026640E+00  2.449789E-01  1.548530E+01 -6.276189E+01 -9.169718E+01 -3.719688E+01  4.367764E-04 -1.174152E+05  1.721388E+03
  8.440000E+03  8.042902E+00  5.477871E-01  1.531668E+01 -6.367774E+01 -9.317298E+01 -3.806243E+01  1.337646E-04 -1.174061E+05  1.713441E+03
  8.440000E+03  7.861994E+00 -1.998991E-01  1.558788E+01 -6.314816E+01 -9.037623E+01 -3.916605E+01  6.069544E-04 -1.174105E+05  1.728373E+03
  8.440000E+03  8.033011E+00  2.832993E-01  1.546571E+01 -6.283195E+01 -9.183675E+01 -3.723127E+01  4.524465E-04 -1.174191E+05  1.719949E+03
  8.440000E+03  8.222035E+00  8.163967E-02  1.593685E+01 -5.719627E+01 -8.924868E+01 -2.935827E+01  1.171761E-03 -1.174502E+05  1.731179E+03
  8.440000E+03  7.782307E+00 -4.269911E-01  1.566025E+01 -6.300176E+01 -8.956504E+01 -3.971376E+01  7.749833E-04 -1.174179E+05  1.731568E+03
  8.440000E+03  8.012842E+00  1.765585E-01  1.551553E+01 -6.268850E+01 -9.147787E+01 -3.721099E+01  4.160978E-04 -1.174077E+05  1.723946E+03
  8.440000E+03  7.803021E+00 -3.680474E-01  1.564345E+01 -6.303420E+01 -8.977191E+01 -3.959026E+01  7.189850E-04 -1.174137E+05  1.730773E+03
  8.440000E+03  7.933549E+00 -6.640226E-03  1.552775E+01 -6.318576E+01 -9.099890E+01 -3.851013E+01  5.382871E-04 -1.174132E+05  1.724985E+03
  8.440000E+03  8.040976E+00  3.334161E-01  1.543936E+01 -6.292842E+01 -9.202906E+01 -3.727727E+01  4.734503E-04 -1.174239E+05  1.718153E+03
  8.440000E+03  8.016844E+00  5.353155E-01  1.527939E+01 -6.410454E+01 -9.335446E+01 -3.873579E+01  1.457014E-04 -1.174097E+05  1.712687E+03
  8.440000E+03  7.907670E+00 -6.252199E-02  1.553840E+01 -6.324214E+01 -9.085442E+01 -3.881811E+01  5.751625E-04 -1.174143E+05  1.725778E+03
  8.440000E+03  8.005557E+00  1.455393E-01  1.552730E+01 -6.267540E+01 -9.138862E+01 -3.724871E+01  4.101094E-04 -1.174043E+05  1.725068E+03
  8.440000E+03  8.002686E+00  1.315869E-01  1.553317E+01 -6.266130E+01 -9.134506E+01 -3.725342E+01  4.065766E-04 -1.174029E+05  1.725575E+03
  8.440000E+03  8.523106E+00  1.409747E-01  1.642281E+01 -5.013363E+01 -8.728040E+01 -1.704600E+01  1.144653E-03 -1.173938E+05  1.746538E+03
  8.440000E+03  7.807206E+00 -3.484861E-01  1.563214E+01 -6.310261E+01 -8.986065E+01 -3.964050E+01  7.134406E-04 -1.174133E+05  1.730320E+03
  8.440000E+03  7.850744E+00 -2.153846E-01  1.558403E+01 -6.323849E+01 -9.036184E+01 -3.937671E+01  6.338625E-04 -1.174112E+05  1.728364E+03
  8.440000E+03  7.921454E+00 -1.801594E-02  1.551874E+01 -6.331873E+01 -9.101379E+01 -3.875910E+01  5.687524E-04 -1.174156E+05  1.724752E+03
  8.440000E+03  8.402012E+00  2.781382E-01  1.608653E+01 -5.453323E+01 -8.884286E+01 -2.475220E+01  9.153571E-04 -1.174162E+05  1.733676E+03
  8.440000E+03  8.532812E+00  1.695137E-01  1.641810E+01 -5.008462E+01 -8.731217E+01 -1.694199E+01  1.143629E-03 -1.173945E+05  1.745993E+03
  8.440000E+03  8.020623E+00  2.405017E-01  1.547817E+01 -6.286284E+01 -9.173431E+01 -3.736778E+01  4.492245E-04 -1.174138E+05  1.721414E+03
  8.440000E+03  7.791053E+00 -3.920188E-01  1.564086E+01 -6.311826E+01 -8.971561E+01 -3.979621E+01  7.636634E-04 -1.174168E+05  1.730726E+03
  8.440000E+03  8.404446E+00  2.867230E-01  1.608425E+01 -5.449665E+01 -8.884975E+01 -2.466017E+01  9.586326E-04 -1.174211E+05  1.733370E+03
  8.440000E+03  7.807076E+00 -3.847639E-01  1.567214E+01 -6.263195E+01 -8.953092E+01 -3.902291E+01  9.816733E-04 -1.174382E+05  1.729805E+03
  8.440000E+03  8.037308E+00  3.318404E-01  1.543381E+01 -6.299847E+01 -9.206236E+01 -3.739610E+01  4.810060E-04 -1.174227E+05  1.718141E+03
  8.440000E+03  7.868874E+00 -1.496788E-01  1.555544E+01 -6.335171E+01 -9.062923E+01 -3.930196E+01  6.099115E-04 -1.174119E+05  1.727293E+03
  8.440000E+03  8.171311E+00  5.582636E-02  1.586428E+01 -5.858875E+01 -8.954261E+01 -3.147700E+01  8.736740E-04 -1.174182E+05  1.730731E+03
  8.440000E+03  7.854187E+00 -1.905153E-01  1.556807E+01 -6.334032E+01 -9.049193E+01 -3.944191E+01  6.300126E-04 -1.174114E+05  1.727929E+03
  8.440000E+03  8.028082E+00  2.905114E-01  1.545096E+01 -6.297121E+01 -9.192838E+01 -3.744191E+01  4.720889E-04 -1.174186E+05  1.719530E+03
  8.440000E+03  8.434431E+00  3.344051E-01  1.609652E+01 -5.422117E+01 -8.884251E+01 -2.408298E+01  8.708087E-04 -1.174105E+05  1.733544E+03
  8.440000E+03  8.642772E+00  5.493477E-01  1.624178E+01 -5.131490E+01 -8.832641E+01 -1.872160E+01  5.094329E-04 -1.173630E+05  1.737878E+03
  8.440000E+03  8.014127E+00  2.230589E-01  1.548082E+01 -6.290331E+01 -9.170553E+01 -3.746657E+01  4.513727E-04 -1.174116E+05  1.721970E+03
  8.440000E+03  8.678415E+00  5.646587E-01  1.630495E+01 -5.022243E+01 -8.802985E+01 -1.669192E+01  6.105971E-04 -1.173670E+05  1.740284E+03
  8.440000E+03  8.015295E+00  2.318897E-01  1.547582E+01 -6.292530E+01 -9.174070E+01 -3.748514E+01  4.557472E-04 -1.174124E+05  1.721628E+03
  8.440000E+03  8.657395E+00  5.624625E-01  1.625483E+01 -5.093894E+01 -8.824235E+01 -1.798437E+01  6.201872E-04 -1.173739E+05  1.738144E+03
  8.440000E+03  7.791222E+00 -4.133212E-01  1.566961E+01 -6.275406E+01 -8.947465E+01 -3.928100E+01  1.005751E-03 -1.174394E+05  1.730031E+03
  8.440000E+03  7.798720E+00 -3.537775E-01  1.561906E+01 -6.325349E+01 -8.989237E+01 -3.989834E+01  7.478761E-04 -1.174155E+05  1.729900E+03
  8.440000E+03  8.018890E+00  2.556782E-01  1.546303E+01 -6.297614E+01 -9.183221E+01 -3.752091E+01  4.661664E-04 -1.174146E+05  1.720729E+03
  8.440000E+03  8.213329E+00  1.049298E-01  1.589091E+01 -5.773317E+01 -8.946030E+01 -3.015696E+01  1.147390E-03 -1.174475E+05  1.729610E+03
  8.440000E+03  8.182221E+00  8.528988E-02  1.585644E+01 -5.858205E+01 -8.961957E+01 -3.139477E+01  8.659598E-04 -1.174172E+05  1.730259E+03
  8.440000E+03  7.802778E+00 -3.323087E-01  1.560827E+01 -6.331648E+01 -8.999109E+01 -3.993207E+01  7.331548E-04 -1.174145E+05  1.729541E+03
  8.440000E+03  7.836177E+00 -2.274118E-01  1.557135E+01 -6.341127E+01 -9.039083E+01 -3.970300E+01  6.791248E-04 -1.174133E+05  1.728085E+03
  8.440000E+03  7.794432E+00 -3.678670E-01  1.562035E+01 -6.326136E+01 -8.983632E+01 -3.994240E+01  7.888792E-04 -1.174190E+05  1.729794E+03
  8.440000E+03  8.088737E+00  5.449357E-01  1.535130E+01 -6.314391E+01 -9.284241E+01 -3.713048E+01  3.805476E-04 -1.174220E+05  1.713216E+03
  8.440000E+03  7.958056E+00  5.733966E-02  1.551750E+01 -6.312005E+01 -9.128978E+01 -3.809766E+01  4.609142E-04 -1.174032E+05  1.726394E+03
  8.440000E+03  7.818705E+00 -2.716105E-01  1.558257E+01 -6.342580E+01 -9.024010E+01 -3.989251E+01  7.061189E-04 -1.174139E+05  1.728551E+03
  8.440000E+03  8.567653E+00  2.556076E-01  1.640040E+01 -4.995866E+01 -8.743119E+01 -1.662392E+01  1.124771E-03 -1.173935E+05  1.744788E+03
  8.440000E+03  7.796945E+00 -3.515956E-01  1.561090E+01 -6.332591E+01 -8.991873E+01 -3.999837E+01  7.733729E-04 -1.174176E+05  1.729528E+03
  8.440000E+03  8.592110E+00  5.363300E-01  1.618396E+01 -5.234456E+01 -8.861418E+01 -2.068900E+01  4.780646E-04 -1.173628E+05  1.735175E+03
  8.440000E+03  8.001283E+00  1.921278E-01  1.548375E+01 -6.299281E+01 -9.165972E+01 -3.767029E+01  4.585335E-04 -1.174085E+05  1.722851E+03
  8.440000E+03  7.856445E+00 -1.504990E-01  1.553752E+01 -6.355334E+01 -9.071508E+01 -3.963619E+01  6.407329E-04 -1.174129E+05  1.726913E+03
  8.440000E+03  7.868202E+00 -1.168098E-01  1.552659E+01 -6.356465E+01 -9.082898E+01 -3.953696E+01  6.285056E-04 -1.174133E+05  1.726292E+03
  8.440000E+03  8.071197E+00 -1.577023E-02  1.575049E+01 -6.039093E+01 -8.985771E+01 -3.425135E+01  9.084043E-04 -1.174257E+05  1.728371E+03
  8.440000E+03  8.009406E+00  2.325838E-01  1.546552E+01 -6.304233E+01 -9.179880E+01 -3.767437E+01  4.709707E-04 -1.174117E+05  1.721420E+03
  8.440000E+03  7.974266E+00  1.116012E-01  1.550283E+01 -6.307862E+01 -9.145767E+01 -3.796069E+01  4.614276E-04 -1.174043E+05  1.725068E+03
  8.440000E+03  8.019852E+00  2.838050E-01  1.544231E+01 -6.310259E+01 -9.197549E+01 -3.766993E+01  4.845737E-04 -1.174160E+05  1.719616E+03
  8.440000E+03  7.965941E+00  9.164742E-02  1.550528E+01 -6.312747E+01 -9.141446E+01 -3.807279E+01  4.655530E-04 -1.174037E+05  1.725509E+03
  8.440000E+03  8.186034E+00  1.008650E-01  1.584568E+01 -5.860820E+01 -8.969465E+01 -3.145613E+01  8.889405E-04 -1.174193E+05  1.729730E+03
  8.440000E+03  8.073458E+00 -3.913592E-03  1.574649E+01 -6.044484E+01 -8.990110E+01 -3.427313E+01  8.705712E-04 -1.174218E+05  1.728373E+03
  8.440000E+03  7.880094E+00 -7.532987E-02  1.550907E+01 -6.361960E+01 -9.098425E+01 -3.948704E+01  6.270025E-04 -1.174145E+05  1.725344E+03
  8.440000E+03  8.707422E+00  6.214400E-01  1.629633E+01 -4.989838E+01 -8.804370E+01 -1.601757E+01  7.394214E-04 -1.173808E+05  1.739297E+03
  8.440000E+03  7.801286E+00 -3.576809E-01  1.562835E+01 -6.303135E+01 -8.974117E+01 -3.951665E+01  1.032130E-03 -1.174429E+05  1.728333E+03
  8.440000E+03  7.808634E+00 -3.411327E-01  1.562678E+01 -6.299955E+01 -8.978575E+01 -3.941616E+01  1.024645E-03 -1.174424E+05  1.728165E+03
  8.440000E+03  7.810662E+00 -3.257006E-01  1.561033E+01 -6.316491E+01 -8.990312E+01 -3.964150E+01  9.429290E-04 -1.174352E+05  1.727977E+03
  8.440000E+03  8.668936E+00  6.113999E-01  1.622980E+01 -5.115936E+01 -8.839107E+01 -1.833534E+01  5.380168E-04 -1.173667E+05  1.736912E+03
  8.440000E+03  8.091044E+00  6.338520E-01  1.529692E+01 -6.338816E+01 -9.337401E+01 -3.736561E+01  2.693227E-04 -1.174193E+05  1.711733E+03
  8.440000E+03  7.895889E+00 -2.550236E-02  1.548910E+01 -6.368440E+01 -9.114768E+01 -3.939459E+01  6.286692E-04 -1.174166E+05  1.724068E+03
  8.440000E+03  8.083317E+00  5.271959E-01  1.535314E+01 -6.314376E+01 -9.279906E+01 -3.720215E+01  4.527659E-04 -1.174257E+05  1.713328E+03
  8.440000E+03  7.864035E+00 -1.063318E-01  1.551157E+01 -6.369574E+01 -9.092082E+01 -3.972084E+01  6.459428E-04 -1.174141E+05  1.725810E+03
  8.440000E+03  8.009756E+00  2.556235E-01  1.544813E+01 -6.315160E+01 -9.191817E+01 -3.780888E+01  4.874491E-04 -1.174128E+05  1.720482E+03
  8.440000E+03  8.229790E+00  1.609909E-01  1.586844E+01 -5.777620E+01 -8.962298E+01 -3.015626E+01  1.163837E-03 -1.174495E+05  1.728081E+03
  8.440000E+03  7.799470E+00 -2.863868E-01  1.556238E+01 -6.368060E+01 -9.028920E+01 -4.034759E+01  7.581213E-04 -1.174176E+05  1.728093E+03
  8.440000E+03  8.729536E+00  6.463789E-01  1.630779E+01 -4.953232E+01 -8.799886E+01 -1.536691E+01  7.462875E-04 -1.173799E+05  1.739746E+03
  8.440000E+03  8.463833E+00  4.120847E-01  1.607338E+01 -5.416795E+01 -8.901633E+01 -2.385271E+01  8.751921E-04 -1.174117E+05  1.732312E+03
  8.440000E+03  8.736026E+00  6.975853E-01  1.627173E+01 -4.996726E+01 -8.816353E+01 -1.605073E+01  6.541754E-04 -1.173747E+05  1.737652E+03
  8.440000E+03  7.800262E+00 -2.767523E-01  1.555517E+01 -6.372740E+01 -9.034520E+01 -4.038852E+01  7.595267E-04 -1.174180E+05  1.727893E+03
  8.440000E+03  7.847131E+00 -1.415072E-01  1.551491E+01 -6.376421E+01 -9.083399E+01 -3.995232E+01  6.825549E-04 -1.174155E+05  1.726191E+03
  8.440000E+03  8.686200E+00  5.279847E-01  1.633845E+01 -4.957459E+01 -8.783259E+01 -1.563719E+01  8.596844E-04 -1.173837E+05  1.741556E+03
  8.440000E+03  7.822914E+00 -2.103822E-01  1.553516E+01 -6.374989E+01 -9.059636E+01 -4.017004E+01  7.241126E-04 -1.174166E+05  1.727234E+03
  8.440000E+03  7.826203E+00 -2.918882E-01  1.560938E+01 -6.304998E+01 -8.996249E+01 -3.932975E+01  1.004250E-03 -1.174405E+05  1.727353E+03
  8.440000E+03  8.608130E+00  2.350569E-01  1.645825E+01 -4.868203E+01 -8.701993E+01 -1.420353E+01  1.542561E-03 -1.174214E+05  1.745486E+03
  8.440000E+03  7.818934E+00 -3.062790E-01  1.560838E+01 -6.310678E+01 -8.993010E+01 -3.945853E+01  1.014020E-03 -1.174411E+05  1.727409E+03
  8.440000E+03  8.018590E+00  3.110489E-01  1.541875E+01 -6.326701E+01 -9.213853E+01 -3.788586E+01  5.048075E-04 -1.174164E+05  1.718513E+03
  8.440000E+03  8.743200E+00  7.022231E-01  1.627630E+01 -4.977200E+01 -8.813678E+01 -1.567889E+01  7.190367E-04 -1.173809E+05  1.737979E+03
  8.440000E+03  8.657096E+00  6.536188E-01  1.619204E+01 -5.172695E+01 -8.865630E+01 -1.948213E+01  3.665944E-04 -1.173507E+05  1.734960E+03
  8.440000E+03  8.755949E+00  6.979205E-01  1.630354E+01 -4.937605E+01 -8.803607E+01 -1.502948E+01  6.737897E-04 -1.173730E+05  1.739487E+03
  8.440000E+03  7.999961E+00  2.363674E-01  1.544758E+01 -6.323676E+01 -9.190325E+01 -3.799015E+01  4.958528E-04 -1.174105E+05  1.720965E+03
  8.440000E+03  7.946987E+00  7.726642E-02  1.548920E+01 -6.337693E+01 -9.147021E+01 -3.850457E+01  5.000844E-04 -1.174034E+05  1.725320E+03
  8.440000E+03  8.195656E+00  1.373036E-01  1.582711E+01 -5.863451E+01 -8.984033E+01 -3.150352E+01  9.157559E-04 -1.174220E+05  1.728746E+03
  8.440000E+03  7.816837E+00 -3.052400E-01  1.560175E+01 -6.318496E+01 -8.995538E+01 -3.957041E+01  1.012371E-03 -1.174405E+05  1.727228E+03
  8.440000E+03  7.809607E+00 -3.247101E-01  1.560782E+01 -6.317134E+01 -8.988214E+01 -3.960639E+01  1.035506E-03 -1.174424E+05  1.727450E+03
  8.440000E+03  8.202148E+00  1.609673E-01  1.581995E+01 -5.868082E+01 -8.990957E+01 -3.147290E+01  8.842029E-04 -1.174191E+05  1.728547E+03
  8.440000E+03  8.585443E+00  2.869758E-01  1.640107E+01 -4.987915E+01 -8.741461E+01 -1.636123E+01  1.163749E-03 -1.173888E+05  1.744460E+03
  8.440000E+03  7.945109E+00  8.004775E-02  1.548436E+01 -6.342009E+01 -9.149837E+01 -3.857573E+01  5.070102E-04 -1.174037E+05  1.725117E+03
  8.440000E+03  7.818030E+00 -2.750197E-01  1.557044E+01 -6.347817E+01 -9.020929E+01 -3.995677E+01  8.813857E-04 -1.174287E+05  1.727189E+03
  8.440000E+03  8.689682E+00  6.676851E-01  1.621260E+01 -5.114489E+01 -8.848050E+01 -1.820961E+01  5.356517E-04 -1.173671E+05  1.735813E+03
  8.440000E+03  7.925494E+00  3.147859E-02  1.548900E+01 -6.358183E+01 -9.135246E+01 -3.883114E+01  5.374516E-04 -1.174049E+05  1.725794E+03
  8.440000E+03  8.770927E+00  7.780784E-01  1.625343E+01 -4.981367E+01 -8.825006E+01 -1.565754E+01  6.457568E-04 -1.173753E+05  1.736444E+03
  8.440000E+03  8.067461E+00  4.917950E-01  1.535308E+01 -6.327589E+01 -9.274503E+01 -3.751610E+01  4.972660E-04 -1.174243E+05  1.713739E+03
  8.440000E+03  8.129429E+00  6.420344E-01  1.533640E+01 -6.286983E+01 -9.313157E+01 -3.645952E+01  3.642160E-04 -1.174223E+05  1.712719E+03
  8.440000E+03  7.808375E+00 -2.714430E-01  1.555090E+01 -6.370954E+01 -9.033774E+01 -4.030773E+01  8.295041E-04 -1.174235E+05  1.727331E+03
  8.440000E+03  8.686991E+00  5.165506E-01  1.634051E+01 -4.955091E+01 -8.781097E+01 -1.560895E+01  8.943647E-04 -1.173843E+05  1.741748E+03
  8.440000E+03  8.483705E+00  4.946870E-01  1.603667E+01 -5.435678E+01 -8.924390E+01 -2.406317E+01  8.373607E-04 -1.174093E+05  1.730086E+03
  8.440000E+03  8.776077E+00  7.994937E-01  1.624288E+01 -4.993977E+01 -8.830980E+01 -1.585906E+01  5.883874E-04 -1.173698E+05  1.735864E+03
  8.440000E+03  7.937853E+00  7.419285E-02  1.547843E+01 -6.350989E+01 -9.151848E+01 -3.873949E+01  5.202418E-04 -1.174037E+05  1.725042E+03
  8.440000E+03  8.651124E+00  4.218486E-01  1.636090E+01 -4.966738E+01 -8.768872E+01 -1.590040E+01  9.834684E-04 -1.173865E+05  1.743241E+03
  8.440000E+03  8.093308E+00  4.454656E-02  1.573515E+01 -6.043841E+01 -9.012265E+01 -3.410853E+01  7.636728E-04 -1.174094E+05  1.729259E+03
  8.440000E+03  8.789047E+00  7.443908E-01  1.631142E+01 -4.904397E+01 -8.802426E+01 -1.443495E+01  5.754948E-04 -1.173612E+05  1.739895E+03
  8.440000E+03  8.613049E+00  3.396666E-01  1.637452E+01 -4.987482E+01 -8.756884E+01 -1.634594E+01  1.085291E-03 -1.173910E+05  1.743731E+03
  8.440000E+03  8.779266E+00  8.118316E-01  1.623625E+01 -5.000516E+01 -8.834726E+01 -1.595606E+01  5.654977E-04 -1.173675E+05  1.735566E+03
  8.440000E+03  8.777672E+00  7.131543E-01  1.631590E+01 -4.909924E+01 -8.799818E+01 -1.456954E+01  6.072085E-04 -1.173630E+05  1.740312E+03
  8.440000E+03  7.816986E+00 -2.890807E-01  1.558491E+01 -6.333682E+01 -9.005238E+01 -3.973768E+01  1.014304E-03 -1.174401E+05  1.726652E+03
  8.440000E+03  7.820337E+00 -1.681913E-01  1.549230E+01 -6.406479E+01 -9.086994E+01 -4.052204E+01  7.748568E-04 -1.174217E+05  1.725682E+03
  8.440000E+03  8.809370E+00  7.944272E-01  1.630160E+01 -4.896196E+01 -8.807289E+01 -1.421888E+01  5.388399E-04 -1.173593E+05  1.739232E+03
  8.440000E+03  8.798796E+00  7.614331E-01  1.630839E+01 -4.898007E+01 -8.803821E+01 -1.430314E+01  5.693313E-04 -1.173609E+05  1.739759E+03
  8.440000E+03  8.794963E+00  8.424671E-01  1.623565E+01 -4.979814E+01 -8.834233E+01 -1.553050E+01  6.058547E-04 -1.173721E+05  1.735383E+03
  8.440000E+03  7.880550E+00 -1.008441E-02  1.545272E+01 -6.405087E+01 -9.134166E+01 -3.991222E+01  6.878113E-04 -1.174185E+05  1.722909E+03
  8.440000E+03  8.802886E+00  7.686397E-01  1.630697E+01 -4.895318E+01 -8.804482E+01 -1.424699E+01  5.675543E-04 -1.173609E+05  1.739705E+03
  8.440000E+03  8.614167E+00  3.415233E-01  1.637041E+01 -4.990648E+01 -8.758629E+01 -1.639538E+01  1.087493E-03 -1.173919E+05  1.743642E+03
  8.440000E+03  9.015241E+00  9.328794E-01  1.653749E+01 -4.307107E+01 -8.654183E+01 -3.711175E+00  1.151008E-03 -1.173770E+05  1.745516E+03
  8.440000E+03  8.392624E+00  4.072951E-01  1.592788E+01 -5.589656E+01 -8.959134E+01 -2.670976E+01  1.157188E-03 -1.174482E+05  1.726499E+03
  8.440000E+03  8.739087E+00  7.589747E-01  1.620680E+01 -5.073039E+01 -8.849187E+01 -1.729480E+01  5.718881E-04 -1.173695E+05  1.734831E+03
  8.440000E+03  8.787547E+00  7.257492E-01  1.631133E+01 -4.905074E+01 -8.801493E+01 -1.446193E+01  6.130220E-04 -1.173637E+05  1.740220E+03
  8.440000E+03  8.725250E+00  5.901480E-01  1.632958E+01 -4.937699E+01 -8.789635E+01 -1.520261E+01  7.856724E-04 -1.173753E+05  1.741429E+03
  8.440000E+03  8.047828E+00  4.578336E-01  1.534907E+01 -6.345771E+01 -9.272318E+01 -3.789591E+01  5.308214E-04 -1.174225E+05  1.714174E+03
  8.440000E+03  8.793610E+00  7.376164E-01  1.630878E+01 -4.901617E+01 -8.802715E+01 -1.438591E+01  6.084339E-04 -1.173637E+05  1.740099E+03
  8.440000E+03  8.038541E+00  4.313742E-01  1.535640E+01 -6.349311E+01 -9.264662E+01 -3.801355E+01  5.315350E-04 -1.174204E+05  1.714788E+03
  8.440000E+03  8.716877E+00  7.247657E-01  1.619570E+01 -5.106960E+01 -8.853454E+01 -1.791489E+01  5.815974E-04 -1.173713E+05  1.734630E+03
  8.440000E+03  7.846094E+00 -8.099440E-02  1.545721E+01 -6.416266E+01 -9.119953E+01 -4.039980E+01  7.691797E-04 -1.174232E+05  1.723746E+03
  8.440000E+03  8.728441E+00  7.753191E-01  1.618616E+01 -5.109780E+01 -8.864832E+01 -1.795462E+01  4.561123E-04 -1.173604E+05  1.734204E+03
  8.440000E+03  8.207638E+00  2.055630E-01  1.578884E+01 -5.892607E+01 -9.017987E+01 -3.165757E+01  8.209676E-04 -1.174137E+05  1.728728E+03
  8.440000E+03  7.926198E+00  7.660661E-02  1.545986E+01 -6.370705E+01 -9.161478E+01 -3.908551E+01  5.497800E-04 -1.174041E+05  1.724408E+03
  8.440000E+03  8.840525E+00  8.578877E-01  1.629407E+01 -4.871143E+01 -8.811638E+01 -1.370982E+01  5.076595E-04 -1.173577E+05  1.738836E+03
  8.440000E+03  8.052657E+00  4.764585E-01  1.534095E+01 -6.346545E+01 -9.279878E+01 -3.787185E+01  5.357785E-04 -1.174230E+05  1.713735E+03
  8.440000E+03  8.825691E+00  8.118386E-01  1.629824E+01 -4.879561E+01 -8.808981E+01 -1.391336E+01  5.596669E-04 -1.173616E+05  1.739425E+03
  8.440000E+03  8.715625E+00  5.536277E-01  1.634031E+01 -4.936681E+01 -8.782377E+01 -1.523425E+01  8.279740E-04 -1.173758E+05  1.741901E+03
  8.440000E+03  7.929391E+00  9.204741E-02  1.545228E+01 -6.373256E+01 -9.167605E+01 -3.910311E+01  5.530231E-04 -1.174045E+05  1.723894E+03
  8.440000E+03  8.707144E+00  5.336214E-01  1.634310E+01 -4.940213E+01 -8.779921E+01 -1.531408E+01  8.636325E-04 -1.173783E+05  1.742050E+03
  8.440000E+03  8.054459E+00  4.838729E-01  1.533743E+01 -6.347138E+01 -9.283129E+01 -3.786764E+01  5.383697E-04 -1.174231E+05  1.713563E+03
  8.440000E+03  7.911614E+00  4.556827E-02  1.546192E+01 -6.379509E+01 -9.154517E+01 -3.928673E+01  5.761365E-04 -1.174049E+05  1.724887E+03
  8.440000E+03  7.853828E+00 -1.852904E-01  1.555278E+01 -6.334705E+01 -9.046197E+01 -3.938986E+01  9.788590E-04 -1.174380E+05  1.725814E+03
  8.440000E+03  8.171558E+00  1.605655E-01  1.574660E+01 -5.961255E+01 -9.031261E+01 -3.273118E+01  8.058770E-04 -1.174133E+05  1.728770E+03
  8.440000E+03  8.863156E+00  9.113823E-01  1.629081E+01 -4.849646E+01 -8.814034E+01 -1.327798E+01  4.745626E-04 -1.173556E+05  1.738500E+03
  8.440000E+03  8.206960E+00  2.196223E-01  1.577120E+01 -5.907367E+01 -9.028163E+01 -3.187845E+01  8.203606E-04 -1.174139E+05  1.728104E+03
  8.440000E+03  7.805633E+00 -1.911546E-01  1.547468E+01 -6.426802E+01 -9.086701E+01 -4.088614E+01  8.723737E-04 -1.174299E+05  1.725125E+03
  8.440000E+03  8.205236E+00  2.107020E-01  1.577780E+01 -5.891453E+01 -9.024458E+01 -3.181352E+01  8.893610E-04 -1.174208E+05  1.727806E+03
  8.440000E+03  7.975735E+00  2.342304E-01  1.540901E+01 -6.366887E+01 -9.210503E+01 -3.873123E+01  5.525838E-04 -1.174093E+05  1.719987E+03
  8.440000E+03  7.846606E+00 -6.136516E-02  1.543755E+01 -6.429768E+01 -9.131391E+01 -4.053174E+01  8.070479E-04 -1.174268E+05  1.722861E+03
  8.440000E+03  7.852564E+00 -1.818497E-01  1.554513E+01 -6.341142E+01 -9.050207E+01 -3.947968E+01  9.875255E-04 -1.174388E+05  1.725603E+03
  8.440000E+03  8.759069E+00  7.642925E-01  1.621851E+01 -5.051773E+01 -8.844982E+01 -1.674744E+01  5.055893E-04 -1.173621E+05  1.736553E+03
  8.440000E+03  8.633401E+00  3.652436E-01  1.635675E+01 -4.984778E+01 -8.765747E+01 -1.621479E+01  1.096048E-03 -1.173957E+05  1.743678E+03
  8.440000E+03  8.726504E+00  7.585442E-01  1.618368E+01 -5.110575E+01 -8.862967E+01 -1.790836E+01  5.404363E-04 -1.173684E+05  1.734442E+03
  8.440000E+03  8.817243E+00  7.855231E-01  1.629377E+01 -4.888394E+01 -8.810802E+01 -1.406888E+01  6.200290E-04 -1.173676E+05  1.739801E+03
  8.440000E+03  8.396410E+00  4.364388E-01  1.589307E+01 -5.613594E+01 -8.976074E+01 -2.698516E+01  1.227077E-03 -1.174570E+05  1.725210E+03
  8.440000E+03  8.767046E+00  6.626497E-01  1.630640E+01 -4.924408E+01 -8.800377E+01 -1.481918E+01  7.537430E-04 -1.173754E+05  1.740751E+03
  8.440000E+03  8.778339E+00  6.904994E-01  1.630135E+01 -4.918682E+01 -8.803837E+01 -1.468488E+01  7.251994E-04 -1.173742E+05  1.740506E+03
  8.440000E+03  7.902300E+00  4.034845E-02  1.544949E+01 -6.391765E+01 -9.158641E+01 -3.952715E+01  6.263773E-04 -1.174085E+05  1.724385E+03
  8.440000E+03  7.913402E+00 -1.223793E-01  1.557094E+01 -6.269477E+01 -9.047248E+01 -3.813534E+01  1.178078E-03 -1.174583E+05  1.725170E+03
  8.440000E+03  7.990878E+00  2.924278E-01  1.538743E+01 -6.369094E+01 -9.229902E+01 -3.865466E+01  5.621840E-04 -1.174112E+05  1.718260E+03
  8.440000E+03  8.112281E+00  5.976364E-01  1.534297E+01 -6.290530E+01 -9.302191E+01 -3.663715E+01  5.221948E-04 -1.174299E+05  1.713256E+03
  8.440000E+03  8.608491E+00  6.941312E-01  1.607054E+01 -5.284227E+01 -8.925411E+01 -2.108440E+01  8.225124E-04 -1.174077E+05  1.731120E+03
  8.440000E+03  8.203155E+00  1.961280E-01  1.578936E+01 -5.864999E+01 -9.011107E+01 -3.163787E+01  1.070238E-03 -1.174394E+05  1.726415E+03
  8.440000E+03  8.009949E+00  7.221375E-01  1.508796E+01 -6.533269E+01 -9.478914E+01 -3.976428E+01  1.778181E-04 -1.174237E+05  1.707728E+03
  8.440000E+03  7.993106E+00  3.040940E-01  1.538142E+01 -6.371169E+01 -9.234617E+01 -3.866729E+01  5.679183E-04 -1.174117E+05  1.717859E+03
  8.440000E+03  8.744270E+00  8.043434E-01  1.617657E+01 -5.100592E+01 -8.869204E+01 -1.765208E+01  5.104500E-04 -1.173661E+05  1.734168E+03
  8.440000E+03  7.852912E+00 -4.153678E-02  1.542643E+01 -6.435595E+01 -9.140431E+01 -4.048947E+01  8.219594E-04 -1.174280E+05  1.722620E+03
  8.440000E+03  8.147919E+00  1.663457E-01  1.569270E+01 -6.014262E+01 -9.053503E+01 -3.357653E+01  9.174883E-04 -1.174270E+05  1.726661E+03
  8.440000E+03  8.901219E+00  1.005731E+00  1.628657E+01 -4.807186E+01 -8.818999E+01 -1.243457E+01  4.261448E-04 -1.173525E+05  1.738330E+03
  8.440000E+03  8.185691E+00  2.173788E-01  1.571501E+01 -5.970433E+01 -9.051633E+01 -3.281997E+01  8.583956E-04 -1.174198E+05  1.726688E+03
  8.440000E+03  8.668108E+00  4.476803E-01  1.633399E+01 -4.973975E+01 -8.777924E+01 -1.590991E+01  1.083106E-03 -1.173985E+05  1.742389E+03
  8.440000E+03  7.846676E+00 -1.369139E-01  1.548755E+01 -6.390206E+01 -9.089466E+01 -4.016730E+01  9.039908E-04 -1.174323E+05  1.724365E+03
  8.440000E+03  9.015021E+00  9.171304E-01  1.655596E+01 -4.263992E+01 -8.649308E+01 -2.997614E+00  1.111845E-03 -1.173785E+05  1.747043E+03
