t_apo(Gyr)
      0.24200000
      0.56000000
      0.87800000
       1.1950000
       1.5120000
       1.8280000
       2.1450000
       2.4610000
       2.7760000
       3.0910000
       3.4050000
       3.7190000
       4.0340000
       4.3490000
       4.6650000
       4.9820000
       5.2990000
       5.6160000
       5.9330000
       6.2490000
       6.5670000
       6.8860000
       7.2030000
       7.5200000
       7.8360000
       8.1540000
       8.4690000
       8.7850000
       9.1000000
       9.4160000
       9.7300000
       10.045000
       10.359000
       10.674000
       10.989000
       11.304000
       11.620000
       11.935000
       12.250000
       12.567000
       12.884000
mean tR=      0.31605000
