  -17.80208056     9.03729722     2.66238178   -65.11855531   -63.50998372  -133.73775381     1.00000e+06    0.11555959    0.87191501
  -12.30966799    48.15410715    22.15054390  -151.76411542   219.19511529   117.83740639     1.00000e+06    0.17881712    1.56711398
   -5.08643876     8.60671357    11.22216593    21.94304738    14.57589336   -53.99928162     1.00000e+06    0.11401120    0.79796659
  -13.48166613    -8.87113406    37.23493450   -42.66207318     0.58969578   -21.88487638     1.00000e+06    0.11481848    0.69135116
    3.47409619   -25.89541180   -18.38359997    37.02045810   -58.46118183   -38.08573068     1.00000e+06    0.14292394    0.65753516
  -11.59991862    -9.95617611    11.08501109   153.62944174  -151.79577711   -67.14171814     1.00000e+06    0.11350792    0.60271959
   -1.42925805   103.46391160    13.09323704    -5.52896236    91.39571943    39.21669047     1.00000e+06    0.13183692    0.26529972
    7.69977552    -1.22816535    -3.33641392  -107.41056027   130.78947942   170.15102707     1.00000e+06    0.11757780    1.15809234
  -26.05093300    -2.86741245    15.29195556    36.43216409     1.25941739    18.26789513     1.00000e+06    0.13845850    0.88385405
 -342.34300251   -57.91036890  -496.59381170    21.30027558    -3.07974163    30.68719421     1.00000e+06    0.21059997    0.91262761
  -11.89423302    -9.29663534    17.66838939   102.43125678    35.27524564    74.62953273     1.00000e+06    0.09571885    1.02620139
    2.92140158    -2.00731821    -9.62033691  -199.67727138   111.15867601   107.38086513     1.00000e+06    0.08004751    2.56415110
   11.00543501    -0.49092946    -5.84852217  -116.05231592   -18.11729951    47.71547684     1.00000e+06    0.13794264    0.96181846
   22.48753931    17.57771379   -10.06843576   163.91752703    47.41459238  -122.53171526     1.00000e+06    0.13284629    0.57081297
   20.75996000     5.91348093    -5.87312217   144.63205245   -58.86342305   126.68034165     1.00000e+06    0.12939939    0.89053450
    4.05353837   -27.39754194   -23.67736753    31.11793490  -199.79998504  -142.66312748     1.00000e+06    0.14785225    1.14145778
  -17.14171815    13.51069413     2.41587403   182.89704341  -145.55956321   182.61326806     1.00000e+06    0.09696153    0.92828359
    0.74090330     4.08287978    -7.10507543   126.35837562   -19.34196219    96.39866103     1.00000e+06    0.11578086    1.29016959
    4.55710874   -26.94141366    -1.02768765    24.25582626    58.31907783    -6.78159353     1.00000e+06    0.09351929    0.81403450
   -5.94999225     4.96201688     2.95914782   -48.40578052  -192.14485509  -271.81642474     1.00000e+06    0.19046220    1.83224785
  120.82113067   -90.92534061   -37.55869018  -147.48345384   104.43813646    19.40601322     1.00000e+06    0.21953638    1.22932219
    2.49760212    -2.26730282   -11.07570737    16.16477569  -120.56448154   -20.58310862     1.00000e+06    0.13498066    0.93931295
  -10.03319872    30.48704123    53.26839803   -64.48229284   112.41224326   189.85439673     1.00000e+06    0.11270316    1.19099457
   -4.77144904   -13.99481230    -9.08217746  -102.03287002   268.48868195   -35.39201241     1.00000e+06    0.20281219    0.79163191
   49.65928277   -35.83544540     2.88531092  -190.59056070    84.07321430   -34.51669822     1.00000e+06    0.13797397    1.60613396
  -14.49502870   -74.58055916   -29.00115693    35.19577281   131.87655727    32.30887885     1.00000e+06    0.19758934    0.67390691
  -18.14061592    34.66348662    27.92459695    51.82209740  -125.03385469   -60.29948754     1.00000e+06    0.11639129    0.71240042
   -7.15773419   -19.75224559    24.54338102   -24.91891661   -66.55391184   188.26631675     1.00000e+06    0.20739924    1.05472755
  -36.96868869     4.94187440   -29.48385814    36.05940954   -20.67027072    31.86062787     1.00000e+06    0.14213155    0.26269058
   17.06205842     2.82095043    -4.82143132   -84.40434453  -105.45103548    32.39343722     1.00000e+06    0.20295270    0.61967941
  -16.42128253     2.09044850    15.46986768  -109.39238591    -7.35954341     8.10336913     1.00000e+06    0.10953934    1.36873657
    7.58981352    -7.92488520    -5.53931001   148.85717822  -114.36091262   -91.75005513     1.00000e+06    0.22798378    1.03402804
   -2.17244621     2.59973247    -3.14915035   -29.29774911    77.77949804   -18.74702905     1.00000e+06    0.17591185    0.20604947
   -1.62586323    -2.19564794    -2.44495665    56.27939585    37.66256914    14.14971510     1.00000e+06    0.16052875    1.56708464
   -7.75725096    -9.57172731   -11.50918890   -43.91819697    47.75087501  -115.03878760     1.00000e+06    0.14958244    2.49566654
   30.77217000    -9.43201899    -8.19405349   100.17214546    71.43358914    -1.15579947     1.00000e+06    0.11018457    1.03674755
   -7.02676871     2.50967826    35.03725410   -14.01856094   -50.47161782   116.98261921     1.00000e+06    0.10196262    0.92362780
    3.20139928     1.25791561     6.08607453   109.93507921    58.47817295    67.00932898     1.00000e+06    0.12784198    1.31748887
   41.85088841    76.91022839    -7.71252324   -50.13494187  -129.86767170    69.92613833     1.00000e+06    0.11623916    0.42013460
   -7.21845191    23.02949208   -38.03492651   157.25405719  -179.52147375   214.42131785     1.00000e+06    0.14454677    1.19525776
   -7.93791828    12.73084952     1.08690723    30.26074457    -1.26863980  -200.71581440     1.00000e+06    0.20570408    0.89225689
   10.09948096    -1.55185019   -13.32688785   -98.84026959   237.65801501   297.83329431     1.00000e+06    0.20366716    1.47764739
   -0.44245959    -5.40130892     3.69050682  -105.17658165   -95.67732495  -297.84096391     1.00000e+06    0.13631832    0.94135868
  -27.18220830    -7.77527292    10.57120564  -174.12714637  -130.89610658   -29.01193247     1.00000e+06    0.14194398    2.53849709
    3.43752386    -8.56556269    -5.79997653    57.43211764  -107.56025520  -113.91387304     1.00000e+06    0.12912621    1.52906958
   -6.51009490     3.83357599    -4.74546603    48.12861283   161.98974260  -157.14455885     1.00000e+06    0.10098073    1.27439658
   44.03906336   -24.16165297   -20.36535632   -82.15439741    19.46378303   -37.85135545     1.00000e+06    0.21413467    0.92360941
    2.68781425     1.57580075     7.08388991    14.98043546    86.71261998    36.05907129     1.00000e+06    0.18409436    1.28960098
  -24.86349099  -170.75317825    39.27313801    14.14655287    95.75201510   -22.42425799     1.00000e+06    0.13828798    3.89601060
   18.39526529    19.46567034     6.15743914    10.19295860   200.02106629   167.78363668     1.00000e+06    0.26838515    1.25494717
  -27.21919686   -32.57088267    66.92444864   -37.62841777    49.93395892   -77.51003929     1.00000e+06    0.12913767    0.45605121
  -18.99477221    -4.07982495     6.33095278  -111.37177300  -103.33123563    56.83262994     1.00000e+06    0.08637566    5.36786835
   -8.28221005     6.28099018   -25.02254967   -28.42258045   118.80224256   -95.16094429     1.00000e+06    0.13276235    0.83897091
  -45.11101822     7.04159267     1.02766994   157.76906126    18.78364256   -28.82080201     1.00000e+06    0.13724414    0.38453068
   -1.29762444     0.29557481    -2.07003886   -96.57812976   149.39121864   -75.39373993     1.00000e+06    0.06407471    0.57812506
   -1.12995083    -7.58671884    -6.39868150   309.55067911   282.46443077     4.65395496     1.00000e+06    0.21827278    0.71301835
   -3.21377652   -37.47845482    16.63268510   -94.79366859   208.49318604  -207.86990290     1.00000e+06    0.19573795    1.29292830
  -43.22935927   -33.59081344    42.74002098    63.78844934    23.96836951   -19.51115365     1.00000e+06    0.15076557    0.61143123
  -12.44625703   -31.37471257   -37.75268579   -46.47264703   -14.34943945  -101.05379593     1.00000e+06    0.28903124    0.54698401
   -1.56093595    -5.47920728    -0.64053235   -90.69766748    -6.62600677    86.94974840     1.00000e+06    0.08996602    0.42750054
   -8.65951993  -126.37782796   -73.43301834   -17.70995308    58.49673732     4.99861122     1.00000e+06    0.13353191    0.99112214
   -0.53221904     1.68980551     1.34626897    65.46392347    33.61041063  -113.83890758     1.00000e+06    0.18508129    0.71600967
   -8.25910081     8.09527957     7.27050551    99.40585371    80.69434082    46.13003206     1.00000e+06    0.14696557    1.62777704
   -4.83205311    -2.54966163    -2.96196157  -220.84042231  -260.22313020   148.13655011     1.00000e+06    0.15422556    1.81538860
    7.21572131    -6.38439382    -6.96026015  -180.16701841   377.69133366    26.51374190     1.00000e+06    0.15834838    1.06532176
  -25.45529811     7.02861371     2.56435718  -122.81509729   -45.20590379   -77.04762117     1.00000e+06    0.14592943    1.94987699
   -4.05627635    -1.19349657    -5.49501525  -277.73881418  -253.96477277   163.42568910     1.00000e+06    0.15078218    1.42371049
   -4.66139405    -8.84360666     0.81389741   252.67144157   110.74262950   146.85183247     1.00000e+06    0.06649232    2.22164252
    8.08911481    -3.97960799    47.78332118   -83.88646928     7.12734714   116.25648471     1.00000e+06    0.13936008    1.09351750
    1.00958106    -1.31010156     2.22235665    92.19465617  -159.27942258   -91.08791266     1.00000e+06    0.09201319    0.76264528
   -4.87206353    11.52026874    -7.31583839   188.97903927  -116.37424263     5.16630023     1.00000e+06    0.19419636    1.27924033
   15.11424023    11.44281318    -8.78070446    75.29273715    41.90014720   149.05147486     1.00000e+06    0.13932208    0.33071164
  -23.71118269   -34.02447209    44.77104621    74.44227641    15.78874485   -52.93285270     1.00000e+06    0.17054248    2.37733188
  -11.62303278    25.29809427    15.97911229  -121.20943622   124.73084634    92.53970968     1.00000e+06    0.15180955    1.62724938
   -0.31016389     9.65341899   -20.18178127   204.73708604    21.85931104   -87.75698404     1.00000e+06    0.13207793    0.54120178
  -10.32343444   -14.89978727   -19.35373542   -58.00305082    17.60713320  -182.67021979     1.00000e+06    0.15884250    3.85865322
    2.47188873    -6.53232346   -19.80096835    99.61698414   -77.87184794  -105.31510650     1.00000e+06    0.08420231    1.83855804
  -40.21610030   -67.41024945    36.62049045    51.69057353    31.86839580    24.20618229     1.00000e+06    0.07321955    1.32362807
  -10.94433353     8.82822674    -0.41109582   -82.14653115   -71.87299844    49.06937824     1.00000e+06    0.14618914    1.34193457
   22.00168930     9.13718798    26.16372401    -6.29696896    62.26023161   126.86028236     1.00000e+06    0.18311827    1.29437058
   15.69736356    40.40299143   -16.23692521  -103.26425442  -220.01403232   -40.81916570     1.00000e+06    0.06243191    0.70169044
    7.87318092    -1.41372955     7.83454416    95.89706894  -283.92692590    50.16459768     1.00000e+06    0.08973703    0.50286791
   10.04488864    -1.30934191    13.75879497    -1.44620056  -104.65516658   -51.38949241     1.00000e+06    0.10484314    1.66732584
   -5.54863341   -12.66301256    10.34433460   139.59453864   -18.45416818   185.21011727     1.00000e+06    0.09806893    0.63802932
    2.25317012    22.48266359    39.12617269    19.82521803   -80.97205914  -254.37012117     1.00000e+06    0.13632358    1.92307043
    2.86163047     1.60353331   -13.34892453    -4.58264337  -174.93162882   -18.29784592     1.00000e+06    0.38230493    0.79559395
   16.06638817   -10.94173085     8.51669725  -107.77374551    39.86703354   -97.05376319     1.00000e+06    0.06737919    1.06647888
   -9.04154318    -6.51467050    12.23452975   140.44460607    -7.21780127   -64.02746566     1.00000e+06    0.13247141    1.66373297
   31.38915769   -27.37324698     0.79306465  -236.45282526   148.86162266   -75.55960003     1.00000e+06    0.16180231    0.64130692
   -7.65941676    -3.11592854   -13.41358317   -79.98165763   -23.40116100    94.65707098     1.00000e+06    0.09350272    0.80367471
