  -13.48166613    -8.87113406    37.23493450   -42.66207318     0.58969578   -21.88487638     1.00000e+06    0.11481848    0.69135116
    7.69977552    -1.22816535    -3.33641392  -107.41056027   130.78947942   170.15102707     1.00000e+06    0.11757780    1.15809234
  -11.89423302    -9.29663534    17.66838939   102.43125678    35.27524564    74.62953273     1.00000e+06    0.09571885    1.02620139
   11.00543501    -0.49092946    -5.84852217  -116.05231592   -18.11729951    47.71547684     1.00000e+06    0.13794264    0.96181846
   22.48753931    17.57771379   -10.06843576   163.91752703    47.41459238  -122.53171526     1.00000e+06    0.13284629    0.57081297
    0.74090330     4.08287978    -7.10507543   126.35837562   -19.34196219    96.39866103     1.00000e+06    0.11578086    1.29016959
    4.55710874   -26.94141366    -1.02768765    24.25582626    58.31907783    -6.78159353     1.00000e+06    0.09351929    0.81403450
   -5.94999225     4.96201688     2.95914782   -48.40578052  -192.14485509  -271.81642474     1.00000e+06    0.19046220    1.83224785
    2.49760212    -2.26730282   -11.07570737    16.16477569  -120.56448154   -20.58310862     1.00000e+06    0.13498066    0.93931295
  -18.14061592    34.66348662    27.92459695    51.82209740  -125.03385469   -60.29948754     1.00000e+06    0.11639129    0.71240042
   -7.15773419   -19.75224559    24.54338102   -24.91891661   -66.55391184   188.26631675     1.00000e+06    0.20739924    1.05472755
  -36.96868869     4.94187440   -29.48385814    36.05940954   -20.67027072    31.86062787     1.00000e+06    0.14213155    0.26269058
   17.06205842     2.82095043    -4.82143132   -84.40434453  -105.45103548    32.39343722     1.00000e+06    0.20295270    0.61967941
  -16.42128253     2.09044850    15.46986768  -109.39238591    -7.35954341     8.10336913     1.00000e+06    0.10953934    1.36873657
    7.58981352    -7.92488520    -5.53931001   148.85717822  -114.36091262   -91.75005513     1.00000e+06    0.22798378    1.03402804
   -2.17244621     2.59973247    -3.14915035   -29.29774911    77.77949804   -18.74702905     1.00000e+06    0.17591185    0.20604947
   -7.75725096    -9.57172731   -11.50918890   -43.91819697    47.75087501  -115.03878760     1.00000e+06    0.14958244    2.49566654
    3.20139928     1.25791561     6.08607453   109.93507921    58.47817295    67.00932898     1.00000e+06    0.12784198    1.31748887
   -7.93791828    12.73084952     1.08690723    30.26074457    -1.26863980  -200.71581440     1.00000e+06    0.20570408    0.89225689
   -0.44245959    -5.40130892     3.69050682  -105.17658165   -95.67732495  -297.84096391     1.00000e+06    0.13631832    0.94135868
    3.43752386    -8.56556269    -5.79997653    57.43211764  -107.56025520  -113.91387304     1.00000e+06    0.12912621    1.52906958
    2.68781425     1.57580075     7.08388991    14.98043546    86.71261998    36.05907129     1.00000e+06    0.18409436    1.28960098
  -18.99477221    -4.07982495     6.33095278  -111.37177300  -103.33123563    56.83262994     1.00000e+06    0.08637566    5.36786835
   -8.28221005     6.28099018   -25.02254967   -28.42258045   118.80224256   -95.16094429     1.00000e+06    0.13276235    0.83897091
  -43.22935927   -33.59081344    42.74002098    63.78844934    23.96836951   -19.51115365     1.00000e+06    0.15076557    0.61143123
   -1.56093595    -5.47920728    -0.64053235   -90.69766748    -6.62600677    86.94974840     1.00000e+06    0.08996602    0.42750054
   -8.65951993  -126.37782796   -73.43301834   -17.70995308    58.49673732     4.99861122     1.00000e+06    0.13353191    0.99112214
   -0.53221904     1.68980551     1.34626897    65.46392347    33.61041063  -113.83890758     1.00000e+06    0.18508129    0.71600967
   -8.25910081     8.09527957     7.27050551    99.40585371    80.69434082    46.13003206     1.00000e+06    0.14696557    1.62777704
   -4.83205311    -2.54966163    -2.96196157  -220.84042231  -260.22313020   148.13655011     1.00000e+06    0.15422556    1.81538860
  -25.45529811     7.02861371     2.56435718  -122.81509729   -45.20590379   -77.04762117     1.00000e+06    0.14592943    1.94987699
    1.00958106    -1.31010156     2.22235665    92.19465617  -159.27942258   -91.08791266     1.00000e+06    0.09201319    0.76264528
   -4.87206353    11.52026874    -7.31583839   188.97903927  -116.37424263     5.16630023     1.00000e+06    0.19419636    1.27924033
  -23.71118269   -34.02447209    44.77104621    74.44227641    15.78874485   -52.93285270     1.00000e+06    0.17054248    2.37733188
  -10.32343444   -14.89978727   -19.35373542   -58.00305082    17.60713320  -182.67021979     1.00000e+06    0.15884250    3.85865322
  -10.94433353     8.82822674    -0.41109582   -82.14653115   -71.87299844    49.06937824     1.00000e+06    0.14618914    1.34193457
   10.04488864    -1.30934191    13.75879497    -1.44620056  -104.65516658   -51.38949241     1.00000e+06    0.10484314    1.66732584
   -5.54863341   -12.66301256    10.34433460   139.59453864   -18.45416818   185.21011727     1.00000e+06    0.09806893    0.63802932
    2.25317012    22.48266359    39.12617269    19.82521803   -80.97205914  -254.37012117     1.00000e+06    0.13632358    1.92307043
    2.86163047     1.60353331   -13.34892453    -4.58264337  -174.93162882   -18.29784592     1.00000e+06    0.38230493    0.79559395
   -9.04154318    -6.51467050    12.23452975   140.44460607    -7.21780127   -64.02746566     1.00000e+06    0.13247141    1.66373297
   31.38915769   -27.37324698     0.79306465  -236.45282526   148.86162266   -75.55960003     1.00000e+06    0.16180231    0.64130692
