    0.82142894     1.21355000   -36.45847485    14.37340795  -118.39264638  -284.32826251     1.00000e+08    0.74977142   17.61641482
   -8.57218009    23.01805308    44.25209937    69.75677774   -51.88380821  -224.64261859     1.00000e+08    0.48306372   11.35083836
  -17.80208056     9.03729722     2.66238178   -65.11855531   -63.50998372  -133.73775381     1.00000e+08    0.71525981   14.32757653
  -12.30966799    48.15410715    22.15054390  -151.76411542   219.19511529   117.83740639     1.00000e+08    0.97554561   21.69859378
   22.56122123    15.94178425   -39.56063821   -45.36869605    34.88940950    40.71434778     1.00000e+08    0.80454203   10.70910223
   20.17229059     7.08842615   -20.55121424    57.31884349  -112.80366838   206.16241309     1.00000e+08    0.97148557   24.91676960
   -5.08643876     8.60671357    11.22216593    21.94304738    14.57589336   -53.99928162     1.00000e+08    0.70843367   13.45627112
   -9.97087215    21.60756286    -0.24748112  -166.84011808  -163.16492257   134.45531408     1.00000e+08    0.57429371   16.06304344
  -13.48166613    -8.87113406    37.23493450   -42.66207318     0.58969578   -21.88487638     1.00000e+08    0.71199592   12.15710885
   16.74818702    -6.94481627     5.95943373    63.60992456   177.24147752   183.99946047     1.00000e+08    0.81709927   13.64186371
    3.47409619   -25.89541180   -18.38359997    37.02045810   -58.46118183   -38.08573068     1.00000e+08    0.83191066   11.73307082
   39.88049726    48.00006194   -57.66072809    78.55499332     1.37196902   -44.97270850     1.00000e+08    0.63751339    8.39284570
  -11.59991862    -9.95617611    11.08501109   153.62944174  -151.79577711   -67.14171814     1.00000e+08    0.70620916   11.03187083
   67.88537385   107.77112567   -70.21981549    61.51545407    23.57448225   -53.41627373     1.00000e+08    0.89283375    8.74074839
    1.36472143    10.13264176   -40.84930923   153.64832076    18.88016551   255.47780863     1.00000e+08    1.09051407   21.68804252
    7.44413232    11.69849574    36.21688808   108.62389160   -40.37558728  -255.80866354     1.00000e+08    0.91462502   19.19573966
   -1.42925805   103.46391160    13.09323704    -5.52896236    91.39571943    39.21669047     1.00000e+08    0.78550302    6.17101349
  -21.93506266    -1.93090471    -3.69738645     5.68830133  -188.65380874  -120.22784492     1.00000e+08    0.59068833   15.01250768
    7.69977552    -1.22816535    -3.33641392  -107.41056027   130.78947942   170.15102707     1.00000e+08    0.72411761   17.51616985
  -26.05093300    -2.86741245    15.29195556    36.43216409     1.25941739    18.26789513     1.00000e+08    0.81334923   14.46618724
 -342.34300251   -57.91036890  -496.59381170    21.30027558    -3.07974163    30.68719421     1.00000e+08    1.09585868   14.79801997
    4.29791182    23.08059612   -18.14718904    45.59296313   -83.74637118  -125.67668549     1.00000e+08    0.79010580   19.99504652
  -11.89423302    -9.29663534    17.66838939   102.43125678    35.27524564    74.62953273     1.00000e+08    0.62561671   16.07922396
    2.92140158    -2.00731821    -9.62033691  -199.67727138   111.15867601   107.38086513     1.00000e+08    0.55094634   30.74811253
   11.00543501    -0.49092946    -5.84852217  -116.05231592   -18.11729951    47.71547684     1.00000e+08    0.81119387   15.35833613
  -72.55420793   -14.85315551     9.80017767  -109.06404820   -50.57651440    55.73866911     1.00000e+08    0.63149493   24.70233254
   22.48753931    17.57771379   -10.06843576   163.91752703    47.41459238  -122.53171526     1.00000e+08    0.78977347   10.61516393
   40.26711086    26.97408738    -1.07121833    18.40424102   -88.27843844   -90.75159070     1.00000e+08    0.82501257   26.43389367
   20.75996000     5.91348093    -5.87312217   144.63205245   -58.86342305   126.68034165     1.00000e+08    0.77515108   14.54350769
    4.05353837   -27.39754194   -23.67736753    31.11793490  -199.79998504  -142.66312748     1.00000e+08    0.85220258   17.33767900
   -7.20433151   -20.31598412    24.90515847  -115.02262244     5.87883003  -109.81511874     1.00000e+08    0.44146428   13.64556639
  -17.14171815    13.51069413     2.41587403   182.89704341  -145.55956321   182.61326806     1.00000e+08    0.63137973   14.97728775
   17.55082107   -15.81647677    12.46400347    29.84040702   117.34088803    81.67821334     1.00000e+08    1.11665874   19.36885062
    0.74090330     4.08287978    -7.10507543   126.35837562   -19.34196219    96.39866103     1.00000e+08    0.71623313   18.90792345
    4.55710874   -26.94141366    -1.02768765    24.25582626    58.31907783    -6.78159353     1.00000e+08    0.61536273   13.64753125
  -22.86126251    -1.44357722    21.10496025  -298.96186668   -33.69155504    -8.64979891     1.00000e+08    0.99064533    9.51922090
   15.65252760   -28.91557353    -1.54717127   151.50382086    -4.73867851    99.60935386     1.00000e+08    0.73140410   17.04797493
   21.33333189   -22.35358739    73.32128514  -117.53349342    43.01841477  -254.78962884     1.00000e+08    0.98949709   21.20470934
   -5.94999225     4.96201688     2.95914782   -48.40578052  -192.14485509  -271.81642474     1.00000e+08    1.02029390   24.23755250
   -5.89326957   -62.59602937   -33.51156208   -84.80603512    60.80701866    35.99391899     1.00000e+08    0.96329245   16.24618960
  120.82113067   -90.92534061   -37.55869018  -147.48345384   104.43813646    19.40601322     1.00000e+08    1.12871561   18.27219013
    6.15923494   -25.29820251    16.07517037  -131.49811148  -248.74157588   203.89964396     1.00000e+08    1.10301706   17.28267392
    2.87925883   -11.59747830    11.57635674   286.45565329  -196.00569435    32.57223338     1.00000e+08    1.08523565   11.37233744
  -47.04195589   -37.79911583   -57.55042169    49.01840488    83.56253668    56.04112682     1.00000e+08    0.43715529   19.44999042
    2.49760212    -2.26730282   -11.07570737    16.16477569  -120.56448154   -20.58310862     1.00000e+08    0.79877283   15.10304860
   30.74834736    -5.62726977    59.74011693  -122.96081977    27.80241628   -52.36514468     1.00000e+08    0.52898935    8.00163860
   -3.46808788    -8.10497197     0.36966111  -215.26422698   165.20185136   310.56231952     1.00000e+08    0.79733414   16.37429176
    7.14834191    -7.60518852    10.54233508    61.60103899   278.48724953  -253.03045770     1.00000e+08    0.88210060   17.37784081
  -10.03319872    30.48704123    53.26839803   -64.48229284   112.41224326   189.85439673     1.00000e+08    0.70264620   17.86702722
   -4.77144904   -13.99481230    -9.08217746  -102.03287002   268.48868195   -35.39201241     1.00000e+08    1.06689494   13.38055942
   49.65928277   -35.83544540     2.88531092  -190.59056070    84.07321430   -34.51669822     1.00000e+08    0.81132486   22.07969987
    3.60964465   -35.63739079    28.67990552   -97.10379261   -73.17462855    10.46581558     1.00000e+08    0.90929363   18.57050854
  -14.49502870   -74.58055916   -29.00115693    35.19577281   131.87655727    32.30887885     1.00000e+08    1.04729028   11.93914134
  -18.14061592    34.66348662    27.92459695    51.82209740  -125.03385469   -60.29948754     1.00000e+08    0.71891549   12.41799515
   -7.15773419   -19.75224559    24.54338102   -24.91891661   -66.55391184   188.26631675     1.00000e+08    1.08399288   16.39437830
  -36.96868869     4.94187440   -29.48385814    36.05940954   -20.67027072    31.86062787     1.00000e+08    0.82862933    6.12798693
   -1.71349827    15.40709832    -4.65571145   223.22319124   132.38121720  -258.96995626     1.00000e+08    0.66400328   35.07396962
   17.06205842     2.82095043    -4.82143132   -84.40434453  -105.45103548    32.39343722     1.00000e+08    1.06742033   11.25073828
   11.63877678     3.49703864    22.02388834    75.89816388   259.50851977   -31.45675047     1.00000e+08    1.01031214   18.93262840
  -48.89817844    63.14456018   -36.53472501   -73.58324144   128.83612964  -134.76205890     1.00000e+08    1.03788466   23.58515168
  -16.42128253     2.09044850    15.46986768  -109.39238591    -7.35954341     8.10336913     1.00000e+08    0.68856679   19.71599457
    7.58981352    -7.92488520    -5.53931001   148.85717822  -114.36091262   -91.75005513     1.00000e+08    1.15942067   16.16594403
   40.79129751    11.58170478    51.45341000    77.68663683    20.02192174    17.55875569     1.00000e+08    0.59755761   27.72477360
   11.94503695    12.51939775     8.90383238   404.07327637   -17.29496852   201.75691396     1.00000e+08    0.84490057   12.08007889
   34.81990326     1.43429121    30.90096576  -143.76487591    53.57202568  -269.04313531     1.00000e+08    0.88624922   14.92819633
   43.42718755    25.63865176    12.88278896  -122.08754687   -51.15649378    50.72290551     1.00000e+08    0.56851563   30.67272395
   -2.17244621     2.59973247    -3.14915035   -29.29774911    77.77949804   -18.74702905     1.00000e+08    0.96425175    5.16000177
   -1.62586323    -2.19564794    -2.44495665    56.27939585    37.66256914    14.14971510     1.00000e+08    0.90352195   21.69830614
   -0.00172618     6.52712302    -1.99160570  -428.84688348  -162.99501134  -128.98071151     1.00000e+08    0.68193330   14.24834163
   -7.75725096    -9.57172731   -11.50918890   -43.91819697    47.75087501  -115.03878760     1.00000e+08    0.85927994   30.16443779
  -14.72934863     3.24158535    40.36233255   -18.28878006    67.92098923   290.72518411     1.00000e+08    0.35702232   59.97785921
   30.77217000    -9.43201899    -8.19405349   100.17214546    71.43358914    -1.15579947     1.00000e+08    0.69144759   16.19603151
   -7.34307551   -20.62590968    10.69969145   -36.37942081  -145.10174686  -108.37917224     1.00000e+08    0.58118431   20.73050099
   -4.74266950   -10.39749520    -6.16450426    38.88156024  -188.13742807   395.83808838     1.00000e+08    0.62236030   19.56585060
  431.36469669   386.44790039   256.53874238   -67.66702701   -67.65412635   -49.70371348     1.00000e+08    0.63628060   20.50816239
   10.33294972    76.65625799    21.63239410   102.77312446    71.01215424    93.42702385     1.00000e+08    1.17546558   16.72934402
   -7.02676871     2.50967826    35.03725410   -14.01856094   -50.47161782   116.98261921     1.00000e+08    0.65436068   14.92406984
    3.20139928     1.25791561     6.08607453   109.93507921    58.47817295    67.00932898     1.00000e+08    0.76850738   19.19049379
   41.85088841    76.91022839    -7.71252324   -50.13494187  -129.86767170    69.92613833     1.00000e+08    0.71824736    8.54469964
   -7.21845191    23.02949208   -38.03492651   157.25405719  -179.52147375   214.42131785     1.00000e+08    0.83861456   17.91227979
  -72.93757433    -9.22569386    59.44590092  -103.59565997     7.28816497    52.38783885     1.00000e+08    0.48426698   14.85661603
    6.81405743    37.93291031   -31.83750745    99.39830210   -82.76092542    36.46506865     1.00000e+08    0.92328669   16.44181448
   -7.93791828    12.73084952     1.08690723    30.26074457    -1.26863980  -200.71581440     1.00000e+08    1.07768716   14.56341538
  -10.23962224   131.05596083    22.21169458    41.91686300   214.56456245    73.08636910     1.00000e+08    0.64014405    7.05724108
  -29.30499153   -10.70181197     0.96790916    94.71276411   -53.83291021   -77.93690191     1.00000e+08    0.88600730   13.07657203
   13.09512632    32.00794610   -24.39874286    63.79261846  -114.35977201   243.60313795     1.00000e+08    0.77883830   19.35760489
   10.09948096    -1.55185019   -13.32688785   -98.84026959   237.65801501   297.83329431     1.00000e+08    1.07009017   20.81412602
  -18.45664229     4.73746365     4.38523690    70.98906676   -19.14575799   207.81778892     1.00000e+08    0.49968838   11.88328613
    0.29038013   -20.51996240     8.13130873   157.91848088   105.09551984   -87.63100588     1.00000e+08    0.64627321   13.78726494
  -34.53715086    -6.00912081   -15.68271672    24.39794205    39.14279875   153.22472264     1.00000e+08    0.68486625   27.19827610
   -0.44245959    -5.40130892     3.69050682  -105.17658165   -95.67732495  -297.84096391     1.00000e+08    0.80439194   15.12632719
    4.53766589     1.47493829     9.35121291  -283.64692636  -128.93292397   131.21885924     1.00000e+08    0.80881612   18.86219347
  -27.18220830    -7.77527292    10.57120564  -174.12714637  -130.89610658   -29.01193247     1.00000e+08    0.82785181   30.53001035
    3.43752386    -8.56556269    -5.79997653    57.43211764  -107.56025520  -113.91387304     1.00000e+08    0.77398741   21.32433840
   -6.51009490     3.83357599    -4.74546603    48.12861283   161.98974260  -157.14455885     1.00000e+08    0.64987491   18.74398399
   44.03906336   -24.16165297   -20.36535632   -82.15439741    19.46378303   -37.85135545     1.00000e+08    1.10890215   14.92385947
    2.68781425     1.57580075     7.08388991    14.98043546    86.71261998    36.05907129     1.00000e+08    0.99592560   18.90202377
  -24.86349099  -170.75317825    39.27313801    14.14655287    95.75201510   -22.42425799     1.00000e+08    0.81263703   41.34600457
  -55.70842286    12.37800679    20.29459687   160.18329523  -153.98995245  -133.29700724     1.00000e+08    0.85014347   18.73067244
  -17.49698151     5.00786636    29.50189486    17.39361142   105.59192020   276.91415478     1.00000e+08    0.67649501   12.63307584
   37.70221642   -18.27973876    25.74553384    88.18545924  -154.00859549   182.60469384     1.00000e+08    0.63771258   14.28853701
   38.86127004     4.96876712    -9.02615834  -162.64240622   -75.66842974  -112.48909663     1.00000e+08    1.05903202   16.24009439
  -16.42415089   -17.04572402    -8.28341053  -101.13477908   136.85369754    95.81313594     1.00000e+08    0.78051015   11.42009212
   18.39526529    19.46567034     6.15743914    10.19295860   200.02106629   167.78363668     1.00000e+08    1.30199594   18.54101489
  116.07997260  -193.73248140   207.05594001   -13.31276860    -9.55587411    13.84694274     1.00000e+08    1.09054639   16.17563428
  -27.21919686   -32.57088267    66.92444864   -37.62841777    49.93395892   -77.51003929     1.00000e+08    0.77403625    9.05559707
  -18.99477221    -4.07982495     6.33095278  -111.37177300  -103.33123563    56.83262994     1.00000e+08    0.58156608   51.87583542
   -8.28221005     6.28099018   -25.02254967   -28.42258045   118.80224256   -95.16094429     1.00000e+08    0.78941867   13.94218811
   -2.97532429    17.82881584    26.74073669  -227.65335109    80.84096791   102.03904504     1.00000e+08    0.86922703   21.18786223
  -45.11101822     7.04159267     1.02766994   157.76906126    18.78364256   -28.82080201     1.00000e+08    0.80827171    8.02548787
   13.93307614   -10.94381201  -173.55915269    14.51926415    15.33143587  -109.26479516     1.00000e+08    0.62721548   21.81791297
  -29.98712495   -15.96000793     9.50853483   214.30379592   -71.62123878    41.65294997     1.00000e+08    0.79246124   19.43511471
  -11.99081263    -6.24555634   -42.78169338   -35.35128485   108.54188583  -289.07743854     1.00000e+08    1.09537932   14.87508774
   63.73796139    44.68195977   -20.40219728   103.00108868    68.27103782    57.39538221     1.00000e+08    0.69878721   20.93974895
  -18.56825741   -49.62144797    21.17688081    39.73468371   -34.23023262   -51.61379882     1.00000e+08    0.69997623   20.68953471
   12.58747580     2.61999795    36.64149393    78.44219114   106.64253794   -92.33884472     1.00000e+08    0.77646330   16.63841294
   -1.29762444     0.29557481    -2.07003886   -96.57812976   149.39121864   -75.39373993     1.00000e+08    0.47032217   10.71124963
   -5.18918312    -0.38642871    -9.52814595  -376.21208339     8.56172826  -115.30360526     1.00000e+08    0.60336076   22.60860779
   -1.12995083    -7.58671884    -6.39868150   309.55067911   282.46443077     4.65395496     1.00000e+08    1.12409347   12.42561959
  -33.67609180     6.69934270   -45.08204434  -200.49378920    -6.60689962  -148.67885010     1.00000e+08    0.62292112   20.32540235
   -3.21377652   -37.47845482    16.63268510   -94.79366859   208.49318604  -207.86990290     1.00000e+08    1.04030498   18.93653630
  -43.22935927   -33.59081344    42.74002098    63.78844934    23.96836951   -19.51115365     1.00000e+08    0.86410590   11.14451660
   48.44312271    83.20207209   -75.61400517     6.73763687   112.12697333  -116.34643540     1.00000e+08    1.48181174   12.93348769
  -10.08770740   -17.84106664    -9.65151495  -204.02577944  -275.66943707   -60.86617294     1.00000e+08    0.74610999   31.12015536
   -1.51708055    10.51720372    -0.59197293   300.27289697   -38.91343040   -55.38244551     1.00000e+08    0.55598717   14.99110003
    2.33866742   -40.92200715   -43.92646424    35.66693428  -223.34916940  -156.01051942     1.00000e+08    0.83712546   25.88876826
  -12.44625703   -31.37471257   -37.75268579   -46.47264703   -14.34943945  -101.05379593     1.00000e+08    1.37242935   10.29950433
  -54.08260884   -26.07051952   -24.18980030  -240.49769568   -61.57024258   -40.33133956     1.00000e+08    1.45148958    9.95604594
   -1.56093595    -5.47920728    -0.64053235   -90.69766748    -6.62600677    86.94974840     1.00000e+08    0.59864917    8.65048486
   -8.65951993  -126.37782796   -73.43301834   -17.70995308    58.49673732     4.99861122     1.00000e+08    0.79266882   15.68813928
   -0.53221904     1.68980551     1.34626897    65.46392347    33.61041063  -113.83890758     1.00000e+08    0.99971811   12.46250098
   -8.25910081     8.09527957     7.27050551    99.40585371    80.69434082    46.13003206     1.00000e+08    0.84856638   22.28991942
   -4.83205311    -2.54966163    -2.96196157  -220.84042231  -260.22313020   148.13655011     1.00000e+08    0.87815671   24.07945624
    7.21572131    -6.38439382    -6.96026015  -180.16701841   377.69133366    26.51374190     1.00000e+08    0.89478090   16.51078601
   35.73763087     4.48710993     7.71672492   -51.18583493  -149.19995052    89.92512205     1.00000e+08    1.23854536   15.63897432
  -25.45529811     7.02861371     2.56435718  -122.81509729   -45.20590379   -77.04762117     1.00000e+08    0.84430917   25.32907170
   -4.05627635    -1.19349657    -5.49501525  -277.73881418  -253.96477277   163.42568910     1.00000e+08    0.86417356   20.27335644
   -7.29521867   -30.76131648    23.06096532   -89.27776816    61.24717526  -117.24771218     1.00000e+08    0.74158743    8.20923452
   -4.66139405    -8.84360666     0.81389741   252.67144157   110.74262950   146.85183247     1.00000e+08    0.48286944   27.78022611
    8.08911481    -3.97960799    47.78332118   -83.88646928     7.12734714   116.25648471     1.00000e+08    0.81711058   16.81896332
  -14.59387151    41.16793336    -2.83478842  -275.68064649   179.61984134   -76.96884058     1.00000e+08    1.09823235   20.34440982
    1.00958106    -1.31010156     2.22235665    92.19465617  -159.27942258   -91.08791266     1.00000e+08    0.60830127   13.03182474
   -4.87206353    11.52026874    -7.31583839   188.97903927  -116.37424263     5.16630023     1.00000e+08    1.03447399   18.79439107
    7.12518839     9.53067483   -12.54751063   314.91601932   291.28329528   -68.06745900     1.00000e+08    0.66883097   14.24943426
   15.11424023    11.44281318    -8.78070446    75.29273715    41.90014720   149.05147486     1.00000e+08    0.81695219    7.21298144
  -21.86448526    54.39188004   -12.95888168  -192.43217025   135.61625612   -89.74258548     1.00000e+08    1.03262574   16.49998409
  -42.14081909     6.97749491   114.74424178   -80.36863831     8.50131931   228.75844267     1.00000e+08    1.00432925   19.12806432
  -23.71118269   -34.02447209    44.77104621    74.44227641    15.78874485   -52.93285270     1.00000e+08    0.94323583   29.14473576
  -11.62303278    25.29809427    15.97911229  -121.20943622   124.73084634    92.53970968     1.00000e+08    0.86835516   22.28480400
   -0.31016389     9.65341899   -20.18178127   204.73708604    21.85931104   -87.75698404     1.00000e+08    0.78652351   10.22230680
  -10.32343444   -14.89978727   -19.35373542   -58.00305082    17.60713320  -182.67021979     1.00000e+08    0.89676483   41.06494839
    2.47188873    -6.53232346   -19.80096835    99.61698414   -77.87184794  -105.31510650     1.00000e+08    0.57112555   24.29661632
   -1.16138225   -43.33693507    17.03712878   110.78377004   260.31072101   -60.15750154     1.00000e+08    0.65136739   41.43953405
   18.64720865     7.99999392    15.36253296   -94.34662902  -130.03302049   221.10307674     1.00000e+08    1.21928186   30.53943780
    0.57195542    33.17878803   230.90308198   -14.49303410    24.88291667    41.73759093     1.00000e+08    0.58160281   15.01967599
  -40.21610030   -67.41024945    36.62049045    51.69057353    31.86839580    24.20618229     1.00000e+08    0.51711096   19.25375667
  -10.94433353     8.82822674    -0.41109582   -82.14653115   -71.87299844    49.06937824     1.00000e+08    0.84537705   19.44189408
   22.00168930     9.13718798    26.16372401    -6.29696896    62.26023161   126.86028236     1.00000e+08    0.99216894   18.95148829
   -5.37649736    17.51768487   -10.25095792  -199.66975910    36.53767030   -13.60555868     1.00000e+08    0.72495181    8.09309111
   15.69736356    40.40299143   -16.23692521  -103.26425442  -220.01403232   -40.81916570     1.00000e+08    0.46171801   12.28554041
    7.87318092    -1.41372955     7.83454416    95.89706894  -283.92692590    50.16459768     1.00000e+08    0.59756559    9.70425171
   10.04488864    -1.30934191    13.75879497    -1.44620056  -104.65516658   -51.38949241     1.00000e+08    0.66744898   22.67196252
  -40.52842683    -0.69666463    54.02474964  -176.24769351     3.81497581   189.15689542     1.00000e+08    0.73971143   21.46927561
   -4.85650108    17.44646787    20.31599396  -194.63491981    72.98245580     8.38284163     1.00000e+08    0.68108693   21.89318149
  -14.50799782     2.72539370   -20.97861465  -236.01632647  -163.89597347   192.65411679     1.00000e+08    1.51290256   12.69208725
   -5.54863341   -12.66301256    10.34433460   139.59453864   -18.45416818   185.21011727     1.00000e+08    0.63649742   11.48558396
    2.25317012    22.48266359    39.12617269    19.82521803   -80.97205914  -254.37012117     1.00000e+08    0.80441402   25.08205720
   -7.03105895   -17.08556618   -22.75648619    99.91700331    59.94633178  -127.11164871     1.00000e+08    1.02616706   17.97530327
    2.86163047     1.60353331   -13.34892453    -4.58264337  -174.93162882   -18.29784592     1.00000e+08    1.67431160   13.42793414
  -19.71313159    13.74953061    -3.72131192   -11.45819152  -209.56948711   -13.32627103     1.00000e+08    0.51008237   13.18203668
  -81.85222087    95.82541469   -95.98747949     4.70205321    62.07482385   -33.09119811     1.00000e+08    0.77457345   13.15416319
   16.06638817   -10.94173085     8.51669725  -107.77374551    39.86703354   -97.05376319     1.00000e+08    0.48743903   16.52347973
   -9.04154318    -6.51467050    12.23452975   140.44460607    -7.21780127   -64.02746566     1.00000e+08    0.78818848   22.63736535
   31.38915769   -27.37324698     0.79306465  -236.45282526   148.86162266   -75.55960003     1.00000e+08    0.90861175   11.52732237
   11.67932250   -27.15736722    28.54276052    51.93002249   249.27758287   -32.31434197     1.00000e+08    1.12703607   12.43767955
   -7.65941676    -3.11592854   -13.41358317   -79.98165763   -23.40116100    94.65707098     1.00000e+08    0.61528522   13.52434386
   59.31507812    -8.62602949    37.52534242    50.10461744    19.34753937   117.60295250     1.00000e+08    1.13732002   54.13670241
   -1.90881637    38.47874988    -3.19683155    59.99781646   307.01554071  -149.27916376     1.00000e+08    0.71569650   17.86379994
  -37.49166502   -33.91240925   -31.71364153  -163.81624893   -38.43797002  -176.22956178     1.00000e+08    0.71709229   25.01338023
   61.48037015   -55.71058766    -8.78776958   -16.52265121   -96.09997912   -43.06911282     1.00000e+08    1.38483716   18.13852075
    1.39530267   -33.69776440   -24.59953790    -3.21451112   -74.08333894  -155.75942839     1.00000e+08    0.61361694   12.26361873
   11.95229395   -21.79876882   -34.57149246   106.44611741    20.71150172    39.52315997     1.00000e+08    0.83476150   13.54605802
  -17.99494456   -21.91757698   -21.64826110   -58.40816323   -89.51772843  -195.65065069     1.00000e+08    0.46487895   28.28789123
