   -5.08643876     8.60671357    11.22216593    21.94304738    14.57589336   -53.99928162     1.00000e+07    0.29420416    3.02495364
  -13.48166613    -8.87113406    37.23493450   -42.66207318     0.58969578   -21.88487638     1.00000e+07    0.29628733    2.69429920
    3.47409619   -25.89541180   -18.38359997    37.02045810   -58.46118183   -38.08573068     1.00000e+07    0.36881303    2.58741901
    7.69977552    -1.22816535    -3.33641392  -107.41056027   130.78947942   170.15102707     1.00000e+07    0.30340770    4.08581609
  -26.05093300    -2.86741245    15.29195556    36.43216409     1.25941739    18.26789513     1.00000e+07    0.35729004    3.28512525
  -11.89423302    -9.29663534    17.66838939   102.43125678    35.27524564    74.62953273     1.00000e+07    0.24700102    3.70591923
   11.00543501    -0.49092946    -5.84852217  -116.05231592   -18.11729951    47.71547684     1.00000e+07    0.35595886    3.51709201
   22.48753931    17.57771379   -10.06843576   163.91752703    47.41459238  -122.53171526     1.00000e+07    0.34280783    2.30828110
    4.05353837   -27.39754194   -23.67736753    31.11793490  -199.79998504  -142.66312748     1.00000e+07    0.38153046    4.03838153
    0.74090330     4.08287978    -7.10507543   126.35837562   -19.34196219    96.39866103     1.00000e+07    0.29877074    4.45795949
    4.55710874   -26.94141366    -1.02768765    24.25582626    58.31907783    -6.78159353     1.00000e+07    0.24132510    3.07402173
   -5.94999225     4.96201688     2.95914782   -48.40578052  -192.14485509  -271.81642474     1.00000e+07    0.49148479    5.91687226
    2.49760212    -2.26730282   -11.07570737    16.16477569  -120.56448154   -20.58310862     1.00000e+07    0.34831553    3.45051704
  -10.03319872    30.48704123    53.26839803   -64.48229284   112.41224326   189.85439673     1.00000e+07    0.29082877    4.17925464
  -14.49502870   -74.58055916   -29.00115693    35.19577281   131.87655727    32.30887885     1.00000e+07    0.50987627    2.63929335
  -18.14061592    34.66348662    27.92459695    51.82209740  -125.03385469   -60.29948754     1.00000e+07    0.30034595    2.76031768
   -7.15773419   -19.75224559    24.54338102   -24.91891661   -66.55391184   188.26631675     1.00000e+07    0.53519055    3.78884644
  -36.96868869     4.94187440   -29.48385814    36.05940954   -20.67027072    31.86062787     1.00000e+07    0.36676828    1.23380387
   17.06205842     2.82095043    -4.82143132   -84.40434453  -105.45103548    32.39343722     1.00000e+07    0.52371634    2.46650288
  -16.42128253     2.09044850    15.46986768  -109.39238591    -7.35954341     8.10336913     1.00000e+07    0.28266459    4.67581822
    7.58981352    -7.92488520    -5.53931001   148.85717822  -114.36091262   -91.75005513     1.00000e+07    0.58830865    3.72871554
   -2.17244621     2.59973247    -3.14915035   -29.29774911    77.77949804   -18.74702905     1.00000e+07    0.45393784    1.01418160
   -1.62586323    -2.19564794    -2.44495665    56.27939585    37.66256914    14.14971510     1.00000e+07    0.41424197    5.21548526
   -7.75725096    -9.57172731   -11.50918890   -43.91819697    47.75087501  -115.03878760     1.00000e+07    0.38599521    7.59295630
   30.77217000    -9.43201899    -8.19405349   100.17214546    71.43358914    -1.15579947     1.00000e+07    0.28432960    3.73662872
    3.20139928     1.25791561     6.08607453   109.93507921    58.47817295    67.00932898     1.00000e+07    0.32989427    4.53399591
   -7.93791828    12.73084952     1.08690723    30.26074457    -1.26863980  -200.71581440     1.00000e+07    0.53081624    3.31031038
   -0.44245959    -5.40130892     3.69050682  -105.17658165   -95.67732495  -297.84096391     1.00000e+07    0.35176733    3.45658124
    3.43752386    -8.56556269    -5.79997653    57.43211764  -107.56025520  -113.91387304     1.00000e+07    0.33320821    5.11312627
   -6.51009490     3.83357599    -4.74546603    48.12861283   161.98974260  -157.14455885     1.00000e+07    0.26057923    4.41391805
   44.03906336   -24.16165297   -20.36535632   -82.15439741    19.46378303   -37.85135545     1.00000e+07    0.55257123    3.40388128
    2.68781425     1.57580075     7.08388991    14.98043546    86.71261998    36.05907129     1.00000e+07    0.47505268    4.45637364
  -24.86349099  -170.75317825    39.27313801    14.14655287    95.75201510   -22.42425799     1.00000e+07    0.35685002   10.87769569
  -27.21919686   -32.57088267    66.92444864   -37.62841777    49.93395892   -77.51003929     1.00000e+07    0.33323779    1.92579256
  -18.99477221    -4.07982495     6.33095278  -111.37177300  -103.33123563    56.83262994     1.00000e+07    0.22289107   14.08882020
   -8.28221005     6.28099018   -25.02254967   -28.42258045   118.80224256   -95.16094429     1.00000e+07    0.34259121    3.14980478
  -45.11101822     7.04159267     1.02766994   157.76906126    18.78364256   -28.82080201     1.00000e+07    0.35415639    1.67808986
   -1.29762444     0.29557481    -2.07003886   -96.57812976   149.39121864   -75.39373993     1.00000e+07    0.16534380    2.33211777
   -1.12995083    -7.58671884    -6.39868150   309.55067911   282.46443077     4.65395496     1.00000e+07    0.56324955    2.76225003
  -43.22935927   -33.59081344    42.74002098    63.78844934    23.96836951   -19.51115365     1.00000e+07    0.38904826    2.43997052
  -12.44625703   -31.37471257   -37.75268579   -46.47264703   -14.34943945  -101.05379593     1.00000e+07    0.74584068    2.23018709
   -1.56093595    -5.47920728    -0.64053235   -90.69766748    -6.62600677    86.94974840     1.00000e+07    0.23215594    1.82788036
   -8.65951993  -126.37782796   -73.43301834   -17.70995308    58.49673732     4.99861122     1.00000e+07    0.34457704    2.31555887
   -0.53221904     1.68980551     1.34626897    65.46392347    33.61041063  -113.83890758     1.00000e+07    0.47759942    2.77159962
   -8.25910081     8.09527957     7.27050551    99.40585371    80.69434082    46.13003206     1.00000e+07    0.37924241    5.37792021
   -4.83205311    -2.54966163    -2.96196157  -220.84042231  -260.22313020   148.13655011     1.00000e+07    0.39797669    5.87289012
    7.21572131    -6.38439382    -6.96026015  -180.16701841   377.69133366    26.51374190     1.00000e+07    0.40861558    3.81953381
  -25.45529811     7.02861371     2.56435718  -122.81509729   -45.20590379   -77.04762117     1.00000e+07    0.37656866    6.22161677
    1.00958106    -1.31010156     2.22235665    92.19465617  -159.27942258   -91.08791266     1.00000e+07    0.23743862    2.91641172
   -4.87206353    11.52026874    -7.31583839   188.97903927  -116.37424263     5.16630023     1.00000e+07    0.50112073    4.42745391
  -23.71118269   -34.02447209    44.77104621    74.44227641    15.78874485   -52.93285270     1.00000e+07    0.44008226    7.30101248
  -11.62303278    25.29809427    15.97911229  -121.20943622   124.73084634    92.53970968     1.00000e+07    0.39174222    5.37651309
   -0.31016389     9.65341899   -20.18178127   204.73708604    21.85931104   -87.75698404     1.00000e+07    0.34082507    2.21113906
  -10.32343444   -14.89978727   -19.35373542   -58.00305082    17.60713320  -182.67021979     1.00000e+07    0.40989063   10.79343219
  -10.94433353     8.82822674    -0.41109582   -82.14653115   -71.87299844    49.06937824     1.00000e+07    0.37723883    4.60177690
   15.69736356    40.40299143   -16.23692521  -103.26425442  -220.01403232   -40.81916570     1.00000e+07    0.16110460    2.72677485
    7.87318092    -1.41372955     7.83454416    95.89706894  -283.92692590    50.16459768     1.00000e+07    0.23156504    2.08383988
   10.04488864    -1.30934191    13.75879497    -1.44620056  -104.65516658   -51.38949241     1.00000e+07    0.27054611    5.48313750
    2.25317012    22.48266359    39.12617269    19.82521803   -80.97205914  -254.37012117     1.00000e+07    0.35178091    6.15248797
    2.86163047     1.60353331   -13.34892453    -4.58264337  -174.93162882   -18.29784592     1.00000e+07    0.98653201    3.01769201
   16.06638817   -10.94173085     8.51669725  -107.77374551    39.86703354   -97.05376319     1.00000e+07    0.17387096    3.82288196
   -9.04154318    -6.51467050    12.23452975   140.44460607    -7.21780127   -64.02746566     1.00000e+07    0.34184043    5.47359891
   31.38915769   -27.37324698     0.79306465  -236.45282526   148.86162266   -75.55960003     1.00000e+07    0.41752837    2.53575295
   -7.65941676    -3.11592854   -13.41358317   -79.98165763   -23.40116100    94.65707098     1.00000e+07    0.24128235    3.04240668
