   22.56122123    15.94178425   -39.56063821   -45.36869605    34.88940950    40.71434778     1.00000e+08    0.80454203   10.70910223
   -5.08643876     8.60671357    11.22216593    21.94304738    14.57589336   -53.99928162     1.00000e+08    0.70843367   13.45627112
  -13.48166613    -8.87113406    37.23493450   -42.66207318     0.58969578   -21.88487638     1.00000e+08    0.71199592   12.15710885
  -11.59991862    -9.95617611    11.08501109   153.62944174  -151.79577711   -67.14171814     1.00000e+08    0.70620916   11.03187083
   -1.42925805   103.46391160    13.09323704    -5.52896236    91.39571943    39.21669047     1.00000e+08    0.78550302    6.17101349
    7.69977552    -1.22816535    -3.33641392  -107.41056027   130.78947942   170.15102707     1.00000e+08    0.72411761   17.51616985
 -342.34300251   -57.91036890  -496.59381170    21.30027558    -3.07974163    30.68719421     1.00000e+08    1.09585868   14.79801997
    2.92140158    -2.00731821    -9.62033691  -199.67727138   111.15867601   107.38086513     1.00000e+08    0.55094634   30.74811253
   11.00543501    -0.49092946    -5.84852217  -116.05231592   -18.11729951    47.71547684     1.00000e+08    0.81119387   15.35833613
  -72.55420793   -14.85315551     9.80017767  -109.06404820   -50.57651440    55.73866911     1.00000e+08    0.63149493   24.70233254
   22.48753931    17.57771379   -10.06843576   163.91752703    47.41459238  -122.53171526     1.00000e+08    0.78977347   10.61516393
    4.05353837   -27.39754194   -23.67736753    31.11793490  -199.79998504  -142.66312748     1.00000e+08    0.85220258   17.33767900
  -17.14171815    13.51069413     2.41587403   182.89704341  -145.55956321   182.61326806     1.00000e+08    0.63137973   14.97728775
    0.74090330     4.08287978    -7.10507543   126.35837562   -19.34196219    96.39866103     1.00000e+08    0.71623313   18.90792345
    4.55710874   -26.94141366    -1.02768765    24.25582626    58.31907783    -6.78159353     1.00000e+08    0.61536273   13.64753125
   -5.94999225     4.96201688     2.95914782   -48.40578052  -192.14485509  -271.81642474     1.00000e+08    1.02029390   24.23755250
    2.87925883   -11.59747830    11.57635674   286.45565329  -196.00569435    32.57223338     1.00000e+08    1.08523565   11.37233744
    2.49760212    -2.26730282   -11.07570737    16.16477569  -120.56448154   -20.58310862     1.00000e+08    0.79877283   15.10304860
  -14.49502870   -74.58055916   -29.00115693    35.19577281   131.87655727    32.30887885     1.00000e+08    1.04729028   11.93914134
  -18.14061592    34.66348662    27.92459695    51.82209740  -125.03385469   -60.29948754     1.00000e+08    0.71891549   12.41799515
   -7.15773419   -19.75224559    24.54338102   -24.91891661   -66.55391184   188.26631675     1.00000e+08    1.08399288   16.39437830
  -36.96868869     4.94187440   -29.48385814    36.05940954   -20.67027072    31.86062787     1.00000e+08    0.82862933    6.12798693
   17.06205842     2.82095043    -4.82143132   -84.40434453  -105.45103548    32.39343722     1.00000e+08    1.06742033   11.25073828
  -16.42128253     2.09044850    15.46986768  -109.39238591    -7.35954341     8.10336913     1.00000e+08    0.68856679   19.71599457
    7.58981352    -7.92488520    -5.53931001   148.85717822  -114.36091262   -91.75005513     1.00000e+08    1.15942067   16.16594403
   -2.17244621     2.59973247    -3.14915035   -29.29774911    77.77949804   -18.74702905     1.00000e+08    0.96425175    5.16000177
   -7.75725096    -9.57172731   -11.50918890   -43.91819697    47.75087501  -115.03878760     1.00000e+08    0.85927994   30.16443779
  -14.72934863     3.24158535    40.36233255   -18.28878006    67.92098923   290.72518411     1.00000e+08    0.35702232   59.97785921
   -7.02676871     2.50967826    35.03725410   -14.01856094   -50.47161782   116.98261921     1.00000e+08    0.65436068   14.92406984
    3.20139928     1.25791561     6.08607453   109.93507921    58.47817295    67.00932898     1.00000e+08    0.76850738   19.19049379
   -7.93791828    12.73084952     1.08690723    30.26074457    -1.26863980  -200.71581440     1.00000e+08    1.07768716   14.56341538
   10.09948096    -1.55185019   -13.32688785   -98.84026959   237.65801501   297.83329431     1.00000e+08    1.07009017   20.81412602
    0.29038013   -20.51996240     8.13130873   157.91848088   105.09551984   -87.63100588     1.00000e+08    0.64627321   13.78726494
   -0.44245959    -5.40130892     3.69050682  -105.17658165   -95.67732495  -297.84096391     1.00000e+08    0.80439194   15.12632719
  -27.18220830    -7.77527292    10.57120564  -174.12714637  -130.89610658   -29.01193247     1.00000e+08    0.82785181   30.53001035
    3.43752386    -8.56556269    -5.79997653    57.43211764  -107.56025520  -113.91387304     1.00000e+08    0.77398741   21.32433840
   -6.51009490     3.83357599    -4.74546603    48.12861283   161.98974260  -157.14455885     1.00000e+08    0.64987491   18.74398399
    2.68781425     1.57580075     7.08388991    14.98043546    86.71261998    36.05907129     1.00000e+08    0.99592560   18.90202377
  -24.86349099  -170.75317825    39.27313801    14.14655287    95.75201510   -22.42425799     1.00000e+08    0.81263703   41.34600457
  -27.21919686   -32.57088267    66.92444864   -37.62841777    49.93395892   -77.51003929     1.00000e+08    0.77403625    9.05559707
  -18.99477221    -4.07982495     6.33095278  -111.37177300  -103.33123563    56.83262994     1.00000e+08    0.58156608   51.87583542
   -8.28221005     6.28099018   -25.02254967   -28.42258045   118.80224256   -95.16094429     1.00000e+08    0.78941867   13.94218811
  -45.11101822     7.04159267     1.02766994   157.76906126    18.78364256   -28.82080201     1.00000e+08    0.80827171    8.02548787
   -1.12995083    -7.58671884    -6.39868150   309.55067911   282.46443077     4.65395496     1.00000e+08    1.12409347   12.42561959
  -10.08770740   -17.84106664    -9.65151495  -204.02577944  -275.66943707   -60.86617294     1.00000e+08    0.74610999   31.12015536
  -12.44625703   -31.37471257   -37.75268579   -46.47264703   -14.34943945  -101.05379593     1.00000e+08    1.37242935   10.29950433
  -54.08260884   -26.07051952   -24.18980030  -240.49769568   -61.57024258   -40.33133956     1.00000e+08    1.45148958    9.95604594
   -1.56093595    -5.47920728    -0.64053235   -90.69766748    -6.62600677    86.94974840     1.00000e+08    0.59864917    8.65048486
   -0.53221904     1.68980551     1.34626897    65.46392347    33.61041063  -113.83890758     1.00000e+08    0.99971811   12.46250098
   -8.25910081     8.09527957     7.27050551    99.40585371    80.69434082    46.13003206     1.00000e+08    0.84856638   22.28991942
   -4.83205311    -2.54966163    -2.96196157  -220.84042231  -260.22313020   148.13655011     1.00000e+08    0.87815671   24.07945624
   -4.05627635    -1.19349657    -5.49501525  -277.73881418  -253.96477277   163.42568910     1.00000e+08    0.86417356   20.27335644
   -4.66139405    -8.84360666     0.81389741   252.67144157   110.74262950   146.85183247     1.00000e+08    0.48286944   27.78022611
    8.08911481    -3.97960799    47.78332118   -83.88646928     7.12734714   116.25648471     1.00000e+08    0.81711058   16.81896332
    1.00958106    -1.31010156     2.22235665    92.19465617  -159.27942258   -91.08791266     1.00000e+08    0.60830127   13.03182474
   -4.87206353    11.52026874    -7.31583839   188.97903927  -116.37424263     5.16630023     1.00000e+08    1.03447399   18.79439107
  -11.62303278    25.29809427    15.97911229  -121.20943622   124.73084634    92.53970968     1.00000e+08    0.86835516   22.28480400
  -10.32343444   -14.89978727   -19.35373542   -58.00305082    17.60713320  -182.67021979     1.00000e+08    0.89676483   41.06494839
    2.47188873    -6.53232346   -19.80096835    99.61698414   -77.87184794  -105.31510650     1.00000e+08    0.57112555   24.29661632
  -10.94433353     8.82822674    -0.41109582   -82.14653115   -71.87299844    49.06937824     1.00000e+08    0.84537705   19.44189408
   -5.37649736    17.51768487   -10.25095792  -199.66975910    36.53767030   -13.60555868     1.00000e+08    0.72495181    8.09309111
    7.87318092    -1.41372955     7.83454416    95.89706894  -283.92692590    50.16459768     1.00000e+08    0.59756559    9.70425171
   10.04488864    -1.30934191    13.75879497    -1.44620056  -104.65516658   -51.38949241     1.00000e+08    0.66744898   22.67196252
   -5.54863341   -12.66301256    10.34433460   139.59453864   -18.45416818   185.21011727     1.00000e+08    0.63649742   11.48558396
    2.86163047     1.60353331   -13.34892453    -4.58264337  -174.93162882   -18.29784592     1.00000e+08    1.67431160   13.42793414
   -9.04154318    -6.51467050    12.23452975   140.44460607    -7.21780127   -64.02746566     1.00000e+08    0.78818848   22.63736535
   31.38915769   -27.37324698     0.79306465  -236.45282526   148.86162266   -75.55960003     1.00000e+08    0.90861175   11.52732237
   -7.65941676    -3.11592854   -13.41358317   -79.98165763   -23.40116100    94.65707098     1.00000e+08    0.61528522   13.52434386
   59.31507812    -8.62602949    37.52534242    50.10461744    19.34753937   117.60295250     1.00000e+08    1.13732002   54.13670241
