** READ 232 LINES **
SUB_ORBIT       LONG      = Array[23]
t=       6760.0000
to=       6140.0000       6150.0000       6160.0000       6170.0000
       6180.0000       6190.0000       6200.0000       6210.0000       6220.0000
       6230.0000       6240.0000       6250.0000       6260.0000       6270.0000
       6280.0000       6290.0000       6300.0000       6310.0000       6320.0000
       6330.0000       6340.0000       6350.0000       6360.0000       6370.0000
       6380.0000       6390.0000       6400.0000       6410.0000       6420.0000
       6430.0000       6440.0000       6450.0000       6460.0000       6470.0000
       6480.0000       6490.0000       6500.0000       6510.0000       6520.0000
       6530.0000       6540.0000       6550.0000       6560.0000       6570.0000
       6580.0000       6590.0000       6600.0000       6610.0000       6620.0000
       6630.0000       6640.0000       6650.0000       6660.0000       6670.0000
       6680.0000       6690.0000       6700.0000       6710.0000       6720.0000
       6730.0000       6740.0000       6750.0000       6760.0000       6770.0000
       6780.0000       6790.0000       6800.0000       6810.0000       6820.0000
       6830.0000       6840.0000       6850.0000       6860.0000       6870.0000
       6880.0000       6890.0000       6900.0000       6910.0000       6920.0000
       6930.0000       6940.0000       6950.0000       6960.0000       6970.0000
       6980.0000       6990.0000       7000.0000       7010.0000       7020.0000
       7030.0000       7040.0000       7050.0000       7060.0000       7070.0000
       7080.0000       7090.0000       7100.0000       7110.0000       7120.0000
       7130.0000       7140.0000       7150.0000       7160.0000       7170.0000
       7180.0000       7190.0000       7200.0000       7210.0000       7220.0000
       7230.0000       7240.0000       7250.0000       7260.0000       7270.0000
       7280.0000       7290.0000       7300.0000       7310.0000       7320.0000
       7330.0000       7340.0000       7350.0000       7360.0000       7370.0000
       7380.0000       7390.0000       7400.0000       7410.0000       7420.0000
       7430.0000       7440.0000       7450.0000       7460.0000       7470.0000
       7480.0000       7490.0000       7500.0000       7510.0000       7520.0000
       7530.0000       7540.0000       7550.0000       7560.0000       7570.0000
       7580.0000       7590.0000       7600.0000       7610.0000       7620.0000
       7630.0000       7640.0000       7650.0000       7660.0000       7670.0000
       7680.0000       7690.0000       7700.0000       7710.0000       7720.0000
       7730.0000       7740.0000       7750.0000       7760.0000       7770.0000
       7780.0000       7790.0000       7800.0000       7810.0000       7820.0000
       7830.0000       7840.0000       7850.0000       7860.0000       7870.0000
       7880.0000       7890.0000       7900.0000       7910.0000       7920.0000
       7930.0000       7940.0000       7950.0000       7960.0000       7970.0000
       7980.0000       7990.0000       8000.0000       8010.0000       8020.0000
       8030.0000       8040.0000       8050.0000       8060.0000       8070.0000
       8080.0000       8090.0000       8100.0000       8110.0000       8120.0000
       8130.0000       8140.0000       8150.0000       8160.0000       8170.0000
       8180.0000       8190.0000       8200.0000       8210.0000       8220.0000
       8230.0000       8240.0000       8250.0000       8260.0000       8270.0000
       8280.0000       8290.0000       8300.0000       8310.0000       8320.0000
       8330.0000       8340.0000       8350.0000       8360.0000       8370.0000
       8380.0000       8390.0000       8400.0000       8410.0000       8420.0000
       8430.0000       8440.0000       8450.0000
** READ 232 LINES **
SUB_ORBIT       LONG      = Array[23]
t=       7090.0000
to=       6190.0000       6200.0000       6210.0000       6220.0000
       6230.0000       6240.0000       6250.0000       6260.0000       6270.0000
       6280.0000       6290.0000       6300.0000       6310.0000       6320.0000
       6330.0000       6340.0000       6350.0000       6360.0000       6370.0000
       6380.0000       6390.0000       6400.0000       6410.0000       6420.0000
       6430.0000       6440.0000       6450.0000       6460.0000       6470.0000
       6480.0000       6490.0000       6500.0000       6510.0000       6520.0000
       6530.0000       6540.0000       6550.0000       6560.0000       6570.0000
       6580.0000       6590.0000       6600.0000       6610.0000       6620.0000
       6630.0000       6640.0000       6650.0000       6660.0000       6670.0000
       6680.0000       6690.0000       6700.0000       6710.0000       6720.0000
       6730.0000       6740.0000       6750.0000       6760.0000       6770.0000
       6780.0000       6790.0000       6800.0000       6810.0000       6820.0000
       6830.0000       6840.0000       6850.0000       6860.0000       6870.0000
       6880.0000       6890.0000       6900.0000       6910.0000       6920.0000
       6930.0000       6940.0000       6950.0000       6960.0000       6970.0000
       6980.0000       6990.0000       7000.0000       7010.0000       7020.0000
       7030.0000       7040.0000       7050.0000       7060.0000       7070.0000
       7080.0000       7090.0000       7100.0000       7110.0000       7120.0000
       7130.0000       7140.0000       7150.0000       7160.0000       7170.0000
       7180.0000       7190.0000       7200.0000       7210.0000       7220.0000
       7230.0000       7240.0000       7250.0000       7260.0000       7270.0000
       7280.0000       7290.0000       7300.0000       7310.0000       7320.0000
       7330.0000       7340.0000       7350.0000       7360.0000       7370.0000
       7380.0000       7390.0000       7400.0000       7410.0000       7420.0000
       7430.0000       7440.0000       7450.0000       7460.0000       7470.0000
       7480.0000       7490.0000       7500.0000       7510.0000       7520.0000
       7530.0000       7540.0000       7550.0000       7560.0000       7570.0000
       7580.0000       7590.0000       7600.0000       7610.0000       7620.0000
       7630.0000       7640.0000       7650.0000       7660.0000       7670.0000
       7680.0000       7690.0000       7700.0000       7710.0000       7720.0000
       7730.0000       7740.0000       7750.0000       7760.0000       7770.0000
       7780.0000       7790.0000       7800.0000       7810.0000       7820.0000
       7830.0000       7840.0000       7850.0000       7860.0000       7870.0000
       7880.0000       7890.0000       7900.0000       7910.0000       7920.0000
       7930.0000       7940.0000       7950.0000       7960.0000       7970.0000
       7980.0000       7990.0000       8000.0000       8010.0000       8020.0000
       8030.0000       8040.0000       8050.0000       8060.0000       8070.0000
       8080.0000       8090.0000       8100.0000       8110.0000       8120.0000
       8130.0000       8140.0000       8150.0000       8160.0000       8170.0000
       8180.0000       8190.0000       8200.0000       8210.0000       8220.0000
       8230.0000       8240.0000       8250.0000       8260.0000       8270.0000
       8280.0000       8290.0000       8300.0000       8310.0000       8320.0000
       8330.0000       8340.0000       8350.0000       8360.0000       8370.0000
       8380.0000       8390.0000       8400.0000       8410.0000       8420.0000
       8430.0000       8440.0000       8450.0000       8460.0000       8470.0000
       8480.0000       8490.0000       8500.0000
** READ 232 LINES **
SUB_ORBIT       LONG      = Array[23]
t=       7430.0000
to=       6150.0000       6160.0000       6170.0000       6180.0000
       6190.0000       6200.0000       6210.0000       6220.0000       6230.0000
       6240.0000       6250.0000       6260.0000       6270.0000       6280.0000
       6290.0000       6300.0000       6310.0000       6320.0000       6330.0000
       6340.0000       6350.0000       6360.0000       6370.0000       6380.0000
       6390.0000       6400.0000       6410.0000       6420.0000       6430.0000
       6440.0000       6450.0000       6460.0000       6470.0000       6480.0000
       6490.0000       6500.0000       6510.0000       6520.0000       6530.0000
       6540.0000       6550.0000       6560.0000       6570.0000       6580.0000
       6590.0000       6600.0000       6610.0000       6620.0000       6630.0000
       6640.0000       6650.0000       6660.0000       6670.0000       6680.0000
       6690.0000       6700.0000       6710.0000       6720.0000       6730.0000
       6740.0000       6750.0000       6760.0000       6770.0000       6780.0000
       6790.0000       6800.0000       6810.0000       6820.0000       6830.0000
       6840.0000       6850.0000       6860.0000       6870.0000       6880.0000
       6890.0000       6900.0000       6910.0000       6920.0000       6930.0000
       6940.0000       6950.0000       6960.0000       6970.0000       6980.0000
       6990.0000       7000.0000       7010.0000       7020.0000       7030.0000
       7040.0000       7050.0000       7060.0000       7070.0000       7080.0000
       7090.0000       7100.0000       7110.0000       7120.0000       7130.0000
       7140.0000       7150.0000       7160.0000       7170.0000       7180.0000
       7190.0000       7200.0000       7210.0000       7220.0000       7230.0000
       7240.0000       7250.0000       7260.0000       7270.0000       7280.0000
       7290.0000       7300.0000       7310.0000       7320.0000       7330.0000
       7340.0000       7350.0000       7360.0000       7370.0000       7380.0000
       7390.0000       7400.0000       7410.0000       7420.0000       7430.0000
       7440.0000       7450.0000       7460.0000       7470.0000       7480.0000
       7490.0000       7500.0000       7510.0000       7520.0000       7530.0000
       7540.0000       7550.0000       7560.0000       7570.0000       7580.0000
       7590.0000       7600.0000       7610.0000       7620.0000       7630.0000
       7640.0000       7650.0000       7660.0000       7670.0000       7680.0000
       7690.0000       7700.0000       7710.0000       7720.0000       7730.0000
       7740.0000       7750.0000       7760.0000       7770.0000       7780.0000
       7790.0000       7800.0000       7810.0000       7820.0000       7830.0000
       7840.0000       7850.0000       7860.0000       7870.0000       7880.0000
       7890.0000       7900.0000       7910.0000       7920.0000       7930.0000
       7940.0000       7950.0000       7960.0000       7970.0000       7980.0000
       7990.0000       8000.0000       8010.0000       8020.0000       8030.0000
       8040.0000       8050.0000       8060.0000       8070.0000       8080.0000
       8090.0000       8100.0000       8110.0000       8120.0000       8130.0000
       8140.0000       8150.0000       8160.0000       8170.0000       8180.0000
       8190.0000       8200.0000       8210.0000       8220.0000       8230.0000
       8240.0000       8250.0000       8260.0000       8270.0000       8280.0000
       8290.0000       8300.0000       8310.0000       8320.0000       8330.0000
       8340.0000       8350.0000       8360.0000       8370.0000       8380.0000
       8390.0000       8400.0000       8410.0000       8420.0000       8430.0000
       8440.0000       8450.0000       8460.0000
** READ 232 LINES **
SUB_ORBIT       LONG      = Array[23]
t=       7770.0000
to=       6140.0000       6150.0000       6160.0000       6170.0000
       6180.0000       6190.0000       6200.0000       6210.0000       6220.0000
       6230.0000       6240.0000       6250.0000       6260.0000       6270.0000
       6280.0000       6290.0000       6300.0000       6310.0000       6320.0000
       6330.0000       6340.0000       6350.0000       6360.0000       6370.0000
       6380.0000       6390.0000       6400.0000       6410.0000       6420.0000
       6430.0000       6440.0000       6450.0000       6460.0000       6470.0000
       6480.0000       6490.0000       6500.0000       6510.0000       6520.0000
       6530.0000       6540.0000       6550.0000       6560.0000       6570.0000
       6580.0000       6590.0000       6600.0000       6610.0000       6620.0000
       6630.0000       6640.0000       6650.0000       6660.0000       6670.0000
       6680.0000       6690.0000       6700.0000       6710.0000       6720.0000
       6730.0000       6740.0000       6750.0000       6760.0000       6770.0000
       6780.0000       6790.0000       6800.0000       6810.0000       6820.0000
       6830.0000       6840.0000       6850.0000       6860.0000       6870.0000
       6880.0000       6890.0000       6900.0000       6910.0000       6920.0000
       6930.0000       6940.0000       6950.0000       6960.0000       6970.0000
       6980.0000       6990.0000       7000.0000       7010.0000       7020.0000
       7030.0000       7040.0000       7050.0000       7060.0000       7070.0000
       7080.0000       7090.0000       7100.0000       7110.0000       7120.0000
       7130.0000       7140.0000       7150.0000       7160.0000       7170.0000
       7180.0000       7190.0000       7200.0000       7210.0000       7220.0000
       7230.0000       7240.0000       7250.0000       7260.0000       7270.0000
       7280.0000       7290.0000       7300.0000       7310.0000       7320.0000
       7330.0000       7340.0000       7350.0000       7360.0000       7370.0000
       7380.0000       7390.0000       7400.0000       7410.0000       7420.0000
       7430.0000       7440.0000       7450.0000       7460.0000       7470.0000
       7480.0000       7490.0000       7500.0000       7510.0000       7520.0000
       7530.0000       7540.0000       7550.0000       7560.0000       7570.0000
       7580.0000       7590.0000       7600.0000       7610.0000       7620.0000
       7630.0000       7640.0000       7650.0000       7660.0000       7670.0000
       7680.0000       7690.0000       7700.0000       7710.0000       7720.0000
       7730.0000       7740.0000       7750.0000       7760.0000       7770.0000
       7780.0000       7790.0000       7800.0000       7810.0000       7820.0000
       7830.0000       7840.0000       7850.0000       7860.0000       7870.0000
       7880.0000       7890.0000       7900.0000       7910.0000       7920.0000
       7930.0000       7940.0000       7950.0000       7960.0000       7970.0000
       7980.0000       7990.0000       8000.0000       8010.0000       8020.0000
       8030.0000       8040.0000       8050.0000       8060.0000       8070.0000
       8080.0000       8090.0000       8100.0000       8110.0000       8120.0000
       8130.0000       8140.0000       8150.0000       8160.0000       8170.0000
       8180.0000       8190.0000       8200.0000       8210.0000       8220.0000
       8230.0000       8240.0000       8250.0000       8260.0000       8270.0000
       8280.0000       8290.0000       8300.0000       8310.0000       8320.0000
       8330.0000       8340.0000       8350.0000       8360.0000       8370.0000
       8380.0000       8390.0000       8400.0000       8410.0000       8420.0000
       8430.0000       8440.0000       8450.0000
** READ 232 LINES **
SUB_ORBIT       LONG      = Array[23]
t=       8100.0000
to=       6150.0000       6160.0000       6170.0000       6180.0000
       6190.0000       6200.0000       6210.0000       6220.0000       6230.0000
       6240.0000       6250.0000       6260.0000       6270.0000       6280.0000
       6290.0000       6300.0000       6310.0000       6320.0000       6330.0000
       6340.0000       6350.0000       6360.0000       6370.0000       6380.0000
       6390.0000       6400.0000       6410.0000       6420.0000       6430.0000
       6440.0000       6450.0000       6460.0000       6470.0000       6480.0000
       6490.0000       6500.0000       6510.0000       6520.0000       6530.0000
       6540.0000       6550.0000       6560.0000       6570.0000       6580.0000
       6590.0000       6600.0000       6610.0000       6620.0000       6630.0000
       6640.0000       6650.0000       6660.0000       6670.0000       6680.0000
       6690.0000       6700.0000       6710.0000       6720.0000       6730.0000
       6740.0000       6750.0000       6760.0000       6770.0000       6780.0000
       6790.0000       6800.0000       6810.0000       6820.0000       6830.0000
       6840.0000       6850.0000       6860.0000       6870.0000       6880.0000
       6890.0000       6900.0000       6910.0000       6920.0000       6930.0000
       6940.0000       6950.0000       6960.0000       6970.0000       6980.0000
       6990.0000       7000.0000       7010.0000       7020.0000       7030.0000
       7040.0000       7050.0000       7060.0000       7070.0000       7080.0000
       7090.0000       7100.0000       7110.0000       7120.0000       7130.0000
       7140.0000       7150.0000       7160.0000       7170.0000       7180.0000
       7190.0000       7200.0000       7210.0000       7220.0000       7230.0000
       7240.0000       7250.0000       7260.0000       7270.0000       7280.0000
       7290.0000       7300.0000       7310.0000       7320.0000       7330.0000
       7340.0000       7350.0000       7360.0000       7370.0000       7380.0000
       7390.0000       7400.0000       7410.0000       7420.0000       7430.0000
       7440.0000       7450.0000       7460.0000       7470.0000       7480.0000
       7490.0000       7500.0000       7510.0000       7520.0000       7530.0000
       7540.0000       7550.0000       7560.0000       7570.0000       7580.0000
       7590.0000       7600.0000       7610.0000       7620.0000       7630.0000
       7640.0000       7650.0000       7660.0000       7670.0000       7680.0000
       7690.0000       7700.0000       7710.0000       7720.0000       7730.0000
       7740.0000       7750.0000       7760.0000       7770.0000       7780.0000
       7790.0000       7800.0000       7810.0000       7820.0000       7830.0000
       7840.0000       7850.0000       7860.0000       7870.0000       7880.0000
       7890.0000       7900.0000       7910.0000       7920.0000       7930.0000
       7940.0000       7950.0000       7960.0000       7970.0000       7980.0000
       7990.0000       8000.0000       8010.0000       8020.0000       8030.0000
       8040.0000       8050.0000       8060.0000       8070.0000       8080.0000
       8090.0000       8100.0000       8110.0000       8120.0000       8130.0000
       8140.0000       8150.0000       8160.0000       8170.0000       8180.0000
       8190.0000       8200.0000       8210.0000       8220.0000       8230.0000
       8240.0000       8250.0000       8260.0000       8270.0000       8280.0000
       8290.0000       8300.0000       8310.0000       8320.0000       8330.0000
       8340.0000       8350.0000       8360.0000       8370.0000       8380.0000
       8390.0000       8400.0000       8410.0000       8420.0000       8430.0000
       8440.0000       8450.0000       8460.0000
** READ 232 LINES **
SUB_ORBIT       LONG      = Array[23]
t=       8440.0000
to=       6520.0000       6530.0000       6540.0000       6550.0000
       6560.0000       6570.0000       6580.0000       6590.0000       6600.0000
       6610.0000       6620.0000       6630.0000       6640.0000       6650.0000
       6660.0000       6670.0000       6680.0000       6690.0000       6700.0000
       6710.0000       6720.0000       6730.0000       6740.0000       6750.0000
       6760.0000       6770.0000       6780.0000       6790.0000       6800.0000
       6810.0000       6820.0000       6830.0000       6840.0000       6850.0000
       6860.0000       6870.0000       6880.0000       6890.0000       6900.0000
       6910.0000       6920.0000       6930.0000       6940.0000       6950.0000
       6960.0000       6970.0000       6980.0000       6990.0000       7000.0000
       7010.0000       7020.0000       7030.0000       7040.0000       7050.0000
       7060.0000       7070.0000       7080.0000       7090.0000       7100.0000
       7110.0000       7120.0000       7130.0000       7140.0000       7150.0000
       7160.0000       7170.0000       7180.0000       7190.0000       7200.0000
       7210.0000       7220.0000       7230.0000       7240.0000       7250.0000
       7260.0000       7270.0000       7280.0000       7290.0000       7300.0000
       7310.0000       7320.0000       7330.0000       7340.0000       7350.0000
       7360.0000       7370.0000       7380.0000       7390.0000       7400.0000
       7410.0000       7420.0000       7430.0000       7440.0000       7450.0000
       7460.0000       7470.0000       7480.0000       7490.0000       7500.0000
       7510.0000       7520.0000       7530.0000       7540.0000       7550.0000
       7560.0000       7570.0000       7580.0000       7590.0000       7600.0000
       7610.0000       7620.0000       7630.0000       7640.0000       7650.0000
       7660.0000       7670.0000       7680.0000       7690.0000       7700.0000
       7710.0000       7720.0000       7730.0000       7740.0000       7750.0000
       7760.0000       7770.0000       7780.0000       7790.0000       7800.0000
       7810.0000       7820.0000       7830.0000       7840.0000       7850.0000
       7860.0000       7870.0000       7880.0000       7890.0000       7900.0000
       7910.0000       7920.0000       7930.0000       7940.0000       7950.0000
       7960.0000       7970.0000       7980.0000       7990.0000       8000.0000
       8010.0000       8020.0000       8030.0000       8040.0000       8050.0000
       8060.0000       8070.0000       8080.0000       8090.0000       8100.0000
       8110.0000       8120.0000       8130.0000       8140.0000       8150.0000
       8160.0000       8170.0000       8180.0000       8190.0000       8200.0000
       8210.0000       8220.0000       8230.0000       8240.0000       8250.0000
       8260.0000       8270.0000       8280.0000       8290.0000       8300.0000
       8310.0000       8320.0000       8330.0000       8340.0000       8350.0000
       8360.0000       8370.0000       8380.0000       8390.0000       8400.0000
       8410.0000       8420.0000       8430.0000       8440.0000       8450.0000
       8460.0000       8470.0000       8480.0000       8490.0000       8500.0000
       8510.0000       8520.0000       8530.0000       8540.0000       8550.0000
       8560.0000       8570.0000       8580.0000       8590.0000       8600.0000
       8610.0000       8620.0000       8630.0000       8640.0000       8650.0000
       8660.0000       8670.0000       8680.0000       8690.0000       8700.0000
       8710.0000       8720.0000       8730.0000       8740.0000       8750.0000
       8760.0000       8770.0000       8780.0000       8790.0000       8800.0000
       8810.0000       8820.0000       8830.0000
** READ 290 LINES **
SUB_ORBIT       LONG      = Array[23]
t=       8770.0000
to=       6150.0000       6160.0000       6170.0000       6180.0000
       6190.0000       6200.0000       6210.0000       6220.0000       6230.0000
       6240.0000       6250.0000       6260.0000       6270.0000       6280.0000
       6290.0000       6300.0000       6310.0000       6320.0000       6330.0000
       6340.0000       6350.0000       6360.0000       6370.0000       6380.0000
       6390.0000       6400.0000       6410.0000       6420.0000       6430.0000
       6440.0000       6450.0000       6460.0000       6470.0000       6480.0000
       6490.0000       6500.0000       6510.0000       6520.0000       6530.0000
       6540.0000       6550.0000       6560.0000       6570.0000       6580.0000
       6590.0000       6600.0000       6610.0000       6620.0000       6630.0000
       6640.0000       6650.0000       6660.0000       6670.0000       6680.0000
       6690.0000       6700.0000       6710.0000       6720.0000       6730.0000
       6740.0000       6750.0000       6760.0000       6770.0000       6780.0000
       6790.0000       6800.0000       6810.0000       6820.0000       6830.0000
       6840.0000       6850.0000       6860.0000       6870.0000       6880.0000
       6890.0000       6900.0000       6910.0000       6920.0000       6930.0000
       6940.0000       6950.0000       6960.0000       6970.0000       6980.0000
       6990.0000       7000.0000       7010.0000       7020.0000       7030.0000
       7040.0000       7050.0000       7060.0000       7070.0000       7080.0000
       7090.0000       7100.0000       7110.0000       7120.0000       7130.0000
       7140.0000       7150.0000       7160.0000       7170.0000       7180.0000
       7190.0000       7200.0000       7210.0000       7220.0000       7230.0000
       7240.0000       7250.0000       7260.0000       7270.0000       7280.0000
       7290.0000       7300.0000       7310.0000       7320.0000       7330.0000
       7340.0000       7350.0000       7360.0000       7370.0000       7380.0000
       7390.0000       7400.0000       7410.0000       7420.0000       7430.0000
       7440.0000       7450.0000       7460.0000       7470.0000       7480.0000
       7490.0000       7500.0000       7510.0000       7520.0000       7530.0000
       7540.0000       7550.0000       7560.0000       7570.0000       7580.0000
       7590.0000       7600.0000       7610.0000       7620.0000       7630.0000
       7640.0000       7650.0000       7660.0000       7670.0000       7680.0000
       7690.0000       7700.0000       7710.0000       7720.0000       7730.0000
       7740.0000       7750.0000       7760.0000       7770.0000       7780.0000
       7790.0000       7800.0000       7810.0000       7820.0000       7830.0000
       7840.0000       7850.0000       7860.0000       7870.0000       7880.0000
       7890.0000       7900.0000       7910.0000       7920.0000       7930.0000
       7940.0000       7950.0000       7960.0000       7970.0000       7980.0000
       7990.0000       8000.0000       8010.0000       8020.0000       8030.0000
       8040.0000       8050.0000       8060.0000       8070.0000       8080.0000
       8090.0000       8100.0000       8110.0000       8120.0000       8130.0000
       8140.0000       8150.0000       8160.0000       8170.0000       8180.0000
       8190.0000       8200.0000       8210.0000       8220.0000       8230.0000
       8240.0000       8250.0000       8260.0000       8270.0000       8280.0000
       8290.0000       8300.0000       8310.0000       8320.0000       8330.0000
       8340.0000       8350.0000       8360.0000       8370.0000       8380.0000
       8390.0000       8400.0000       8410.0000       8420.0000       8430.0000
       8440.0000       8450.0000       8460.0000       8470.0000       8480.0000
       8490.0000       8500.0000       8510.0000       8520.0000       8530.0000
       8540.0000       8550.0000       8560.0000       8570.0000       8580.0000
       8590.0000       8600.0000       8610.0000       8620.0000       8630.0000
       8640.0000       8650.0000       8660.0000       8670.0000       8680.0000
       8690.0000       8700.0000       8710.0000       8720.0000       8730.0000
       8740.0000       8750.0000       8760.0000       8770.0000       8780.0000
       8790.0000       8800.0000       8810.0000       8820.0000       8830.0000
       8840.0000       8850.0000       8860.0000       8870.0000       8880.0000
       8890.0000       8900.0000       8910.0000       8920.0000       8930.0000
       8940.0000       8950.0000       8960.0000       8970.0000       8980.0000
       8990.0000       9000.0000       9010.0000       9020.0000       9030.0000
       9040.0000
** READ 290 LINES **
SUB_ORBIT       LONG      = Array[4]
t=       9110.0000
to=       6140.0000       6150.0000       6160.0000       6170.0000
       6180.0000       6190.0000       6200.0000       6210.0000       6220.0000
       6230.0000       6240.0000       6250.0000       6260.0000       6270.0000
       6280.0000       6290.0000       6300.0000       6310.0000       6320.0000
       6330.0000       6340.0000       6350.0000       6360.0000       6370.0000
       6380.0000       6390.0000       6400.0000       6410.0000       6420.0000
       6430.0000       6440.0000       6450.0000       6460.0000       6470.0000
       6480.0000       6490.0000       6500.0000       6510.0000       6520.0000
       6530.0000       6540.0000       6550.0000       6560.0000       6570.0000
       6580.0000       6590.0000       6600.0000       6610.0000       6620.0000
       6630.0000       6640.0000       6650.0000       6660.0000       6670.0000
       6680.0000       6690.0000       6700.0000       6710.0000       6720.0000
       6730.0000       6740.0000       6750.0000       6760.0000       6770.0000
       6780.0000       6790.0000       6800.0000       6810.0000       6820.0000
       6830.0000       6840.0000       6850.0000       6860.0000       6870.0000
       6880.0000       6890.0000       6900.0000       6910.0000       6920.0000
       6930.0000       6940.0000       6950.0000       6960.0000       6970.0000
       6980.0000       6990.0000       7000.0000       7010.0000       7020.0000
       7030.0000       7040.0000       7050.0000       7060.0000       7070.0000
       7080.0000       7090.0000       7100.0000       7110.0000       7120.0000
       7130.0000       7140.0000       7150.0000       7160.0000       7170.0000
       7180.0000       7190.0000       7200.0000       7210.0000       7220.0000
       7230.0000       7240.0000       7250.0000       7260.0000       7270.0000
       7280.0000       7290.0000       7300.0000       7310.0000       7320.0000
       7330.0000       7340.0000       7350.0000       7360.0000       7370.0000
       7380.0000       7390.0000       7400.0000       7410.0000       7420.0000
       7430.0000       7440.0000       7450.0000       7460.0000       7470.0000
       7480.0000       7490.0000       7500.0000       7510.0000       7520.0000
       7530.0000       7540.0000       7550.0000       7560.0000       7570.0000
       7580.0000       7590.0000       7600.0000       7610.0000       7620.0000
       7630.0000       7640.0000       7650.0000       7660.0000       7670.0000
       7680.0000       7690.0000       7700.0000       7710.0000       7720.0000
       7730.0000       7740.0000       7750.0000       7760.0000       7770.0000
       7780.0000       7790.0000       7800.0000       7810.0000       7820.0000
       7830.0000       7840.0000       7850.0000       7860.0000       7870.0000
       7880.0000       7890.0000       7900.0000       7910.0000       7920.0000
       7930.0000       7940.0000       7950.0000       7960.0000       7970.0000
       7980.0000       7990.0000       8000.0000       8010.0000       8020.0000
       8030.0000       8040.0000       8050.0000       8060.0000       8070.0000
       8080.0000       8090.0000       8100.0000       8110.0000       8120.0000
       8130.0000       8140.0000       8150.0000       8160.0000       8170.0000
       8180.0000       8190.0000       8200.0000       8210.0000       8220.0000
       8230.0000       8240.0000       8250.0000       8260.0000       8270.0000
       8280.0000       8290.0000       8300.0000       8310.0000       8320.0000
       8330.0000       8340.0000       8350.0000       8360.0000       8370.0000
       8380.0000       8390.0000       8400.0000       8410.0000       8420.0000
       8430.0000       8440.0000       8450.0000       8460.0000       8470.0000
       8480.0000       8490.0000       8500.0000       8510.0000       8520.0000
       8530.0000       8540.0000       8550.0000       8560.0000       8570.0000
       8580.0000       8590.0000       8600.0000       8610.0000       8620.0000
       8630.0000       8640.0000       8650.0000       8660.0000       8670.0000
       8680.0000       8690.0000       8700.0000       8710.0000       8720.0000
       8730.0000       8740.0000       8750.0000       8760.0000       8770.0000
       8780.0000       8790.0000       8800.0000       8810.0000       8820.0000
       8830.0000       8840.0000       8850.0000       8860.0000       8870.0000
       8880.0000       8890.0000       8900.0000       8910.0000       8920.0000
       8930.0000       8940.0000       8950.0000       8960.0000       8970.0000
       8980.0000       8990.0000       9000.0000       9010.0000       9020.0000
       9030.0000
** READ 232 LINES **
SUB_ORBIT       LONG      = Array[23]
t=       9450.0000
to=       9130.0000       9140.0000       9150.0000       9160.0000
       9170.0000       9180.0000       9190.0000       9200.0000       9210.0000
       9220.0000       9230.0000       9240.0000       9250.0000       9260.0000
       9270.0000       9280.0000       9290.0000       9300.0000       9310.0000
       9320.0000       9330.0000       9340.0000       9350.0000       9360.0000
       9370.0000       9380.0000       9390.0000       9400.0000       9410.0000
       9420.0000       9430.0000       9440.0000       9450.0000       9460.0000
       9470.0000       9480.0000       9490.0000       9500.0000       9510.0000
       9520.0000       9530.0000       9540.0000       9550.0000       9560.0000
       9570.0000       9580.0000       9590.0000       9600.0000       9610.0000
       9620.0000       9630.0000       9640.0000       9650.0000       9660.0000
       9670.0000       9680.0000       9690.0000       9700.0000       9710.0000
       9720.0000       9730.0000       9740.0000       9750.0000       9760.0000
       9770.0000       9780.0000       9790.0000       9800.0000       9810.0000
       9820.0000       9830.0000       9840.0000       9850.0000       9860.0000
       9870.0000       9880.0000       9890.0000       9900.0000       9910.0000
       9920.0000       9930.0000       9940.0000       9950.0000       9960.0000
       9970.0000       9980.0000       9990.0000       10000.000       10010.000
       10020.000       10030.000       10040.000       10050.000       10060.000
       10070.000       10080.000       10090.000       10100.000       10110.000
       10120.000       10130.000       10140.000       10150.000       10160.000
       10170.000       10180.000       10190.000       10200.000       10210.000
       10220.000       10230.000       10240.000       10250.000       10260.000
       10270.000       10280.000       10290.000       10300.000       10310.000
       10320.000       10330.000       10340.000       10350.000       10360.000
       10370.000       10380.000       10390.000       10400.000       10410.000
       10420.000       10430.000       10440.000       10450.000       10460.000
       10470.000       10480.000       10490.000       10500.000       10510.000
       10520.000       10530.000       10540.000       10550.000       10560.000
       10570.000       10580.000       10590.000       10600.000       10610.000
       10620.000       10630.000       10640.000       10650.000       10660.000
       10670.000       10680.000       10690.000       10700.000       10710.000
       10720.000       10730.000       10740.000       10750.000       10760.000
       10770.000       10780.000       10790.000       10800.000       10810.000
       10820.000       10830.000       10840.000       10850.000       10860.000
       10870.000       10880.000       10890.000       10900.000       10910.000
       10920.000       10930.000       10940.000       10950.000       10960.000
       10970.000       10980.000       10990.000       11000.000       11010.000
       11020.000       11030.000       11040.000       11050.000       11060.000
       11070.000       11080.000       11090.000       11100.000       11110.000
       11120.000       11130.000       11140.000       11150.000       11160.000
       11170.000       11180.000       11190.000       11200.000       11210.000
       11220.000       11230.000       11240.000       11250.000       11260.000
       11270.000       11280.000       11290.000       11300.000       11310.000
       11320.000       11330.000       11340.000       11350.000       11360.000
       11370.000       11380.000       11390.000       11400.000       11410.000
       11420.000       11430.000       11440.000
** READ 232 LINES **
SUB_ORBIT       LONG      = Array[23]
t=       9780.0000
to=       9160.0000       9170.0000       9180.0000       9190.0000
       9200.0000       9210.0000       9220.0000       9230.0000       9240.0000
       9250.0000       9260.0000       9270.0000       9280.0000       9290.0000
       9300.0000       9310.0000       9320.0000       9330.0000       9340.0000
       9350.0000       9360.0000       9370.0000       9380.0000       9390.0000
       9400.0000       9410.0000       9420.0000       9430.0000       9440.0000
       9450.0000       9460.0000       9470.0000       9480.0000       9490.0000
       9500.0000       9510.0000       9520.0000       9530.0000       9540.0000
       9550.0000       9560.0000       9570.0000       9580.0000       9590.0000
       9600.0000       9610.0000       9620.0000       9630.0000       9640.0000
       9650.0000       9660.0000       9670.0000       9680.0000       9690.0000
       9700.0000       9710.0000       9720.0000       9730.0000       9740.0000
       9750.0000       9760.0000       9770.0000       9780.0000       9790.0000
       9800.0000       9810.0000       9820.0000       9830.0000       9840.0000
       9850.0000       9860.0000       9870.0000       9880.0000       9890.0000
       9900.0000       9910.0000       9920.0000       9930.0000       9940.0000
       9950.0000       9960.0000       9970.0000       9980.0000       9990.0000
       10000.000       10010.000       10020.000       10030.000       10040.000
       10050.000       10060.000       10070.000       10080.000       10090.000
       10100.000       10110.000       10120.000       10130.000       10140.000
       10150.000       10160.000       10170.000       10180.000       10190.000
       10200.000       10210.000       10220.000       10230.000       10240.000
       10250.000       10260.000       10270.000       10280.000       10290.000
       10300.000       10310.000       10320.000       10330.000       10340.000
       10350.000       10360.000       10370.000       10380.000       10390.000
       10400.000       10410.000       10420.000       10430.000       10440.000
       10450.000       10460.000       10470.000       10480.000       10490.000
       10500.000       10510.000       10520.000       10530.000       10540.000
       10550.000       10560.000       10570.000       10580.000       10590.000
       10600.000       10610.000       10620.000       10630.000       10640.000
       10650.000       10660.000       10670.000       10680.000       10690.000
       10700.000       10710.000       10720.000       10730.000       10740.000
       10750.000       10760.000       10770.000       10780.000       10790.000
       10800.000       10810.000       10820.000       10830.000       10840.000
       10850.000       10860.000       10870.000       10880.000       10890.000
       10900.000       10910.000       10920.000       10930.000       10940.000
       10950.000       10960.000       10970.000       10980.000       10990.000
       11000.000       11010.000       11020.000       11030.000       11040.000
       11050.000       11060.000       11070.000       11080.000       11090.000
       11100.000       11110.000       11120.000       11130.000       11140.000
       11150.000       11160.000       11170.000       11180.000       11190.000
       11200.000       11210.000       11220.000       11230.000       11240.000
       11250.000       11260.000       11270.000       11280.000       11290.000
       11300.000       11310.000       11320.000       11330.000       11340.000
       11350.000       11360.000       11370.000       11380.000       11390.000
       11400.000       11410.000       11420.000       11430.000       11440.000
       11450.000       11460.000       11470.000
** READ 232 LINES **
SUB_ORBIT       LONG      = Array[23]
t=       10120.000
to=       9090.0000       9100.0000       9110.0000       9120.0000
       9130.0000       9140.0000       9150.0000       9160.0000       9170.0000
       9180.0000       9190.0000       9200.0000       9210.0000       9220.0000
       9230.0000       9240.0000       9250.0000       9260.0000       9270.0000
       9280.0000       9290.0000       9300.0000       9310.0000       9320.0000
       9330.0000       9340.0000       9350.0000       9360.0000       9370.0000
       9380.0000       9390.0000       9400.0000       9410.0000       9420.0000
       9430.0000       9440.0000       9450.0000       9460.0000       9470.0000
       9480.0000       9490.0000       9500.0000       9510.0000       9520.0000
       9530.0000       9540.0000       9550.0000       9560.0000       9570.0000
       9580.0000       9590.0000       9600.0000       9610.0000       9620.0000
       9630.0000       9640.0000       9650.0000       9660.0000       9670.0000
       9680.0000       9690.0000       9700.0000       9710.0000       9720.0000
       9730.0000       9740.0000       9750.0000       9760.0000       9770.0000
       9780.0000       9790.0000       9800.0000       9810.0000       9820.0000
       9830.0000       9840.0000       9850.0000       9860.0000       9870.0000
       9880.0000       9890.0000       9900.0000       9910.0000       9920.0000
       9930.0000       9940.0000       9950.0000       9960.0000       9970.0000
       9980.0000       9990.0000       10000.000       10010.000       10020.000
       10030.000       10040.000       10050.000       10060.000       10070.000
       10080.000       10090.000       10100.000       10110.000       10120.000
       10130.000       10140.000       10150.000       10160.000       10170.000
       10180.000       10190.000       10200.000       10210.000       10220.000
       10230.000       10240.000       10250.000       10260.000       10270.000
       10280.000       10290.000       10300.000       10310.000       10320.000
       10330.000       10340.000       10350.000       10360.000       10370.000
       10380.000       10390.000       10400.000       10410.000       10420.000
       10430.000       10440.000       10450.000       10460.000       10470.000
       10480.000       10490.000       10500.000       10510.000       10520.000
       10530.000       10540.000       10550.000       10560.000       10570.000
       10580.000       10590.000       10600.000       10610.000       10620.000
       10630.000       10640.000       10650.000       10660.000       10670.000
       10680.000       10690.000       10700.000       10710.000       10720.000
       10730.000       10740.000       10750.000       10760.000       10770.000
       10780.000       10790.000       10800.000       10810.000       10820.000
       10830.000       10840.000       10850.000       10860.000       10870.000
       10880.000       10890.000       10900.000       10910.000       10920.000
       10930.000       10940.000       10950.000       10960.000       10970.000
       10980.000       10990.000       11000.000       11010.000       11020.000
       11030.000       11040.000       11050.000       11060.000       11070.000
       11080.000       11090.000       11100.000       11110.000       11120.000
       11130.000       11140.000       11150.000       11160.000       11170.000
       11180.000       11190.000       11200.000       11210.000       11220.000
       11230.000       11240.000       11250.000       11260.000       11270.000
       11280.000       11290.000       11300.000       11310.000       11320.000
       11330.000       11340.000       11350.000       11360.000       11370.000
       11380.000       11390.000       11400.000
** READ 232 LINES **
SUB_ORBIT       LONG      = Array[23]
t=       10450.000
to=       9160.0000       9170.0000       9180.0000       9190.0000
       9200.0000       9210.0000       9220.0000       9230.0000       9240.0000
       9250.0000       9260.0000       9270.0000       9280.0000       9290.0000
       9300.0000       9310.0000       9320.0000       9330.0000       9340.0000
       9350.0000       9360.0000       9370.0000       9380.0000       9390.0000
       9400.0000       9410.0000       9420.0000       9430.0000       9440.0000
       9450.0000       9460.0000       9470.0000       9480.0000       9490.0000
       9500.0000       9510.0000       9520.0000       9530.0000       9540.0000
       9550.0000       9560.0000       9570.0000       9580.0000       9590.0000
       9600.0000       9610.0000       9620.0000       9630.0000       9640.0000
       9650.0000       9660.0000       9670.0000       9680.0000       9690.0000
       9700.0000       9710.0000       9720.0000       9730.0000       9740.0000
       9750.0000       9760.0000       9770.0000       9780.0000       9790.0000
       9800.0000       9810.0000       9820.0000       9830.0000       9840.0000
       9850.0000       9860.0000       9870.0000       9880.0000       9890.0000
       9900.0000       9910.0000       9920.0000       9930.0000       9940.0000
       9950.0000       9960.0000       9970.0000       9980.0000       9990.0000
       10000.000       10010.000       10020.000       10030.000       10040.000
       10050.000       10060.000       10070.000       10080.000       10090.000
       10100.000       10110.000       10120.000       10130.000       10140.000
       10150.000       10160.000       10170.000       10180.000       10190.000
       10200.000       10210.000       10220.000       10230.000       10240.000
       10250.000       10260.000       10270.000       10280.000       10290.000
       10300.000       10310.000       10320.000       10330.000       10340.000
       10350.000       10360.000       10370.000       10380.000       10390.000
       10400.000       10410.000       10420.000       10430.000       10440.000
       10450.000       10460.000       10470.000       10480.000       10490.000
       10500.000       10510.000       10520.000       10530.000       10540.000
       10550.000       10560.000       10570.000       10580.000       10590.000
       10600.000       10610.000       10620.000       10630.000       10640.000
       10650.000       10660.000       10670.000       10680.000       10690.000
       10700.000       10710.000       10720.000       10730.000       10740.000
       10750.000       10760.000       10770.000       10780.000       10790.000
       10800.000       10810.000       10820.000       10830.000       10840.000
       10850.000       10860.000       10870.000       10880.000       10890.000
       10900.000       10910.000       10920.000       10930.000       10940.000
       10950.000       10960.000       10970.000       10980.000       10990.000
       11000.000       11010.000       11020.000       11030.000       11040.000
       11050.000       11060.000       11070.000       11080.000       11090.000
       11100.000       11110.000       11120.000       11130.000       11140.000
       11150.000       11160.000       11170.000       11180.000       11190.000
       11200.000       11210.000       11220.000       11230.000       11240.000
       11250.000       11260.000       11270.000       11280.000       11290.000
       11300.000       11310.000       11320.000       11330.000       11340.000
       11350.000       11360.000       11370.000       11380.000       11390.000
       11400.000       11410.000       11420.000       11430.000       11440.000
       11450.000       11460.000       11470.000
